user count in community:1058
Topic id:6,Representation:0.49671299915539563
userid,score
2096194874,46.66718016271331
2501775247,45.25689126846064
2503914134,39.85073265964385
2091276410,39.669394415038845
2503665290,38.93475141124945
2092899224,37.83352936172133
1432931987,37.659738567499325
1933585151,37.53449972659842
2095468007,37.24688824329639
1433175237,37.216926486796915
1427813545,37.12137007687321
2502659424,37.051212461389404
1932552267,36.669895714441495
2092882723,36.5561237965323
2503329332,36.52811562235602
1433370203,35.99866683755105
1433618733,35.86190378156514
1433143691,35.740488090499255
1930941787,35.47941397256736
2092967152,35.45044349993529
2503683470,35.44787847021437
1930980985,35.33513138229539
1433048100,34.896420695224315
1427864280,34.70751557225657
2499556945,34.668563638744224
1880519770,34.16085119162594
1434162690,34.07601074611915
2091268085,34.00596262554204
2092902070,34.00018950882927
1427898074,33.9466312537963
1433138157,33.92860271922095
1878574743,33.84352906033621
2501687305,33.765551966844406
1434632771,33.748269336377525
2501070782,33.736760071705596
2501131224,33.69895509802687
1930215957,33.462535431956944
1439348691,33.41308856477375
1433443917,33.24569633399265
1879808064,33.19927087134168
1434595832,33.17810025066041
1434533624,33.16404884928814
1432871933,33.11870342905404
1934322223,33.07182919693531
1433656880,32.80150310017545
2092803963,32.67746751303679
1434022202,32.57509420443926
1434057295,32.56964533303224
1433964490,32.278235915887
1433753262,32.268692711875325
2502903684,32.22635902276036
1880503444,32.19920763504774
1427877127,31.942954532071074
2503294012,31.900194749898326
1434415820,31.882566815002303
2092918757,31.664390215534272
1930233195,31.58809009504764
1930959090,31.587611947281925
2502355817,31.58511270638658
1427717997,31.442303687517743
2499468711,31.283189428869694
1932451285,31.20632405940844
1931632767,31.127568837809218
2499376610,31.095226079273846
1433861701,31.093418703526563
1432644924,30.9925074554147
1439573153,30.991276406111613
1880456277,30.97367517019099
1427798572,30.93478958245857
1880470240,30.87278000442085
1427677814,30.82017425469905
1434482170,30.794331426358024
1434580724,30.789055874229636
1433682370,30.687693558178594
1439364990,30.669050198195748
1434640582,30.65598031128552
1930249892,30.597103981311513
1933495237,30.542082988003692
1932442933,30.49781481968267
2501975964,30.462769320315903
1879172860,30.412486709059227
1433654304,30.316690680827634
1434755350,30.283049231760714
1433467250,30.215195092272708
1439371750,30.212342218751946
1930157255,30.189904365572616
1929308073,30.184267677591794
1879796272,30.167263829533457
1933532717,30.009190087896574
1880466244,29.999678341829707
1934317955,29.942062574222916
1934299441,29.873016145440367
1880501655,29.860950838450155
1427872764,29.854916187384614
1930186434,29.79118886594853
2092881521,29.78097466004969
1879884353,29.729710027179493
2500708681,29.598888558487516
1434640054,29.548423651490477
1433313435,29.518606769458398
1879891340,29.473824015253353
1931621485,29.420292713001764
2093974727,29.308121629827987
1439645633,29.266433099769944
1879913164,29.234782347771905
1930192842,29.19268140908775
2500972744,29.16700484328191
2091964065,29.14402949064209
1879239245,29.06104103603885
1432665233,29.044673686598276
2095359503,28.983732881204674
1879820780,28.9784000147346
1434511983,28.884485465458386
1931693431,28.86271380341956
1931606862,28.799240054049616
1879153000,28.741920371944868
1879877174,28.62648908001858
1433128597,28.579848523946875
1434153472,28.54053503657845
1439590941,28.53205529783506
1433588610,28.479147071326146
2095352907,28.433004284436045
1879879952,28.371369692229568
1931629244,28.34750002684248
1439520770,28.334672350171775
1434335341,28.323339600038516
1879221291,28.273655798872
1880450404,28.22955606805239
1930940591,28.173029331476684
2502308180,28.128655421548817
1878582623,28.10549756391818
1879232961,28.091093796476606
1432714760,28.046307321560267
2092885947,28.01704021194981
1879146041,27.963654324785658
1434646351,27.95788985756331
1439386254,27.947949732388995
1433391875,27.878801130876578
2500650924,27.804555464564153
1880518493,27.800045662210962
1434378324,27.769611429358413
1433117594,27.734752233467507
1930225521,27.728405317019863
2093880341,27.72594590607246
1427639247,27.720264651000782
1880492550,27.650582283304157
1432828334,27.5780595460159
2501303245,27.54791489887005
1931595361,27.531876208732605
1433652795,27.460638165698455
2092799485,27.42756514049103
1879778661,27.379128499929383
1879146145,27.370820367153375
1879848164,27.357607137721335
1879824354,27.349723615986843
1439501521,27.34259460457674
1432651591,27.320570826457754
1879163373,27.287944350181437
1879135977,27.278513528372304
1432976944,27.270030999583383
1930947125,27.202182087183935
1930184137,27.067323258117273
1934306130,27.05174815464749
1933518853,27.04347447117772
1433318164,26.96512122559514
1433263533,26.960847731522776
1434266707,26.958729661348823
1433439357,26.930549870662198
1933495833,26.917809394516915
1439349140,26.88879773212825
1879908695,26.87655673735954
1434437771,26.870419086321053
1433035470,26.863219884933496
1434497893,26.85509698376002
1879869544,26.852731954749892
1880520660,26.81038225726515
2093021023,26.777444592469916
1432869167,26.75241884491275
1427767664,26.72967859735957
1433087100,26.713279279706605
1879863907,26.709686842110415
2093042107,26.69554833477432
1931021795,26.692504603928963
1439462707,26.671871454545936
1932566777,26.651720307363203
2094675184,26.640712311935644
2501379905,26.574330626158908
1433830517,26.54198719916741
2499718764,26.52521843254939
1433356432,26.479663280010822
2092802273,26.45090950929202
1433846335,26.437981008046894
1433378440,26.407621610143753
1433762481,26.37484764319389
1427622133,26.34250915354461
1879171170,26.309556573406798
1434454671,26.250702978443893
1433510192,26.23496262498809
1879192565,26.143357901461766
1434288600,26.09061553690595
2093962317,26.058482899589098
1879854952,26.01082326962483
2502415547,25.996504341939076
1879864870,25.98072387441979
2501017590,25.91425047593963
1880464900,25.912261504590564
1439471085,25.908703751941026
1880459485,25.90452614364643
1433045643,25.8981517861124
1433255704,25.896877921865403
2503238690,25.895014551297272
1432765150,25.89155370111878
1879127944,25.87558742756233
1433372185,25.873975873371972
1930234462,25.84826111491241
1879810531,25.830842227507024
1434521743,25.807580049571236
1879247165,25.7688928270613
1434293755,25.698108012118773
1879779672,25.6894750625113
1427763785,25.68592682677997
1879874592,25.660583406716647
2499773623,25.626112380418625
1880533831,25.604462439661116
1434483427,25.603320418807193
1433583394,25.56506631077728
1880478810,25.539586885058625
1879238465,25.536328274387454
1930941135,25.5083271025138
1932436162,25.440446350789834
1434394605,25.417169710326597
2092947293,25.402164412840804
1432910457,25.40183773785296
1434670970,25.385429970179175
2091276944,25.380243796402304
1879778344,25.373974115322703
1434054744,25.365162617897568
1434451581,25.321268856105988
1433982342,25.32010213220666
1427685475,25.27885006898977
1427825430,25.185632431673927
1434396997,25.178994910776748
1433489530,25.171061002612635
1930218083,25.155369883869813
2091211512,25.145917588163073
2092923457,25.117038077090882
1931624743,25.111743142481746
1880495603,25.093546662727128
2094555047,25.075953294224636
1433706647,25.063197768011328
1880533571,25.05271273130388
1433593472,24.933305512216393
1432898205,24.921880083947475
1879200581,24.89503087630946
2095422983,24.793627507744603
1434551585,24.781922634395862
1930149375,24.74260807471339
2092917577,24.737326754417104
1434337702,24.71687945534884
1433212801,24.69569587822582
1433070857,24.69265737879784
1930986901,24.65695719032888
1879886572,24.652734859309078
1433275452,24.651157149777582
1931676937,24.62934826918233
1432760514,24.598230022600106
1879152533,24.57524779890575
1433971892,24.528406668630318
1880485711,24.526534314763374
2095449293,24.51060488584571
1433055292,24.440957723061835
1880506345,24.438483784076354
2092843663,24.395317319645283
1929303875,24.372075594355493
2092893934,24.36743070507308
2094616307,24.362108395848278
1432875094,24.334488589273782
1432693372,24.280091444064496
2091979702,24.278545487778384
1932497395,24.255695222670706
1879795123,24.243547536566247
1433738334,24.210185301130185
1434605193,24.206668041201084
1433266572,24.202074372244184
1880493887,24.19153805538922
2499608320,24.180013444192912
1879137537,24.17758862810382
1933581927,24.129938339258917
1879903644,24.088057013794973
2502062802,24.077447239185112
1932565493,24.072524998890756
1879812475,24.05779627431305
2092885143,24.054794057268502
2092922593,24.01271278632431
1931658890,24.0114322756009
1879792741,24.00955087350122
1930243812,23.998807149557766
1439397993,23.99687203530442
1931015983,23.976676852180855
1931622525,23.924478741626007
2092760703,23.910066721763542
1880489307,23.908494569474385
1931626865,23.866789408314027
1427764695,23.849766469148523
1880516117,23.84419154867083
2092805935,23.840161104015145
2092922701,23.839270089438195
1878573891,23.834943793882395
1932558083,23.827849283266506
2500443985,23.825418092672983
1433886074,23.7734619873541
2092015760,23.7615195351324
2095400005,23.756802009749098
1930949297,23.71429027743534
2095412055,23.679906473745213
1434563757,23.608682370440494
1433958992,23.582474730397443
1427715021,23.55806817205941
1879202984,23.553804994262048
1879778684,23.552685259644065
1433981645,23.535841477871184
2500759072,23.533957387345627
1879233294,23.479243960411548
1433114135,23.468736128133305
1432627977,23.431731185229154
1434452683,23.327393653262348
1439526984,23.297161111792402
1932518294,23.269752033764032
1434551502,23.269108098724057
1433855575,23.258977846662294
1934309293,23.238422952669044
1930181620,23.229317200767817
1930185765,23.22655439623272
2500374671,23.217437366228452
2503558894,23.191921244461522
1434320201,23.186424836001024
1434419580,23.176425744450587
1879147302,23.162201108999298
1933511237,23.149164549988217
1879777144,23.146008644236936
1434619817,23.138648871285497
1933552790,23.126278710423676
1879819712,23.115455797393142
1934301070,23.10115202608387
2503467064,23.073607340808433
1933585353,23.05805459361511
1880475094,23.051095019546285
1933561810,23.035043124297044
1434742473,23.019616322978525
2093085452,23.01958157295256
1433529834,22.999122545542594
2503675373,22.99534895170946
1433262197,22.981597528269752
1439458191,22.98098815013871
2502742093,22.97675666894362
1434724153,22.962337444483115
1433365913,22.952149994061514
1427807683,22.93516335370984
1879904224,22.925968967796212
1931609773,22.901832642946715
2502664942,22.892750937789312
1433136073,22.882016944916558
1434722114,22.829510966503868
1879228947,22.80234801064264
1434037477,22.792109023725576
2094603981,22.77786566721662
1930950275,22.720598170072382
2092885913,22.678356509642757
1427882435,22.65896993582628
1433155985,22.637593056392596
2091972922,22.619996604149648
2500846440,22.578159258297237
1933577105,22.552644957494387
2092929857,22.526398766845233
1433454290,22.50979950880171
1432776161,22.492665579244203
1434514324,22.489348606949637
1434160101,22.428596054240874
1433537083,22.418232252843058
1878588223,22.411974819480957
1427633167,22.410193795739765
1427877191,22.394281410848162
1433628257,22.370154919113958
1434692513,22.365321654732984
1433360685,22.307392211360074
1879772351,22.30469353246854
1427856044,22.29589606666222
1433553163,22.283070305826183
1930227151,22.26350596691826
2092037190,22.21425802616882
1432923947,22.209929413357745
2095416411,22.174130165169164
1879235340,22.173377370601653
1880470004,22.130115243168223
1434378705,22.106754266605776
1432684464,22.095120333340663
1934315825,22.094242053135556
1433635083,22.066393120039077
1439423814,22.035670556078276
1433116653,21.978633893313656
2091201693,21.9673712814582
1427601244,21.944856582385242
1931626621,21.933052653315993
1934300801,21.91924300360958
1879791924,21.900335267458573
1931006744,21.894551097913666
1439589664,21.887478208715574
1880458174,21.880151707589413
1932433465,21.877038316042643
1433642632,21.85800699547347
2501430820,21.856697384628717
2092827491,21.834722337770227
2091186372,21.828027118211224
1434115290,21.789573738973438
1878579784,21.716114582190713
1432659420,21.70316896649291
1432703175,21.696966168570217
1879881144,21.695010783039574
1433681503,21.69456686555328
1434465331,21.690573558909442
1879837012,21.687875563692565
2094549997,21.60412920501158
2499596257,21.58677329416241
1932614415,21.57745739610665
1878600597,21.54176303243842
1880437881,21.528789090894985
1439539882,21.509958335425864
1434197362,21.499491721346832
2096205803,21.485926568478778
1880514232,21.465236791379223
2091212702,21.45510671570026
1434364475,21.445794901146705
2091284582,21.441318270946088
2500605093,21.394238263478126
1434003162,21.386632784982442
1931647455,21.352221768252683
1878587655,21.325576408241027
1434537702,21.312827388729065
2093896374,21.27257515125683
1433022504,21.263494319889666
1879136063,21.260720879281536
1433318045,21.229173143277624
1879203167,21.22354580540786
1427794842,21.206562444456345
1434687935,21.20489580939789
1434016761,21.18079548917075
1432682854,21.179000486414488
1433789132,21.112528546712124
1433344383,21.110537921743006
1434165024,21.103749385149033
1433657400,21.06827868860659
1427598480,21.051142370406684
2092078510,21.041330487618644
1879194187,21.03704993712246
1433550811,20.98499118969364
2091239271,20.982059332347298
1434204134,20.975897932693897
1432715825,20.937028927899817
1439426074,20.92007028773904
1879159552,20.910450173324975
1433179100,20.844261731897834
1434258320,20.791465336914662
2094618890,20.771786034539264
1433008470,20.756552137442107
1439548877,20.748795825077018
1433127597,20.73841305306087
2091238614,20.695051528733472
1879824747,20.690615518269727
2500958670,20.672501296158323
1433285502,20.65045387239939
1879231097,20.636916521252154
1433777772,20.63262501530732
2092982291,20.620701364034417
1433209532,20.59294946637921
1433533977,20.577008653891816
1433649001,20.558763976925906
1433442590,20.538941615920944
1878603271,20.536774471778376
1439558562,20.53092331596046
1434009002,20.48109989952686
2094675495,20.46701762611123
1433726045,20.453388699640794
1879811301,20.430775027913082
1434155354,20.428622224988686
1879132970,20.427440036230273
2503903980,20.411677405230108
1930148015,20.411610159801665
1434419602,20.404342860713776
1931673051,20.392734243978033
1439621227,20.382684619679306
1433567930,20.37880281583729
1439407052,20.366184020964447
1433033533,20.344080554777094
1432662141,20.325835217234587
1434346725,20.248245778705936
1439397575,20.2441707408597
1931025653,20.228737472974988
1434727094,20.226616014409167
1879883460,20.20773937657459
1433507123,20.20193965228815
1434299874,20.1930311669223
1931696122,20.19051443873977
1930146071,20.170853506448374
1879838672,20.099363221187165
1439404747,20.09307422442583
2093971490,20.084788348552397
1932469323,20.067279535109307
1879875302,20.061244386689282
1434386092,20.054787635987843
1427731544,20.044509730169914
2092764807,20.041478753361375
2500514505,20.01960711580059
1439534550,20.000414320444467
1879174481,19.98677206419684
1439317363,19.982361278363417
2095463791,19.960627703041368
1434700155,19.95027941052452
1932517893,19.94891480598966
1930930244,19.93148300175216
1439573570,19.888821019353536
1439497251,19.87171618478866
1434266192,19.805749823620772
1434498015,19.801266736297556
1879193650,19.800657625794347
1879893504,19.798719980445195
1427652963,19.79160993990864
1933503670,19.742277630283777
1434101723,19.724384185146132
2499247473,19.71745223285898
2093077187,19.706323286038604
1879231327,19.640447975117258
1931617397,19.638333687873196
1879880930,19.63584953354104
1930240721,19.62444674754392
2500448414,19.610573450108486
1929317141,19.579306516370316
2092853285,19.577268695141107
1433182957,19.551467087470414
1879134747,19.544353443591874
1434261005,19.514849357111167
1931671897,19.497817367310397
1434598652,19.447150037361
1434427107,19.42718778738386
1434762314,19.42644743966775
2502116051,19.390102842612443
1434723177,19.351736712829187
1930985693,19.329452590698278
1880540874,19.326745016756607
2503583472,19.326284661392474
1933553585,19.284725711349278
2501392185,19.27947260931132
2502440317,19.278508060945292
1879163794,19.257392780509285
1433779494,19.239240109319933
2499586364,19.224388703429565
1878598480,19.187856195981727
2503117574,19.181653361216622
1433487104,19.15718602710271
1432941235,19.12260471967175
1930187985,19.120457324837016
1880547814,19.116083060698934
1433287103,19.11397550885244
1932521922,19.047359031720777
1433182373,19.045811903022727
1434043830,19.021483827700674
1433051460,19.019628098847804
2092783325,19.014564771685272
1931013757,18.99316601981785
1434451731,18.986798587523026
2093072735,18.973822792168217
1933506795,18.970569971414275
1878592160,18.96285589948735
1934323297,18.90683060694144
1933518872,18.878354923720774
1427749581,18.866569842418027
1434694951,18.8432719953375
1432602970,18.84013189656745
1433638014,18.833004183974843
1433942433,18.819839029113865
1879811777,18.812567273275132
1434452383,18.793097132963165
1879231743,18.776219735931942
1433086265,18.69178953931269
1433222831,18.683947844273444
1433402950,18.6238550405995
1933552995,18.61053845231423
2093937587,18.54469398897444
2092770183,18.50856288597849
2500850970,18.504415717125312
1427827025,18.499717686962953
2499783000,18.473276328899214
1433036224,18.471959482880646
2094669121,18.461119847421475
1930233010,18.45546154762918
1879837801,18.439063721258147
1933539015,18.408318833060253
2091197467,18.401150417900073
2503622612,18.341626823121693
1932605322,18.331219095081238
1427753861,18.32433723090368
1879833060,18.318181898628527
1879851630,18.31699259943645
2502091393,18.303442992602633
1930987015,18.299558789559054
1930247051,18.291061197221048
2091258122,18.271281791913257
1433499435,18.253196599420864
1879176630,18.252304293182096
2092848943,18.235298720711164
1427839717,18.229706333321456
1434734343,18.20152038313576
2092939625,18.189173562550987
1434613061,18.188475975835857
1439530780,18.08876566905778
1433995350,18.07447461933334
1434527732,17.998609456155528
1879769781,17.993685828907907
2094636907,17.953677340297126
1433188740,17.903935755339237
1427739495,17.877361697825716
1934300683,17.87690461311604
1930241917,17.871882826803276
1434602584,17.863816347400796
1880490650,17.804020704753324
1427721785,17.76556251483565
1433150711,17.74137005062771
2502541615,17.734077225271612
1434371813,17.73381742498256
2503237427,17.717549610571908
1433472471,17.717527527948427
1433855447,17.63828984163612
2501511785,17.62979073048147
1434501485,17.619886761513527
1931622005,17.604136552327933
1434233155,17.580041952699286
1427617877,17.505718565782562
1427893767,17.452339292645274
1879773475,17.43590589018606
2502393684,17.425525295483087
1433502061,17.39828662391502
2502457091,17.396364002069383
1434256870,17.373075055159124
1930235327,17.351224593651636
1879883942,17.331694876193986
2500887494,17.32278154936232
2093974751,17.315672913375074
1933600954,17.310366834321467
1433057320,17.302566021888428
1434680412,17.277513223761897
2092880077,17.26098247373882
1930204741,17.23558836836984
1433440645,17.234712779715395
2503898797,17.15358382177236
1933580971,17.147012370007715
2093959215,17.106354736900556
2500694027,17.075332876678008
2093861905,17.07430890975532
1930144527,17.05232397675399
1878585634,17.005454077843627
1930175691,16.98423538259598
1932623795,16.922075819552024
2094599521,16.90414502290986
1432761741,16.89318155448168
2499504637,16.882891426832433
1427793024,16.869199749704265
1433961657,16.841836479097523
1433950091,16.834101822850144
1932459677,16.822552642867322
2091275437,16.781653079291438
1433063245,16.78070026364152
1880542203,16.772915041580692
2091245335,16.75316607730844
1432648212,16.71997384731436
1930991543,16.664506837840356
2092975351,16.603196934815024
1880495091,16.546952178830367
1878589740,16.518041891667906
2092881184,16.480239637892215
1433644764,16.469955409155435
1434650911,16.45902317311933
2499545522,16.427355225480635
1880529093,16.412023445251453
1432668761,16.358497937388123
1433303824,16.354042709232345
1433480703,16.33547932597818
1930228604,16.32134978886218
1427781257,16.289924958407617
2092764477,16.28053677697228
2093869002,16.2429402278833
1427825320,16.181312545275386
2093904952,16.145761844004102
1439558282,16.13298663270855
2502803060,16.131782504989687
1931655382,16.086195911871293
1433765237,16.049256242124162
2500245155,15.960783636577606
2093008442,15.956200749911831
1930942152,15.927471386139214
2502402680,15.908468347627663
1879839424,15.86693431338628
1879882684,15.83765394168493
1439364292,15.837633713819327
1434320761,15.813651627908417
2094641455,15.787347737246431
1434159320,15.783605671676215
1434612054,15.783464891534045
2095396381,15.760635041369124
1433027452,15.7050571553411
1433655842,15.668311675101398
1427631271,15.665672615789926
1434629094,15.66104879183442
1433086425,15.628407348097378
1434419771,15.58044840226602
1932448843,15.567031447843451
1427894905,15.452813747106509
2500943220,15.449140985903954
1932477845,15.439357140745368
1930230667,15.41269783763873
2500775855,15.381858216767775
2502913340,15.378485540089214
1932525067,15.334074669238037
1427764885,15.314807172055978
1880498913,15.299579564095197
2095452030,15.296122493491984
1427704773,15.279791073184208
1933511847,15.278105824967232
2092915017,15.27596293622331
1933529521,15.233103941584071
1427710465,15.216048278311039
1931026004,15.21378764371384
1930177944,15.205355517159377
1879838604,15.173001053246546
1434257055,15.168504558014426
1433688270,15.150159110485802
1879873750,15.126938631208438
1427662425,15.11384570742766
2503779085,15.094971957367067
1879825804,15.059146672227415
2500473457,15.05728621812864
1932482165,15.052983406469583
1879870634,15.047722192907665
1433087902,15.040374962685197
1879242762,15.037916984331579
1434513602,14.950779847356166
1879807083,14.920270595065059
2501783861,14.862039966090716
2092840940,14.843062720098176
1434215890,14.8197953667789
1439486270,14.74352695526868
2091992141,14.737810809809373
1432889673,14.72459544736765
2091979743,14.720942139088335
2499526114,14.708659648994136
1433205471,14.701030026284887
1434093142,14.692040625925644
1439442072,14.69038808079421
2092850682,14.661013231573065
1880514180,14.638974872940008
1433672402,14.631985449056456
1434256930,14.609879075426203
2500128114,14.582301929564114
1427764763,14.472262340169776
1427733180,14.45247817988145
1880457634,14.422837762540999
1427727480,14.394770527889822
1434444892,14.392662057506588
2503886211,14.36696616484737
1433912694,14.220678865008376
2093945821,14.219443685569951
2095349422,14.19221546751911
1434503647,14.163708171265379
1879225615,14.148518518763117
1880456560,14.12210991014976
1439434345,14.105312846259507
2093060952,14.104836632418632
2092769813,14.097229840116942
1439369572,14.020785632548034
1932611685,13.959619466962012
1434567067,13.920907768078715
1880531947,13.875010561581513
1433680664,13.872700011787412
1434731783,13.859022712317024
1433048350,13.835955115000258
2092938634,13.812343417063257
1427749604,13.794361319051397
1434459051,13.774991507358541
1434760990,13.718561836983438
1933574590,13.657657723090495
1931001827,13.657326837734622
1434636581,13.621462650914113
1879808285,13.588376334254484
1432669251,13.54676150568922
2095403717,13.52119605774665
2095391200,13.51803845011275
1930983260,13.4293516397096
2092769707,13.423507555621308
2502028124,13.352543467421878
2092005474,13.336262135168006
1932534517,13.321870702323231
1878580163,13.30093053358397
2502356982,13.279303539143916
1930929842,13.16981726136365
1934321753,13.146625141666789
1931645105,13.103641236263643
1879878740,13.03731412155193
1439360804,13.02700509907238
1433740551,13.01259644286455
1434192330,12.977532108498664
1879897894,12.971128640859595
1432631611,12.938622787149006
2093955261,12.886234216382505
2500799591,12.786205841343909
1879249461,12.780670024433642
1930939970,12.756049695214694
1931632687,12.704655147788355
1930198433,12.51656229132533
1433144204,12.427009045400396
1879147973,12.425618299256831
1433582734,12.409544054075589
2092819941,12.408949771278374
2092844531,12.345075777787908
1433566070,12.309776702812066
1930949034,12.208191881115086
2499851572,12.15143449490447
1934301372,12.112742904706755
1931598421,12.090873979489706
1433818842,11.96051008880378
1879218177,11.908335473996672
2095448855,11.884217601641877
1434676802,11.825356257472281
1879902965,11.766325589798067
1879912771,11.747096535094546
1879140447,11.69426994339011
2503470310,11.643887104922216
1433228373,11.639196498961562
1433139807,11.629770810002492
2096190774,11.618670249908995
1427846302,11.573842026202993
2500682831,11.573526956023311
2499885020,11.565945047681547
1933496395,11.558715972508557
1439339567,11.522778633986505
1439459363,11.485912280561003
1879789762,11.466071662872231
1880446442,11.451908158689173
1427626355,11.440729503174934
2502505194,11.388801692111633
1932587267,11.35834675821364
1879831652,11.246288887056085
1930927987,11.213074342232362
1879774634,11.211783210900963
1879783257,11.141719157605609
1433551501,11.03602078842517
1879910195,11.029545861353572
1932527695,10.998172444989194
2502620407,10.991376859737503
1931020000,10.989739457675332
1432670765,10.942282455055823
2092023721,10.904557512044828
1434706431,10.869142017395552
1934316980,10.83168621845636
2502728503,10.828541940947224
1433496763,10.818188774590693
2092917182,10.805104514020787
1433389131,10.760754299735794
1879223201,10.685154310450784
1427627952,10.661351516885702
2094662132,10.637077732834696
2500232233,10.63355474860288
1932652390,10.548501989239263
1427877877,10.536144412304662
1434139633,10.514847118813682
2502350611,10.506320981466855
2499753134,10.476772910363714
1432917292,10.4260702974896
2092863767,10.418638638415237
2092942635,10.409969792287438
1433553182,10.408433170338583
1879826633,10.368612437043536
1433795281,10.329459481850561
1432805790,10.296799466605025
1878589707,10.14617241285586
1434044670,10.098261383473302
1931003157,10.054380035994457
1879197591,10.012030367457957
1931593524,9.922427086853943
1432681090,9.886114735257102
2501981947,9.836763658583845
2503221055,9.809725120623831
1879136522,9.781953947279737
1930951374,9.760702365142876
1931000225,9.749460387360894
2095466893,9.66165352613364
2499370034,9.658072919407815
2501517245,9.642717965382706
2501674540,9.620166850469237
2091220405,9.556238588091889
2499414650,9.555532821781119
1439464803,9.545257840423583
1878572677,9.536466240698864
1932595365,9.521859806097662
1434490112,9.49711924448015
1433166203,9.439637091727825
1879238341,9.407077044449064
2092847577,9.392493776294632
1434095305,9.316356440756262
1879165595,9.308442109852663
2501625547,9.27500021758684
2092953355,9.261240907728169
1427635110,9.1301590818281
2095426313,9.101534270142677
2499268953,9.04040194292373
1433462462,9.028461621728589
2501296983,8.986661071293284
1434594472,8.975158868211826
1427843737,8.89133925228052
2092091944,8.84766457924293
2500736757,8.821289195857052
2503580077,8.772269615881394
2096188802,8.716986275936698
2501734700,8.663959579987912
1879845774,8.605099622166458
2501882615,8.557609126138885
1879894472,8.545056869054312
1880445050,8.518516809172597
1880509394,8.508987326210866
2095379683,8.489000381671397
2093889821,8.487604503161236
2093069085,8.435557220067874
1879126180,8.24857807789548
1934324777,8.20557600197493
2500451855,8.166249388711893
1434492385,8.087473802934117
1932636863,8.023020578672856
1932635941,7.920380920701485
1879844420,7.9032021598548665
1433999762,7.772770828430423
1439518811,7.752573587142406
2092944792,7.6401556398119395
2096228203,7.585474857085253
1434476591,7.542442154406966
1879865537,7.416834325250594
1932560435,7.34624707197804
1439478962,7.238403244656029
1427587605,7.208910112304312
1433012600,7.20134042546977
1432669377,7.195860252142751
1432745315,7.177090946466878
2092075372,7.176560247552734
1880533001,7.165222719544305
1434552554,7.092137156345986
1931600752,6.907335044971151
1879138491,6.902196805890252
2092969551,6.7770439159942235
1880526554,6.717090290288053
1439368335,6.699487686020494
1434092364,6.696045202699953
2499229470,6.668315503620564
1933495383,6.600035980226182
2091182424,6.421025657057108
1433305140,6.3413657887999415
2096253264,6.338469432738448
1433080745,6.182405811200435
2499639740,6.145361803194314
1427802851,6.145078374784006
2092091991,6.137991850836989
1879799667,6.085741819748971
1930165604,6.061420464567334
2499374314,5.926682873858383
2499854203,5.768311867811536
1433247434,5.661775830108395
2502869134,5.644124702422068
2499248263,5.539213163917275
1433849561,5.516460790312419
1930996945,5.454835992250853
1433736781,5.137569726480477
2092897105,5.1374962326974485
1879900895,5.067288657364977
2092974352,5.002497934641231
2091950935,4.967185824218747
1433428505,4.942804791210686
1879125957,4.929421099225702
1434507223,4.901808846773936
2500223840,4.838419493931237
1880427241,4.824955271186015
2501251910,4.813009626091586
1879130154,4.743246754584737
2500952314,4.709019039636986
2500487533,4.703570547557851
2501860217,4.690615767388189
1930963992,4.622286775981103
2499680703,4.61050992570955
1433471552,4.60392130347911
1879809257,4.5549377717212876
1879188771,4.418917351507263
2503380130,4.350170109391032
1439433251,4.3183006389438985
2502991524,4.312734593229209
1879782977,4.277339343200086
1434383267,4.2268885060850865
2092776444,4.190747594847323
2095363443,4.085968729777537
1433133064,4.0319341646965094
2503895143,3.984210868349716
2094563407,3.672145195436878
1439580687,3.5737922533394593
1879863017,3.538734647656127
1933589672,3.5159779125836623
1433191674,3.3978917379454465
1439410773,3.394912382450913
1433669240,3.2754875076462975
2499325834,3.176478829942969
1439543862,2.9235045870555285
1879223413,2.8189725569374118
1433569557,2.660783716093963
1434125727,2.652923763427136
2095378383,2.5786846949318334
1879826624,2.4992990832499764
1439393620,2.4332927728043594
2501294722,2.337461712258295
1434014663,2.318943901244083
1427648915,2.2818917299973727
2500933944,2.255152559604108
2503113721,2.157442854032227
2096203500,2.1338915127400586
1434134645,2.027868498007345
2500915872,1.9131554779645508
1434210211,1.8664671190809876
2503221244,1.586512719468919
1879194297,1.5591901721520864
1932618683,1.5042168923764483
2091973640,1.4688787379899881
2499553210,1.4396964364570808
2500988907,1.2695977433323065
2503088435,1.2523247038091774
1880469721,1.2027341946754482
1432764915,1.1909429466426684
1433166775,1.0923103947073913
2092845117,1.0494623978066706
2503853552,1.0131215881679634
2499538263,1.0069676312953069
2499224092,0.8853961353322075
2500623814,0.8468763034140321
2500217044,0.8343499282626244
1433147017,0.8176062709304097
1427624332,0.797876203944357
1931588713,0.7347091299584666
1879905811,0.6398027706284888
2503254714,0.6330205742962364
2095445444,0.6175878487993914
1434069935,0.6174092320200256
1879818481,0.5329112664079937
1933560115,0.5067888796143869
1879149400,0.45925126080664824
2499284581,0.3279637575917898
2503536890,0.2970753136142216
1878592651,0.1558263530180796
1932629640,0.13685497182532816
