user count in community:1395
Topic id:5,Representation:0.5697902818036025
userid,score
2502073357,72.17798717892833
2500289660,70.25637040191994
2501950561,69.8144593723158
2502656582,67.1505773476827
2500117303,67.1472306432147
2096236307,66.24014777940918
2502453835,65.02308761245393
2096244485,64.4904686699498
2501179443,64.33300435004534
2501465292,64.01096613630523
2500612951,60.79645873597146
2092848075,59.37450532203645
2500127067,58.549874493492965
2502332847,58.14038934085279
2092000993,57.92127741997165
2499488215,57.149580369604074
2092766250,56.27732574755006
2501669253,55.94816315562384
1933501874,55.89640058703227
2501083502,55.48612837662429
2503210297,55.25304347612336
2502502294,54.76526719211852
2499476163,54.39058541807985
2499252035,54.090860812666705
2502746283,54.000624424096756
2501287882,54.0002140931181
1933555950,53.32342712907696
2503841962,52.81641992981056
2092080263,52.479990940496805
2502047610,52.4292246812325
2091982001,52.34025112345168
1432640924,52.320018749011574
2502545480,52.223179630825626
2503605217,51.98647756936954
2503456083,51.5716713610304
2501953781,51.29516316458896
2499218462,51.126826922584264
2503819547,50.65569976520207
2502927371,50.63913861159577
2092914461,50.488295426972385
2501491620,50.16510387110656
2499540550,50.146235495564866
1930140941,50.078179363503196
2502951294,49.798236096881844
2502376575,49.667604168016084
1433546934,49.440639878857006
2096187871,49.413788197580274
1930978814,49.216625240116755
2503153094,49.200313275289815
2092907515,49.197619349831335
1930174345,49.09707169925611
1880521735,49.03681276399491
2093860037,49.02464159722927
2093007033,48.63196719348714
2503539557,48.43431893292701
1879159893,47.866058030719394
1427862181,47.79752339259063
1931615354,47.45596564536712
2499716555,47.44785922277096
2092860551,47.360835079244666
2503056460,47.280353546199485
2503130940,47.15901593916682
2499486102,46.81449155030211
2502235563,46.76648183641812
1879840017,46.76218095876596
2499458864,46.757768875233225
1880495271,46.65751248252658
2502775600,46.593316980249774
2503779154,46.34823118394439
1879189223,46.28712828314179
1879911894,46.12124498777651
1879794900,46.03978872920495
2500910092,45.95459461295713
2500243340,45.533136155143474
1933518550,45.38232545034762
1879183745,45.30126513837409
2092908945,45.13064055068089
2095382143,45.016397642063104
1879771370,44.94104891847668
2503185300,44.87898220065455
2501947111,44.74551525889896
2500848271,44.668633080461056
1880544120,44.597317653244666
1930164693,44.456193276626934
1880504634,44.3547665834176
1879856344,44.27074987519588
1434350237,44.18497258090731
1880502731,44.16502216530636
2499701364,44.10344250539943
1434558484,43.82830860075165
2091210382,43.7919488697714
1879812770,43.754341694592604
1879855071,43.6387286704618
1879194432,43.61611504446407
2502802372,43.614704021814
2502318014,43.559526911157356
1932611027,43.519894857630135
1879777331,43.43188609601381
1879148511,43.32694338697285
1879796033,43.27945878579222
2092781801,43.05186241907994
2093050194,43.0414610552053
1931607622,43.022926312666755
1879169997,42.93304243647814
2092011654,42.87579950290284
1930943243,42.82831947449601
2499590433,42.8095875070251
2093896111,42.727305181991746
1434162980,42.6866072788956
2501843601,42.63963994385402
2499600715,42.528064773337015
1932548213,42.52375875375244
2500162972,42.483364156807134
1878584127,42.470973123942876
1930207641,42.33235953845814
1879154971,42.272688983736664
1879845685,42.16501360474146
1433636373,42.136387743692524
1933516751,42.04285423108853
1930183113,42.03197543908561
2499249480,41.926679911924964
1931658225,41.8393599036664
2503414640,41.82754158494268
2093870940,41.82345293061083
2499529310,41.79316546165391
1879840542,41.743443487365596
1880483660,41.64765872592265
2092951443,41.64358787833374
1931691327,41.50410050235225
2094604510,41.47560428129625
1879899837,41.42574516156331
2500971053,41.35699065403303
1931641727,41.32370176466954
2499729510,41.30918364245463
1879843533,41.26865571394305
1880473641,40.99026506428459
1931604093,40.914609774817066
1879909085,40.70995530980031
1879206022,40.66224479680024
2501369984,40.65688626642907
1879803475,40.5670231742893
1879902582,40.545195569158764
1932476351,40.45622860105416
2500809501,40.433860517173756
1878598725,40.26215603603168
2092861690,40.24051987302159
1879225737,40.22945965612639
1930231971,40.22771103381201
1880454443,40.22463204666366
2502469740,40.21947431441322
1879899142,40.1807860588639
1880526357,40.16200779194329
1433830194,40.11201221241889
1930233401,40.092793360239455
1427672811,40.05303005590572
2095453897,40.045291380018305
1879903312,40.04276909204982
2092777021,40.033803207607455
1879854537,39.99346930760346
2502505582,39.93468172368858
1880511635,39.93097902344285
2091201194,39.90976718972436
2095393265,39.83422531322904
1879811650,39.749721700879846
1879816440,39.74005485036041
1880497114,39.735188981964804
1930228001,39.5808581171653
1931673484,39.51281482618767
1930196863,39.478079729836836
1879823771,39.4294269591391
2501209115,39.400222817051755
2091956291,39.18294651029373
2095384362,39.174013458542156
2092967043,39.16751034826399
2499874662,39.12444714027041
1879878010,39.07712431387201
2502858837,39.03872109240314
1933522340,38.98804968611068
1879773570,38.9455990669948
1932567225,38.94107171515408
1879889052,38.88712005091112
1879811890,38.86870726102535
2499446312,38.860652644012866
1879769624,38.857648875458366
1878577095,38.8324807171621
1931661997,38.7865024964065
1931640135,38.65368843689337
2500527117,38.59162744032845
1931629201,38.54129893923219
2503716041,38.45288944482802
1880488220,38.43560583067465
1931001041,38.390882517580906
1434491204,38.386984076360264
2095384984,38.34993611222393
1879838747,38.32541184337527
2503390892,38.30994855876581
2091961791,38.26959111010842
1932606413,38.24813420066354
1434278044,38.24148274575752
1880541425,38.22575045288838
1879894654,38.212113956694296
1879241701,38.202159516411584
2091253857,38.14791006080551
1879803624,38.14493372295924
1880488485,38.02165342052463
1434531197,38.01431541648732
2094656850,37.939951193057304
1434495821,37.90521724571426
1879137674,37.889305041334374
1880483700,37.86013968121549
1879853294,37.84364440651615
2095437317,37.80073695736084
2091993037,37.792654685496935
1879793210,37.782935446468514
1433141692,37.77261362423769
2501762335,37.716329975056745
1433503065,37.697820180030504
1934314961,37.668107938741784
1433294943,37.65974251467422
1880511241,37.650473557283554
1879894710,37.62127387716718
2500851610,37.48390552163932
2091957401,37.483172794613175
1879189555,37.47650233506835
1930982635,37.462101795606195
2092031893,37.4491518769546
2499282211,37.37893517954029
2091216573,37.326814459053246
2502914017,37.31606437068882
1878600987,37.260764194813405
1930249087,37.24659460754619
2091262507,37.23117048414829
1930992041,37.2179471631003
1880476520,37.21575491249718
1879870332,37.2060722808224
1933543885,37.17215263585734
1933585211,37.16630001732111
1933541191,37.11675831889403
1434474163,36.964024034115035
1930148935,36.89783701429925
1931602815,36.77809019146155
1930945727,36.66473875342576
2092089121,36.630637328504896
2502105703,36.628669776244855
1880441331,36.62720879179354
2501780115,36.59902416385203
1932495682,36.58790745663868
1932448024,36.573603478718674
1880481251,36.52734025762865
1933516660,36.482836846216586
2091948333,36.46745595836564
2501409150,36.4463704359926
2503473880,36.361612197746005
1930215635,36.34593915077093
1930219773,36.345879474554735
1930984701,36.302672948569985
2093923470,36.295010137579766
2500148685,36.29486122216372
1434641584,36.20754789746406
2499230603,36.16286462157647
1931617462,36.01380636429016
1880509377,36.00026754919626
2503275000,35.942130315441204
1930970155,35.91894387541982
1880507394,35.86908130080338
1933543465,35.81578943277345
1880483995,35.81031240518716
2093088457,35.79166739766152
1930177004,35.78906368787795
2095349894,35.78078376014135
2501094995,35.74984427940859
2502599653,35.747413653093524
2502082510,35.685557318541115
2094639653,35.67108924164333
2499257222,35.53751157604896
2501728871,35.4957098894954
1930927003,35.4594770065854
2501468972,35.340906742243654
1879831662,35.315110147937844
2095377410,35.296324854793966
1931602441,35.26121768778311
1427855105,35.190708719577735
1930933573,35.04563523013493
2501567841,35.03153161956566
1930994834,35.02040535830341
2095350585,35.01717803374157
2091253535,35.00040620270577
2093074877,34.96942365725013
1433385411,34.91307648163274
1879824454,34.889332107945926
2092958540,34.84756717971731
1434532894,34.827408061309995
1930181673,34.774475187625015
1880536880,34.77346114537124
2095383675,34.72799467764823
2095412565,34.72032126566455
1433168190,34.71626709678017
1932519405,34.70757466313568
1879855724,34.64999106967991
1434221201,34.63300777319039
1879815304,34.576324859416474
1930145571,34.49399692145979
1433245247,34.44973817805429
1879147434,34.41671879032433
1879797051,34.33045323969033
1930183927,34.27067811588077
2096271871,34.11153316717516
2503619083,34.08007466004158
1932453615,34.079878215245905
1434595863,34.07118196358878
1878578191,34.055824814902635
1878603172,34.047494846979795
1931592705,34.0361272841727
1930940712,34.02894156350715
1930239843,34.01612650416723
2500104713,34.001229965191236
1930241843,33.993133729778165
1879151463,33.988729604611926
1931658407,33.98560475822941
1879152944,33.98413719656597
1880508490,33.96759305619411
2502729377,33.958371339967485
2502501430,33.95723169515909
2503385734,33.92799636378396
1434618061,33.90714130312779
1879217103,33.88296993203109
1879798201,33.83855853435901
1930215614,33.80681387407748
1878601291,33.78368166282672
1931638127,33.77126976952381
1932638224,33.70971372463379
1427864260,33.70863070208208
2095461623,33.704775928886576
1879237145,33.68054228613412
1878587053,33.56692157063319
1878603877,33.43937616627957
2500793294,33.304757361910426
2095346133,33.298318812123995
2091208623,33.29825252089464
2503233495,33.28170849909878
2503768020,33.26015725864382
1930212753,33.23745014825965
1879775944,33.23723616368399
1879138273,33.23581602076482
1933511405,33.2351577319381
1933501687,33.235082859352104
1930226962,33.22709711338552
1879125695,33.19664581075024
1878592084,33.15678284952873
1433733834,33.15345681856502
1932460174,33.13064454245168
1434138737,33.12710533172582
2501854321,33.11357251806003
1432702731,33.04564327452165
2502731733,33.01688796720269
1930981352,33.0126760738028
1930994542,32.95843469135024
2092868741,32.93898035256259
2499631330,32.93390607729869
1434130427,32.92817546240493
1931610907,32.86671364713621
2502267942,32.85779373939233
1433697001,32.8522817945672
1880445213,32.81868408688013
1879135213,32.787216160859856
2092938840,32.76200077896268
1930164047,32.74594309746664
2499212230,32.67671050528056
1930197052,32.628228123537085
1427722133,32.54484732265188
1433691375,32.517936467165036
1880490507,32.45595345776773
1930152335,32.40202775884004
1879890132,32.379114012997476
1880529157,32.326088488658066
2503261990,32.22686891221508
2091199193,32.22103895651405
1434471061,32.213206060038694
1880456647,32.20152549070389
1434542493,32.17986662190319
2095410027,32.17910750747494
1879893545,32.17077325919564
1879896024,32.13898187040055
2092836372,32.10733864062395
1879795681,32.10135460890684
1433452523,32.071418246619935
2095352751,32.06043656340779
2092883075,31.999139067498607
2094605064,31.952060607538208
2503675931,31.935948424662143
1439414435,31.900564608120916
2502635747,31.861405133041114
1879878690,31.85828087380303
2500413904,31.829985240189085
2502371533,31.78274141658046
2091204570,31.72970043726532
1932623811,31.708851195567618
1879836837,31.63935617031489
1879793953,31.63857497320635
2501034280,31.63695726032086
2092984265,31.626977580284674
1880452565,31.604756932277056
2500440344,31.595824339482984
1427652811,31.56160124626109
1879886464,31.54957887770004
2501810187,31.529460917496525
1931648893,31.51452088294723
1932620974,31.476374369304576
1432725934,31.449521025447883
1933565513,31.409267646735497
2093990220,31.389643243216774
1880478483,31.373666342401254
1933519420,31.219174958648303
2094582245,31.21226502145129
2499823914,31.188737300561233
1434508174,31.159801751887795
1439597407,31.157554790203708
1879146547,31.13455325491468
1932505485,31.113206941688727
1880436792,31.081534516378444
1433943210,31.024038309022117
1932500973,31.01189620403009
1880513295,30.968397883965068
1933494711,30.940178440859224
1879184040,30.89910999957824
2096257452,30.896439829598616
1434250440,30.85340562604994
1879161280,30.8400985830391
2503584952,30.75628582830017
1931664044,30.727602090438715
1433639300,30.726763322535444
1930203011,30.64846228017945
1433658445,30.647136658199425
1878603625,30.616689543239037
1930216252,30.579125716464915
1879795914,30.542498148447812
1433302311,30.47529956337225
1933511781,30.368707647677805
2092836355,30.359080025142724
1879894060,30.25309967309874
2092815185,30.216186743667347
2502535787,30.193022062887916
2503516244,30.17745132491392
1930975947,30.175654466746398
1879189547,30.171339879143016
1880500567,30.106830093912667
1880511843,29.980219093108396
1879884063,29.97306995792887
2094552514,29.9425130583822
1931618645,29.937014807877272
1878583483,29.900294725708445
1879232271,29.897997479798434
1878594043,29.893692568093037
1929311842,29.853099040773426
2092779621,29.7575534232687
2503916172,29.731254745780642
1878575471,29.72895060966974
2499883642,29.671845308305084
1931688484,29.66203538061497
1434596923,29.61492561855165
2501979142,29.591257433194386
1880433130,29.501971642844858
1879191701,29.493037870713486
1932629414,29.466394989275518
2501749142,29.453110823906414
1434384562,29.436183641962828
1879912241,29.391915089713276
1930947453,29.388987217702745
1934297260,29.380319881177357
2095464937,29.367651547313486
2095350227,29.312462844114965
2499511530,29.265786978111745
1932541354,29.233696194603443
1931588647,29.229709071611058
2092842911,29.21611711522638
1933564375,29.17935967759105
2503655660,29.170764466000634
2092846763,29.11913456515667
2092970917,29.104108276534138
1930954015,28.98506301965327
1932615813,28.969138389539665
2091239712,28.962673072575893
1879814690,28.95729407318598
1433646922,28.892479858442666
2503922830,28.8807512462231
1930976787,28.833082446581546
2093009913,28.80649846158888
2500325924,28.794201798414147
1879866563,28.77980854733284
2499305347,28.701177543635794
1434206133,28.67361661854884
1931006322,28.593797099442487
1434101331,28.57754394419438
2092064013,28.576117147813367
1880518163,28.57172184445594
2094676253,28.558778190292774
2499670265,28.49259194469117
1879788453,28.468901795723294
2092912684,28.468580617442456
1879878254,28.44155020731406
1879771185,28.42390557995301
1879856112,28.402000602428803
2092917647,28.366539337526696
1879154335,28.34510001753511
1433385627,28.289297423675354
2094568234,28.287260023474126
1432603415,28.25478526988121
1879865277,28.252020597724812
2094632757,28.22662831101632
1879841014,28.19607126634224
2094582137,28.16865256209916
2093045167,28.166525684050228
2503722825,28.166313075858614
1880448233,28.109405365700624
2501670285,28.094899590999646
1931026637,28.085283185889637
2093956967,28.052487967960104
1433601890,28.051343043293723
1933498845,28.03993836982352
1879223875,28.027871983512792
1930183377,28.011618917029143
1930196033,27.99828163927369
1433032790,27.950668483019445
1434618582,27.79823105710636
2092825207,27.7837188130339
1930170022,27.757488800220738
1931636420,27.737977889608185
1878598662,27.729327720758086
2500327027,27.71557090524101
2091951267,27.696713570584198
1878578405,27.661494693965594
2499241432,27.655950336281773
2500203413,27.65475736983266
1930954471,27.51325839651719
1878579845,27.48332902616253
1930992352,27.481291566379383
1933540517,27.428535805737823
1434197324,27.41399477489931
1879888392,27.32831563370033
2499576032,27.25586706806313
1434744771,27.23481664191144
1433135800,27.178130911231083
1878580747,27.14557839436222
2093962521,27.145475608010994
1879187432,27.09531619501694
1880517807,27.04495328808379
1434199920,27.042144636790777
1932463507,27.03305482491733
2093867465,26.982366108684623
2092763133,26.94993326423365
2499302703,26.943840253959735
2502168854,26.941641007217115
2501286622,26.918548951189138
2503573112,26.91810926002819
2091250091,26.913454794489162
2502452763,26.913311166057465
2094641831,26.88472446529993
2499815750,26.870526382424128
2094584252,26.846965392825624
1879202903,26.77297447476453
1427851377,26.743760552991603
1879147780,26.72192016647565
1879888574,26.71411603115015
1880535341,26.648255439996085
1930148371,26.602984048948358
1879814304,26.582390366780373
1933587081,26.521514221964516
2091996213,26.50471573953467
1932499622,26.488963064626688
2501015290,26.478227149343873
1929315913,26.46830598926295
1433800261,26.447383965968708
2092922035,26.434300745529757
1439502590,26.420302972636264
1933521451,26.395977141155516
2093089071,26.393752082985863
2092894141,26.37432856487608
2094671381,26.359299015320346
1434764827,26.35245769812779
2095468603,26.312070565605147
1931028313,26.310987664553046
1931012001,26.283540801518008
1932648625,26.209989198501447
2092076503,26.170139087146403
2092804167,26.154321335294426
1427784422,26.13127156580013
2092832394,26.10926816816423
1432804503,26.085977051627935
1879836104,25.98640663573863
2503500327,25.948091348903496
1433781027,25.931137558527812
2092999530,25.928883426591735
2503588050,25.926563428302345
2502980641,25.896764913365097
1931001297,25.886019338042804
1880532087,25.789895506270845
2502265414,25.776423982589147
2499732414,25.749737098080715
1427689630,25.721652813167598
1931670162,25.654340465438356
2499595081,25.63896218484761
2092043787,25.629773993612492
2501965344,25.608457942898568
2501272335,25.55971740351085
1433059564,25.51024319552173
2091230723,25.462255056453593
1880527400,25.437180647301787
2501661824,25.429797042391346
2094656613,25.423328284268564
1427886984,25.389625903365765
2499291103,25.37306081951336
1433066175,25.3723295527578
1432836790,25.360782445587265
1880461842,25.35310876538043
2501665382,25.30882854225322
2095353173,25.246971286803326
2093086613,25.243295679724422
2091188577,25.239880259688935
1931622151,25.23039044139512
1432645403,25.216961161237233
2092895481,25.19545655002291
2094694375,25.176712298926493
1931018977,25.1749004850707
1879214795,25.15565271418457
2096208345,25.105549511852335
1930940603,25.104339158597753
2501984814,25.099065384604515
1932440190,25.08829071112388
2095370287,25.045046474193718
1434117060,25.019403486494507
2501894420,24.978948481720344
2499257907,24.973772908227165
2503329080,24.960394679245162
1932461261,24.939573514215937
2503520765,24.93686317731181
1427755310,24.891800707937247
1932563855,24.87828070644727
2095429141,24.877323593495056
1879149213,24.860955158812565
1879843095,24.831745254398953
2501573564,24.76490164287477
2095352311,24.7533998348255
1439369912,24.69878869305987
1879810662,24.69306302678509
2092019887,24.581435146432735
1931617017,24.566700197625725
1433025417,24.50270403637408
1879227840,24.465552779906453
1879847921,24.44124124540819
1434096183,24.420950726390345
1879146780,24.41365345242537
2503772045,24.409272869341343
1931593950,24.408461822318394
2093931387,24.402284300468274
1933593281,24.369007194724194
1933548690,24.30238280884164
1879882734,24.271035552678384
1931643020,24.26051908557918
2502529801,24.253754500317253
1879167552,24.252492630252558
1433881343,24.238297457761437
1433390473,24.199790152103255
2499651060,24.180268641983933
1880526177,24.155798147927694
1434720681,24.15194216289525
2503427920,24.12584605768181
1933600554,24.12217357584532
1879165430,24.118954831609052
2091253151,24.111258318231286
1433583043,24.09379759693588
2091273977,24.088489273046914
2091265383,23.944046942217504
2499382070,23.934509502344323
1931017420,23.931506579603163
2502498080,23.92659001522599
2501244310,23.90811011714516
2503892540,23.864218253588366
2094594650,23.783604594922604
2499491592,23.766398861423472
1427864823,23.75507266995512
1931010185,23.74782710233897
2501899404,23.708613379886113
2092948962,23.69605575960999
2502421872,23.691977931873154
1931639655,23.669786276256442
1433313887,23.667031766755944
2092775241,23.65939542057312
2096272905,23.638452531368163
1879796645,23.611979877183117
2091223811,23.605981567378215
1880485512,23.58145760439756
1879168147,23.46356059410996
2091271224,23.342512377490973
1439358383,23.31481705297912
2091235064,23.253749331143215
1930148957,23.220775004642842
2502486533,23.16331243953845
1879826951,23.124582721735905
2502481820,23.025987095312477
1931695150,22.971200462502427
1879178187,22.970668264433375
1434258574,22.963392826321588
2096247613,22.943308638416823
1879791133,22.934751535380304
2092887923,22.91194729534531
1879188362,22.908130257010985
2091269851,22.852444583499757
1931617721,22.83643980415592
2503868812,22.796179868480085
1931662031,22.775990832114424
2093937187,22.765953796817836
2503260092,22.67003216385343
1880427754,22.63603716057381
1932622561,22.623137796405214
2500265754,22.572295782196907
1880529565,22.545710610997567
2500869874,22.500509476538454
2095467261,22.442018737193806
2092018555,22.357641619533243
1878596164,22.35354785154293
2094597364,22.3228884777402
1879241994,22.30807002923595
2502349134,22.289939108124983
2503833490,22.250272518972846
1434767884,22.248221895025065
2500744904,22.213727690427962
1879184551,22.189431145318345
1427591573,22.129880072783827
1427602503,22.098442493296496
2501430114,22.096700387409406
2093876592,22.073464304927107
1879811465,22.061223332961767
2503180127,21.98782695578233
1880521572,21.9801111094323
1932459477,21.967414816791
2092771202,21.958741188570244
2499459012,21.89429146480169
2501220240,21.86319168155611
1878597327,21.848422644746496
2092823411,21.846994631664636
1931005652,21.79737949061399
1880456420,21.77800888446689
1930986841,21.748178630478954
1934300257,21.70594117569544
1932438022,21.664962653207258
2093970330,21.642048406778844
1879872130,21.64105541635096
2501703010,21.634075623495523
1433875892,21.593891989419742
1933597771,21.588566606175693
2095422875,21.56604610340569
2503084312,21.550047018114277
2501690592,21.53440346242055
2501248034,21.525715647901556
1930242275,21.46594545856416
1879172645,21.32547425837798
2501326262,21.289460360486473
2501859655,21.274304354566265
1930187851,21.273068757520686
2499232403,21.239564184949366
1879156897,21.186251944235426
2503381431,21.17251269784139
1878587204,21.055426251948433
2503632677,20.955163240462266
1932642990,20.924465128478616
1933575795,20.91329177365934
2093061554,20.8965307042809
1931588942,20.893106902624307
1880505975,20.786698261223346
2093929672,20.745559432191286
2502571032,20.744534756623015
1930226091,20.67060156971568
1434339160,20.65961437094593
2503717070,20.650625537341572
1879217593,20.649253965043652
1434222243,20.64636611061717
1433578515,20.528003122584156
1427772923,20.52038780489533
1879822001,20.51551198227085
2095409990,20.422791050597418
2093917370,20.271598684623715
1879800564,20.2605389743314
1433075185,20.229723449484595
1439482372,20.215392095276055
1879172691,20.189085581718288
2092857115,20.151468381147986
1933546200,20.141720407306206
2500980572,20.0794762265671
2502287237,20.05133830983242
2500895977,20.045936311663777
2499497915,19.99993563443926
2095419411,19.991773657857774
1879776943,19.952936487601722
1434476403,19.878813587695003
2501120651,19.872370228830672
2095416015,19.851736503763693
2095362597,19.831421802017072
1427654367,19.82207911299577
2091181103,19.811265861882298
1879156917,19.811145026752726
2092863863,19.75818863154169
1879172017,19.731059692118944
1931691605,19.7065087490985
1433201810,19.6972063610547
1434682553,19.60541827984654
1930959933,19.563318080917437
1434068273,19.54809152110844
1434452880,19.54046434879024
2093960770,19.538270450109334
2095399191,19.532818462474314
1434383341,19.4706174431846
2093027000,19.446750709853667
2092076261,19.446428521592942
1432637681,19.41694549672193
1880472232,19.413669907493706
1880495650,19.38972388781421
2093905824,19.301837442600632
2093042550,19.27463142835419
2501456512,19.27433567860612
2502913592,19.258972664118637
1879836814,19.243952027876382
1432707775,19.22723219663639
2094612804,19.196452804956227
2499543057,19.190674368470862
2092866067,19.16197052584924
2501052660,19.11283399770216
2500211607,19.107085527238045
2092937533,19.066318101101732
1433039047,19.055226193219667
1879203352,19.01106057843432
1879852660,18.999363992939912
2500221872,18.960341406854784
2502113181,18.919419588424038
2093915881,18.914303070037942
1434642433,18.90508731842696
2503538754,18.89925688722236
2500953042,18.839738722998472
1930983443,18.79046144222151
1433504873,18.76695508757674
1879224677,18.75983843230041
1930148211,18.74768269287323
2095432621,18.673606446247693
2092013871,18.630024553417837
2094640780,18.616896858593556
2499205031,18.609812975778116
1879149223,18.563924435325173
1880507833,18.533076063463866
1433714624,18.515761705948915
1931686503,18.513479172210772
2095378004,18.492918548884322
2095413343,18.42081300840992
1934319970,18.410256864169497
2501412210,18.39642310752772
2092767931,18.306131699913582
1879773543,18.301655845745167
2092888355,18.272054875993792
2499323777,18.256564174388526
2503303150,18.166538578723408
1427816602,18.130524321961506
1879768393,18.127067592668674
2091968342,18.065862315850378
1930970327,18.064459572269563
2096243505,18.05465990041208
1433739244,18.03117258264136
1879780801,17.99368482971902
2500424603,17.98642444112151
2502635175,17.965944723131106
2091973117,17.86099005563298
2499459190,17.86015149667266
1879813337,17.84698487739458
2093018750,17.844311586387047
1433630363,17.837779157990624
1930229253,17.777942202753202
2094630197,17.75814339316218
2499655780,17.689795588119807
1931636617,17.683243378363382
1439483001,17.656293983759408
2502277934,17.63117244011068
1434190651,17.605567647329536
1880538765,17.60145611670928
1878603547,17.58404737930154
2503549720,17.542933560280353
2092878885,17.408428694918992
2499818804,17.395713791268648
1879818790,17.390257802182074
2501788375,17.3898943037525
2093876511,17.369443415406945
1879861984,17.34959874256007
2091949710,17.267925673776396
1933579024,17.267846728669923
2501308223,17.24878618593406
2503382911,17.164133970843352
1433710197,17.16134236759987
1930969434,17.142282765424667
1931600081,17.092953326865725
2500174963,17.0710304663526
2502648425,16.984051300483177
2503151560,16.978587047315838
1879194397,16.930645866861155
2499763604,16.894319829744187
2091984675,16.890591220052663
2092886751,16.865155783616686
2503187830,16.859585665947638
2501716040,16.833491256002922
2503876297,16.732825362089066
1931608954,16.681340641555757
2095366027,16.606957038051984
2503630092,16.605501747450123
1932573783,16.548931596169638
2501508910,16.497245853901724
2092054787,16.407632061057548
2092049037,16.399541809414632
2096207725,16.384110995180787
1879825524,16.342362758097583
1879823803,16.33901239425504
2500298964,16.30450305992601
1433430875,16.29149177750971
1930166677,16.23701273629872
2501417297,16.135215619404633
2502478215,16.08710952951229
1878584871,15.996014739678728
2092925490,15.900992212180233
2503380151,15.843615792640442
2096252117,15.728294533141302
2499805230,15.682783701807665
2093907945,15.681061804024061
1879782824,15.661638869561571
1880511160,15.610245188689838
2502123624,15.596488861953151
1931619820,15.561857375274279
2500959423,15.556198644707205
1433162625,15.5540586510898
1433755423,15.526577733648846
2092058795,15.475314336376293
2095392045,15.471154064585697
1879858124,15.394955591762727
1930172151,15.355319448329665
2503523992,15.35479299957321
2502282002,15.297822271342616
1439498664,15.251164189484841
2500514233,15.241012310401427
1434470915,15.22624846244975
2502662673,15.170210960548745
1439321142,15.160019644551994
2500167733,15.143501077449232
1879774842,15.135547598292174
1433246401,15.036270131945503
2092848397,14.986001472763906
2501957217,14.964182848954385
1933570794,14.945195982627167
1879154673,14.929164056569322
2502168522,14.928107132544843
2503711534,14.921212878847994
2499330552,14.91541616948059
1432947450,14.83333293347016
2092834487,14.813068281572038
2092017483,14.795289269364817
1433207191,14.699394805468726
2092997547,14.690453831256553
1879802075,14.66884270209797
1433014400,14.667571532866244
1879778934,14.636146749308454
2501978697,14.590047424596035
2503786723,14.585857027108883
2095407205,14.503830295250589
1439599741,14.484773231148342
2092787267,14.439800753580915
2499300257,14.415654464682207
1439427684,14.271130920071442
2499500162,14.254366327324622
2092058925,14.185412680137535
1932590597,14.160665765808387
2502231512,14.154824433232864
1434599762,14.110122789600807
2092886003,14.095478149633259
1879149283,14.090929072767972
1878597701,14.031694607737323
2503371853,14.029521883182237
2092794503,13.969063429341244
1930226754,13.91980772343797
2091288237,13.875078588925994
2500431790,13.851758627699155
2095336380,13.751077296164135
1931635527,13.706501690210022
1880496345,13.691886441024094
2500453793,13.663262117371556
2091963423,13.641766204259735
2499531205,13.63882191267337
1879220197,13.58264953583371
2095400011,13.485296257435593
2093918845,13.479771585660384
1878601460,13.463643509585557
1880531015,13.302762045364078
1878587037,13.265445540014058
2502636654,13.259662759839467
1880526614,13.237082234606868
2503129437,13.230993045673914
1931665035,13.117553608662838
1879147112,13.10775496805996
1879243697,13.072425574007772
1879202681,13.068987635185996
1878589487,13.034441242075017
1879230497,12.949727707942063
2091953365,12.943750693071943
2501296824,12.889740297789036
2093952365,12.889522881293555
1930217913,12.86286238101931
1878589562,12.84338503601894
2500106844,12.791703631803928
1932590544,12.758466789773937
2501763224,12.710067072764783
2503570454,12.66545540208448
1930246051,12.64147440084911
2503700332,12.623980714860577
2500916822,12.597201798408708
2092022200,12.516480860030489
2502215800,12.499546269769626
2500270590,12.463861019428329
1931690022,12.42614039682417
2093883525,12.366701319056332
1879782090,12.356124254237425
2503702802,12.295106639298846
2502985532,12.276078170785809
2096268040,12.255912814036051
2499619937,12.162968297140072
2094549637,12.156744406571939
1932612563,12.147652085058589
1880495633,12.14522998657083
1433960787,12.102330029370137
1879833267,12.091011630060194
2091955353,11.966971472691501
1432633995,11.902497354193086
1934303255,11.884547809235388
2093958040,11.870421075337209
2501883342,11.840830319366114
2092084755,11.831582843322433
2091199825,11.789159980955732
2092928521,11.77379220263708
1879202085,11.762363202256363
2094584300,11.760124465555824
2501886724,11.754958675847499
1931028312,11.635468746931203
1880500342,11.508012800337529
1879835704,11.504580940979398
2503892845,11.487923723392797
2093911634,11.440269670537496
1932641025,11.365283115942162
2501578225,11.353537708318182
1933510183,11.316019990321394
1433133782,11.179727181237002
2094643294,11.159630338198523
2501044013,11.126698517088489
2502322064,11.072288417221499
2500119065,11.008442835032087
1932601025,11.00314434323789
2093002063,10.834181298966985
2503851520,10.77892390553484
2091268024,10.766484387063029
1434428723,10.742720122842305
1433991732,10.678856291457626
2501356707,10.616417301378105
2501063052,10.614724085789621
1879776741,10.584066520017513
1930227130,10.52494279235615
1879877182,10.415989509701665
2499247044,10.407820988052457
2499701434,10.406520939175548
2502445865,10.352999405635023
2502346602,10.321712119615784
2503653185,10.303889410412335
2092959707,10.268607387271132
2091194191,10.233990741684323
1433466075,10.222076045148967
1930203374,10.21670120583234
1434301931,10.210626859489246
1879150325,10.199519117807302
1930170175,10.167356702754574
2096222302,10.150039372103214
1879863864,10.142387898746009
1433562390,10.116312847038092
1933514214,9.962720305622867
1932490153,9.929573167320223
1879208903,9.867836922153352
2091278312,9.864030549629197
2500561363,9.77439408759018
2502948892,9.723729962218286
1433570441,9.715114372826859
1930973711,9.684847320815164
1934319431,9.672716227621725
2500390413,9.653113785428726
1930950261,9.635686774040158
2092866367,9.605258407732842
2094564307,9.512243287100576
1432684130,9.419050958899142
2503060941,9.249505117196058
2502282840,9.202622333608913
1433859440,9.202003109117664
2501254685,9.159204918417897
2503202880,8.990620758418034
2503257965,8.975450433400287
1932504094,8.929880949102808
2502943682,8.886435764580767
2502520590,8.804986083896761
1930166371,8.770713022871426
2092871577,8.718238884650193
2092882120,8.702579196985386
2502985382,8.701437813226008
1879902430,8.607041958580902
2093946140,8.596223604270216
1879808512,8.522515129769152
2502617040,8.412119677266526
1930937742,8.37997543396701
2093011980,8.353048623211459
1932466341,8.349592132168667
1879217553,8.307524709216244
2092752310,8.225925851173017
2095346027,8.220588318173883
2503296557,8.205935865109119
1878578874,8.133669045005517
2095453584,8.023053081610492
2096270973,7.999443151903115
2093858032,7.965512491176636
1427836754,7.869239326405414
2093084625,7.860041265871174
1933514080,7.642984026001075
2500933895,7.612776415684073
1434432584,7.6104631126485085
2092893880,7.560140506907485
1932629821,7.559190190163347
2091225392,7.557565830898253
2503282622,7.521655605906233
1879182725,7.422084417186223
2093049863,7.397245572891892
2503134564,7.292913548222347
1433264242,7.198880062226938
2502125320,7.182917621711807
1433703774,7.063381508968195
2499573570,6.943792739315319
1933510842,6.903489903089217
1879790333,6.88260036792661
2499416981,6.8226949655076075
2094687982,6.797381669170668
2499655397,6.7783321314470415
2092892851,6.716200525275702
1433193614,6.698693408109084
2502401707,6.684168898206507
1929305261,6.590600750160297
1930169244,6.570379958926878
1879800233,6.528511080768489
1427620683,6.407100937726576
1933595357,6.37875644415148
1433277003,6.3779255711251235
2503251084,6.3699300373729395
2503492265,6.366133022523406
1427751365,6.343290122417296
2092971594,6.316007912127079
1879773321,6.2398515319761465
2092040984,6.187096681082119
1879248523,6.178573702565507
2503261852,6.171948862593641
2503618484,6.14099160530561
1434559071,6.1172180212048
2092087163,6.072230132838577
1878574214,5.885533603899715
1879833644,5.853272936758292
1934307130,5.680931322064795
1434636037,5.679239234032239
2500838150,5.626200089461691
1930199167,5.505082329189153
2499585657,5.4534472372727025
2502093972,5.446675711954388
2500421450,5.428515874477357
2501761493,5.339244260227197
1434430871,5.338137393527915
2501977282,5.242316878734167
1434597257,5.212299689403909
2501005770,5.206048314878573
2501802401,5.186051801989812
2501937211,5.152483831146682
2502076602,5.1492704798087185
2092856594,5.099212870511388
2092024830,4.950973064826477
2502590442,4.795016724696294
1934297007,4.779248710258727
1931625055,4.700779457769447
1439411820,4.495587807253734
2502308657,4.452080717127929
2502694877,4.431487395779614
2503506700,4.387798396680604
1879237643,4.372249591978727
1930156655,4.368193144353236
2500736950,4.327560572514077
2501216275,4.313628200720166
2502291050,4.309069377493114
2501155181,4.291933652828924
2503273750,4.259843700690591
1879214501,4.246478458248105
2499768852,4.232882087575111
1930137101,4.198769083312628
2499783320,4.152569963643418
2093047690,4.090876702856289
1932535815,4.039240183431996
1427808664,3.959008120297724
2093011210,3.91843697784716
1434314877,3.876853218870132
2094620071,3.805059626974471
2500506442,3.766034813622555
1879130510,3.7469738218878854
2502237647,3.6540705990963773
2503374124,3.639458845854813
2502007812,3.5453552233900654
2095441474,3.5330435174156016
1439514351,3.51755741818434
2500916855,3.516443099110718
2500824484,3.387435824616806
1933492860,3.3635037568192727
2500594534,3.3612523683915363
1930989237,3.3518665742753195
2096227567,3.3483234129638246
2092877773,3.3262924334976276
1879911255,3.294254619025392
2093930581,3.167326861106235
2500157837,3.096579457439852
1879908023,3.053462995488184
1879183555,3.0408545691793716
1880479131,3.0339027694039697
2499885794,3.0258364237522515
2094667025,3.0218586299844667
2501241902,3.0111038751382413
2091237282,2.9375794104941364
2502849382,2.9007483857151817
1879832213,2.89237147960014
1930175854,2.8880605516036693
2502788671,2.8088258930723766
2502245897,2.7938774716008616
2502545140,2.7795964291098705
1934324013,2.7671187942983373
2502267454,2.7559158347888695
2499530091,2.751402387923131
1434342830,2.7407858958585822
2502245990,2.7362707401827726
2502238784,2.675390489247342
1931641962,2.6435705224944757
2502219574,2.629472538457223
2091230624,2.6196001031900615
1931689031,2.603424741328553
1433442071,2.580299196661426
1879887305,2.574391673060941
1930955204,2.517577799749966
2499655133,2.506879056221865
1930954185,2.497745361107603
1932457174,2.4913197122272943
2502042364,2.4562531907263
2096186462,2.4535546371130303
2499498142,2.446483642718516
2503362361,2.4403423646813254
2499552123,2.4247714194587418
2502086472,2.4104278200206406
2091237704,2.4000597823828267
2503887320,2.3327003178368635
1879160514,2.284663193204898
2501183215,2.1703417924438364
2092872161,2.161094784061351
1930234011,2.109105870847521
2092841470,2.1001189961845483
2499299800,2.0886113790061462
1930966252,2.0521324980467455
1879189522,2.0459265065649674
2501848772,1.9832595577786671
2093080013,1.9629999515610577
2502183104,1.9369500015310335
2501404785,1.9266356396265527
2501049334,1.9113280736216602
2093057597,1.9090730013007347
2503073171,1.885268768386757
1930940280,1.8834779529530035
2502987530,1.8829325015508311
1879200495,1.8476226217627052
2499206293,1.8328250465297617
1932633181,1.8300331670484709
2095434001,1.7978893575310768
2501512930,1.783289499205969
2500266087,1.7763822351767875
2500414825,1.6953188281341705
2499282703,1.689052788827481
1934307945,1.6717389804257
2501963084,1.6597931387151335
1879208353,1.6347201418491508
1931006080,1.6050319083644353
1879844673,1.5937815534261108
2502634473,1.5596876338758323
2503134067,1.5488832151129193
2092926813,1.522563303589944
2095451857,1.5217569322188764
2092954843,1.5169404363085297
1930147935,1.4760070977032995
2501305902,1.430759761763507
2093922924,1.4158162800708618
2092860614,1.4133756716983426
2502378464,1.407398950997262
2500465907,1.4027112514984985
2500973963,1.3343471957135289
1879835940,1.322910876143794
2503629030,1.3174859018892666
2092055271,1.3008772295196593
1934306281,1.2855046210187573
2501969262,1.2758077769626546
2094616277,1.2716136126085964
2096230544,1.2715177616666138
2096200262,1.2610066600003298
1932481550,1.257447835542376
2503638252,1.2423266313112022
1432845141,1.2113517359589192
2500409523,1.204733593232382
2502274783,1.1827311277593675
2095364133,1.1731404888195296
2503465050,1.1448741882716773
2500845293,1.0873206915274867
2501262454,1.067969755861116
2091963553,1.0581883394045202
2499606560,1.0555542743982043
2502114942,1.0497789123154333
2502339012,1.0455885125375606
2501276130,1.0192483014877507
1933531492,1.0006021257580067
2501387574,0.9998205916574467
2499633757,0.9963810775842232
2503412784,0.9835036365949259
2499802124,0.9820717419811926
2500304223,0.9769437341282643
2503244174,0.9613311712668249
2501235352,0.9125184264268518
2502313740,0.8755865123068192
2501775000,0.8656838833987486
2503143945,0.8655508452102827
2501791630,0.8413492829591926
2501517224,0.8370933752455426
2499426904,0.8006834866387336
2503792674,0.7896036045127935
1931594537,0.7833529548920266
2499470433,0.7832307171668471
2502317682,0.7817758784432641
2503052112,0.7809690449989587
1931639002,0.757798644677895
2499704044,0.7330469211275028
2092088127,0.7330298374942146
2501268972,0.7242443407427248
2501207730,0.7221985490017073
2503197992,0.7140708842608462
2500809400,0.7018097145576927
2502802233,0.7003933300566538
2499313540,0.6730604158266726
2499225637,0.670951035163629
2501479774,0.646933728302554
2502844741,0.6458870350297589
2093023244,0.6439277929516365
2501868731,0.6375503917613147
1879780590,0.6254568785224288
2501198700,0.6181606138077054
1932591405,0.6156625712146697
2501166762,0.6098653160470295
2503608270,0.6057573113923722
2499671352,0.5967683805762923
1929309083,0.5782814127238829
1932499717,0.5522415230621754
2503368450,0.5516451439442162
2499393542,0.5407788659081221
2499206154,0.5369180812492061
2503725854,0.523098070284271
2093980440,0.5136770625042875
2093050600,0.4974961640416263
2500410693,0.49183198136581596
2092879253,0.47808738653587085
2503718010,0.423319843897907
1930993477,0.42070077097235686
2503819890,0.41604870123821364
2499453160,0.39780033868168674
2501833491,0.3905490744226425
1434635635,0.3698638671356717
1879176623,0.3637510685784145
2500895150,0.3559706132277286
2095439572,0.3555831613201834
2502636050,0.34855794456055667
2092773853,0.3445546035297868
2095451137,0.34224073120196136
2502326242,0.32548572658680475
1930247677,0.31495945225324756
2499588640,0.2779960739334341
1439659294,0.2629324844195625
1934324887,0.24779015377275307
2502296224,0.2341148621246761
2501450034,0.22570639971721645
2501169814,0.21764488458576634
2092026823,0.2146949736267439
2091222152,0.19577433787427853
