user count in community:2693
Topic id:5,Representation:0.737455952797267
userid,score
2502294870,246.2664107158856
2502972784,243.1567595805988
2499368071,226.8059143313731
2502368457,211.88141665746627
2093091603,205.67603809502506
2092093181,200.12083332004286
2091227401,198.7291521619017
2094615725,195.02645681539576
2092890315,193.28190734953196
2092942010,191.85323373962035
2502193122,190.1400716018487
2499218784,186.93897916072203
2091963164,186.3646353941097
2501473964,184.33458915540064
2092852901,183.57998934942216
2095402500,183.44639471296452
1931695010,182.50993387376022
2096202780,181.0231278206494
2093976291,179.46881796926726
1930982315,176.77178864901379
2096218634,176.3034252213438
2501343091,176.28439289287405
2500178713,175.22433062234555
2502400832,174.83906287051332
2096259843,173.5270005271593
2499718200,172.4781886069662
1933501672,172.07823506197957
2091241342,172.07502364731738
2500109674,171.44775098071145
2092768147,171.28521227782377
2092817835,170.49257753717293
2091984891,170.00764131566052
1931607770,169.9395888948857
2501792972,169.0068498556017
2503718475,168.62716555768282
2500342980,168.60009747467063
2503324842,167.8285210325651
2503365995,167.21514554127612
2095463592,167.18303923167215
1878587233,167.1402928650992
1933575493,164.99706425449054
2094610030,164.44253514049095
1930222465,164.38555628485386
2091995703,164.36912965410306
1932544014,163.858841687227
1880536125,163.62158199971594
1434718541,163.14081069428732
1879816730,163.12384780352693
1931026140,163.00003172384694
1930253297,162.9937269892315
2092824144,162.95932473898458
1930172525,162.3602664695215
1879850912,161.82920559005495
2500580865,161.7801767195561
1879156641,161.716796679993
2501091467,161.119750630319
1930160965,160.79926314247305
2502824085,160.28520701656203
2096235440,159.68420534173407
2500866724,159.34457561950288
1433158597,158.87960641222165
2092833354,158.81040570301994
1931666521,158.67299461367287
2499722571,158.66652528758155
2502919853,158.27396670694634
1933500587,158.06301132878852
2502835711,157.82239597952992
2095403241,157.80252980376105
2091217625,157.25683796857777
2095456702,157.0767386446237
2092069575,156.87353083508293
1930157535,156.81481153936826
1930229825,156.64103993241818
2093966457,156.59323947744295
1879861454,156.08316664245456
1931655655,155.8645085256924
1878574173,155.3688318646878
1930176135,155.36734904848944
2503101385,155.19130037214887
1439559653,155.02551393801815
2092983305,154.99350778500474
2499646840,154.90820473186722
1930215645,154.86994914725253
1931622455,154.71608791186284
1879184517,154.449089410345
1879792962,154.36071090896723
1934298784,154.09890040205173
1930253957,154.08281551809876
2091195395,153.59546640623927
2503735491,153.5835420061107
2501793810,153.54560486992042
2500199512,153.51460834210295
1878584035,152.98251374828533
1879174047,152.9533110158639
2092038275,152.75434537041443
1880521683,152.51741833749864
2502081387,152.01029025458556
2500476697,151.8656200344871
2091212663,151.78074944911947
2502643273,151.76611221627834
1932434035,151.49645537423513
1931590945,151.43064818016532
1433305461,151.4197694249376
1931620197,151.26762870872116
2500112881,151.05990935249352
1931627153,150.853284209869
2091260101,150.62942761527995
1880435202,150.18424640532484
2500961500,150.154550423691
2092951285,150.00575052773797
1879779583,149.8799268394506
2093076580,149.65731002298747
1932534394,149.59999160067082
1427716044,149.4487080775147
1433996671,149.30685819866042
1879868534,149.22708092548768
2500145240,149.07422316490926
2093003253,149.03188773067794
1880439182,149.0112206711298
1931590410,149.00836876705796
2094650971,148.998910540546
2095368283,148.93193488816215
1879844885,148.8734228454464
1932470121,148.5398864485043
1931631663,148.49620870380284
2092878740,148.20343623416238
1879773981,148.14577804819004
2501390215,147.81980066824224
1879775550,147.39234248328603
2091250017,147.1993549592772
1879904025,146.90252798204054
1933526635,146.84416214816747
1931635682,146.76103185791246
1932459383,146.61918032408147
1931024783,146.5891504559813
2092799092,146.56766466981773
2091984467,146.3869933885013
2502723563,146.2472598470031
2502768851,146.0350012724113
1934319687,145.88251726266947
1879187927,145.87801678595793
2092039132,145.74452951111746
2502850823,145.74063550828765
1930220847,145.7230346153427
1434766840,145.62649050131367
1433594093,145.59364207779467
2091237372,144.8839163568374
2500496697,144.83117100205237
1433758267,144.71084154045383
1932457627,144.57510528773554
2092025971,144.5006475871132
1879171053,144.320537600982
1880495980,144.04520802142872
2092880551,143.90070630485158
1434000397,143.82396188458847
1879794964,143.81319865844455
2501582641,143.66075883277577
1879834875,143.59337385343932
1930955163,143.51446357548227
1932549361,142.91814534276648
2499428540,142.7885436609873
2093083712,142.7324115138627
2499553550,142.23638007858602
2503922437,142.2089357705981
2091982014,142.198471238393
2092808473,141.87558260444155
2502140135,141.87343540938775
1930945923,141.852866426045
1880526592,141.75895587693336
1434351692,141.6937452357441
1930996643,141.41615598237573
1879168733,141.08255157461593
1880512827,141.015280080053
1932450391,140.88658175760838
1879788732,140.78636231399523
1932645275,140.5812306861021
1427731845,140.39883837796575
1933536517,140.26347263952997
1879134702,139.98701592082986
2095400730,139.9004200367739
1931692703,139.88631539450003
2499711222,139.803814979619
1930953171,139.74942104847767
1930165154,139.7440586578042
2093968013,139.6039315142684
2501023050,139.59525635180788
1879177922,139.59043792094613
1433554382,139.5502691856849
1879148700,139.22128990252082
1933491755,139.18389943838224
1434392503,139.07236338259412
1879169402,139.06689256081108
1932568343,139.04717605834847
1930154233,139.04589139686502
2092066705,138.9118563111508
2092790137,138.84002250305247
1880449090,138.6558334420383
1880476793,138.65137758669272
1879162233,138.40698895419786
1879223590,138.37786798629566
1933549537,138.23105985799074
1878578202,138.22658019814426
1879806462,138.16233452141014
1930225993,138.14978600537495
1433057603,138.04882992560076
1934320697,138.02723385440976
2096244891,138.01199977840517
2095391501,137.96488653445797
1930963823,137.84988276464264
1879856853,137.74108998716446
1933572564,137.70117168329077
1879135361,136.9077333191296
1931631517,136.7916204121421
2500655062,136.74914358503105
2093030757,136.49138185157528
1433417231,136.3908772039972
1880514311,136.31282075892017
1932645644,136.21714488795058
1930969033,136.09619538440487
1880526935,136.0243999528688
2499601602,135.89682820412244
2091977392,135.78178617198517
2094569183,135.67365388259654
1880447342,135.6190541358983
1879232854,135.40246846966215
2094685961,135.19366159683128
1931644244,135.06845825951385
1434747630,134.77369268133057
1932541573,134.75692215649593
2503789574,134.75050961047322
1879149511,134.7430153781499
1880532555,134.68843962876798
1434768663,134.63297531809084
1930248343,134.51083312156265
1879231355,134.4957142933528
2501321532,134.3894841945689
2091224645,134.36949490968698
1439386423,134.28266707218253
2499585702,134.22485446764
1879141351,134.18748938269275
1934322984,134.16904355234155
2093967510,134.1514875259076
1432791601,134.13352991965198
2091181502,134.08735990025133
1879898995,133.91055188854497
1932505013,133.85357186941388
2095382490,133.7665843306559
2092038660,133.6104420936742
1880453697,133.58384241040667
1930162215,133.3978810452193
1878586877,133.29926056175233
1434083793,133.22494447019744
2094647985,133.0292319318513
1879784384,132.9977765581528
1930930292,132.9596011100048
1433341422,132.83309761072863
2501715910,132.82017495128804
2091183973,132.75714386648164
1880478602,132.69301334678764
2503441821,132.61977370683798
1930990001,132.55415878713467
1931595353,132.49244053246258
1878582655,132.46434592476942
1930196420,132.44528940363975
1931603433,132.3308933562642
1879797891,132.33034474365803
1878577960,132.2876880553802
1880469012,132.17515019927905
2092994290,131.94774695089458
1879196597,131.94080952653235
1879806221,131.8898934601102
1439331640,131.8625065406906
1931015301,131.84030261381557
1434750034,131.64930429910635
1931011233,131.63419609495796
1930973297,131.55232049090498
1439362620,131.4350764773337
2503749404,131.1552401833765
2092775851,131.13055171997635
1879195004,131.12080538063415
1930187431,131.101746872242
1931691634,131.09168284101287
2499488247,130.78863043268763
2501634180,130.71482333396975
1878599187,130.56641539977096
2091950920,130.36268466210896
2502018002,130.25668534493278
1434184805,130.250333470076
1879166904,130.1107736261175
1879835433,130.07716151360103
1879230850,130.01701877977965
1933529375,129.96190230521378
2502514097,129.78673312143036
2091246095,129.75737972631092
2502911064,129.70859989476932
1932495905,129.68697142597844
1930955494,129.6837087508501
2096247543,129.62202687570647
1930225351,129.56133608080668
1879888805,129.43571982293858
2502509532,129.41051938454183
1879900374,129.28838307814823
1933562353,129.2765209993534
1879190741,129.27623915601362
1931665431,129.2663377584653
1879861982,129.23071535402534
1931641951,129.18017576378946
1879823630,129.12484865658715
1880448245,129.0540523653251
2093085513,129.00308629189004
1879207025,129.00100168263228
1879153037,128.78724295505822
1879182765,128.63794018230408
2093026454,128.60412781810246
1879165097,128.5599795351057
2092806983,128.45212806524844
1434747404,128.38195117239798
1879784077,128.23116742395328
1434510235,128.1673786392781
2503663570,128.13604472100286
2091191900,128.13382342548894
1433933491,128.12417323823124
1879786732,128.11981182508106
2501733850,128.1081541455548
2502668812,128.06834184896667
1929310313,127.67345251213506
2092914524,127.6412760191871
2503847682,127.58074593178705
1433684545,127.52990200211886
1427860691,127.42412523575305
1439385562,127.423404890929
1931603865,127.36041096995062
1879167282,127.35902208512306
2499852404,127.23640984696272
1931626407,127.2145572024918
1434654963,127.18661476579474
1879154851,127.16994472041523
1933561393,127.13716082196119
1931691851,127.05714705379252
1933510195,126.99356789099733
2502260154,126.93835175456522
1879210993,126.89792524250593
1433345865,126.88637952657774
1878574921,126.86778229740496
1879802041,126.8609745922664
1930156640,126.84302541712147
1434338352,126.78420038416476
2499230872,126.61138633532545
1930158634,126.59932113627279
1434644694,126.53406776319623
2095404001,126.38910024875865
1930953733,126.37002308918174
1930938422,126.29418635933938
1439591115,126.29369519180597
2092053755,126.28059284209758
1880512414,126.20589933408233
2092879621,126.11754638999837
2501698365,126.09708656702293
2094646703,125.97875828499465
1880530643,125.97148387977265
2093028210,125.93286772422437
1879910222,125.75574308102722
2502731893,125.6559113946881
1879135231,125.64360832374652
1879868954,125.61149946267697
1879158780,125.6004056776557
1433219737,125.48626597391375
2095485922,125.42802135750223
2093967037,125.37337552444797
1879894420,125.3465561774094
1434769525,125.10564435050314
1878585421,125.09723563221281
1880457192,125.0303176846182
1879837335,125.02499361710679
1434757120,124.92535975504435
2094690957,124.83460031802115
1933550210,124.76251332436588
2094662377,124.6621067255771
1879145080,124.66008914803733
1880495045,124.58424174224756
1427890455,124.53661990573806
2094675562,124.53638075635907
1931616044,124.51033095982802
2092063751,124.47995310892018
1880507755,124.44666372418534
1879176622,124.4320047513227
1879828032,124.32688524552339
2503415980,124.27339548564547
1930220551,124.20982279228558
1930178262,124.07624618541048
1880441747,123.99932866551342
1880491875,123.72605434676031
2093048603,123.71646197957268
2500161752,123.62772509914853
1880466742,123.45704565488863
1427869902,123.31522549771475
2091974085,123.29098725861869
1434634922,123.21434434225974
1932542753,123.01872334207984
2503628165,122.7706694500525
1930222534,122.77026260675429
1879154083,122.65679143183961
1434510764,122.63311801183687
2092796927,122.61158951388668
2500801210,122.5255498414647
1880440770,122.51871613106553
1932468067,122.4968437183987
1880477453,122.37727353656669
2092986322,122.37511433386787
1434559737,122.36467970814799
2092980850,122.1073842138314
1931619101,122.09959245927267
1434419542,122.08863172959654
2095405902,122.00336151145666
1933549441,121.90998857910259
1930138403,121.86724153374017
1434224753,121.84272936934721
1930160684,121.76138701197773
2503889531,121.72886566064342
1930944562,121.68297211323576
1879789757,121.63167312797515
1879134392,121.23129883068367
1433562093,120.98492145748816
2094644051,120.95955347811329
1433764400,120.78518385270401
1930940283,120.78370285406685
1434420081,120.7611082675835
1879890940,120.73161860208751
2093031417,120.70673821719757
1879813564,120.5806742749596
1879184891,120.55999074058097
1434333017,120.54363783141521
2092963791,120.50575252082282
2091988750,120.35257413080329
1879151823,120.3016403274776
1930196795,120.25899144028969
1434531735,120.25810627988676
2502781687,120.24535079228532
1879810073,120.2000204787516
1879200053,120.1295593500132
1433447725,120.05843749835395
1433833077,119.94842630576063
1879215861,119.94568769768593
1931606564,119.91286554492392
1878580667,119.8653980302588
1879194601,119.86421183443247
2094662201,119.81387307201742
2503513380,119.80308357536973
1930969773,119.59603723463727
1433341277,119.51280150451711
2502416304,119.45092910871671
1879190683,119.33600790525139
1879903355,119.15070716113357
2092843825,119.10507713006174
1879179924,119.00052996017818
1930244925,118.93351363679808
1933499583,118.68384326562318
1434498742,118.66129332605438
1931693722,118.4131600998645
1427701864,118.19924188880854
1931644995,118.11615230741512
1434081092,118.09742537550146
2499544204,118.09548295215406
2091968363,118.09219282574784
1880450772,118.07488827646925
1434460071,117.97872324492629
1879770063,117.83618493295975
1932508897,117.79745094515326
2501038712,117.72795876283078
1880510905,117.66477247581265
1930962165,117.65401928862805
2092971103,117.51178750859583
2500941035,117.30320605396591
2500289390,117.29094519032499
1439320732,117.19421279728866
2094651713,117.15801035702427
2095489587,117.1422881294806
1879879900,117.12040890595189
1879155935,117.07369234997687
1879912811,117.06397681488143
1434732715,117.06390331917936
1879193925,117.05671797295608
1931640457,116.98620873273437
2500395267,116.90472727233424
1879837990,116.85941848019176
1930981344,116.76289526242965
1433727052,116.51401052063909
1879908067,116.47098252016244
1880516174,116.45742715793932
1879161247,116.45166041279708
2500991640,116.38649548336093
2092066853,116.36363988030554
1433899854,116.31176187585014
1427682987,116.27830887729625
1930236085,116.0555117990178
2501580822,116.03764001975732
1434440064,116.01762632188515
1931599557,115.99807849718697
2091978871,115.87657119611464
1433668467,115.82928325296713
2096207992,115.82782935314174
1930956663,115.80812504497909
1433229632,115.80807899359667
1433872087,115.7944674502155
1879824034,115.79010771230108
1879226900,115.77003548574496
2093853084,115.74275481568029
2092054937,115.7291291333297
2091252791,115.71197644904291
2092035013,115.7117781809387
2092003205,115.68190866416754
2096238664,115.64850127062466
1878593253,115.57881618597972
2092067403,115.49453357033367
1930184022,115.15798591112853
2499826160,115.07898770836422
1434190202,115.0018104487472
2095453721,114.98185169325208
1932496917,114.88503436343865
1930155762,114.76682857367412
2501438970,114.76465910831166
1933577854,114.69032027728007
1930207171,114.61926362623025
1433603622,114.58664600541655
1432936420,114.58647075659249
1433481133,114.54894055805146
1880450407,114.47327298790643
2501439933,114.44615195685087
1879812695,114.34292861255024
2094679910,114.30920554981236
2502445640,114.25689872661806
1933601152,114.1511418428077
2091973917,114.1405445326212
1433647611,114.08407941654504
1878603930,114.07679840427862
2092815062,114.05566966054909
2092022164,114.01078784596527
2502212842,113.9961191616738
2091282502,113.93825012092383
2093046393,113.89141018590651
1933505515,113.86025999309231
1433665610,113.82613313403692
2499227700,113.82289877991192
1434421631,113.78923342581663
1879833773,113.73694072755367
1932568125,113.73291601768656
1880528621,113.52830355723462
2095391795,113.52771117476152
2092895693,113.44424378644901
2501670035,113.43802283377536
2092884813,113.37984028456266
2502103375,113.27151936588479
2092922295,113.20235100008415
1878596574,113.19841195133748
1434067313,113.15961672597966
1879137657,113.15411462991437
2096203173,113.10194610640367
1439371020,113.04239078696753
1931686391,113.02985264575216
1433773952,112.97067085441236
1879850750,112.96159321559342
1879224264,112.94861295848574
2095336533,112.85933323705616
1879124530,112.83857746172437
1929308284,112.77304033117956
1879824254,112.75811678411628
2501209342,112.74164994814322
1879161364,112.71675353024231
1879876820,112.69717024589568
2092077323,112.6859460106908
2095368143,112.53502850954736
1878586385,112.43389092382216
1434717217,112.38927253172177
1930950300,112.35065135498651
1879872902,112.30618864506194
1930185800,112.23462525106491
1930248475,112.18857430080745
1879838980,112.07748053060159
1879768804,111.99815004934038
1932585327,111.98997958941968
1434066280,111.93546736724788
2092790224,111.91924592416537
2095414645,111.8237500382608
2094629835,111.77310851557267
1427842754,111.74132855414996
1879144844,111.71738298038524
1931661027,111.65985717305423
1879234602,111.65103627060893
2499211421,111.6172333047525
2092996530,111.6116647264573
2094698452,111.5943439998295
2092087977,111.59324315914918
1432947320,111.59074313399557
1433714461,111.46134978328307
1931643635,111.4598947653156
1878602370,111.44893632015427
2091270821,111.41663658012651
1930963421,111.41050849567677
2092022400,111.32893147337884
1879227784,111.27699946324218
1878576942,111.27393362812357
1434711685,111.2244713750661
1931672847,111.20899560737622
1433063440,111.1526254002952
1879134130,111.07204025743336
2092043947,111.06244445922783
1879241531,111.06195098506956
2501616304,110.90812997432575
1931645227,110.85312279148326
1878600095,110.8248283219016
1930149725,110.79618737728254
2503583390,110.76880543812065
1879212093,110.72019065186338
1880428513,110.67837743634814
1880489170,110.66845158031435
2092780115,110.6243730915928
2093014960,110.60859494510463
1878582923,110.55971556317436
1434114220,110.47599386879635
2095378413,110.37295654219804
1879156402,110.33825683367348
1432805264,110.32132668538058
1931670620,110.10578079635275
1931633151,110.09295430298593
2502955872,110.09179956335778
2503037367,110.06509080507219
2093955515,110.06242097176133
1932480673,110.05757069154801
1878596054,110.02619018451317
1879866594,110.02255446515684
1880510250,109.99744360207517
1432785024,109.95062213549834
1933491244,109.69917090265335
2095375077,109.67854406094538
1930950260,109.64843888517927
1879235807,109.64779902000146
2092903445,109.5759406365557
1933502477,109.55612479405728
2091214637,109.55356535879464
1931658307,109.51598850015291
1433595894,109.5121729240695
2092759867,109.50078283248612
2502073210,109.40072944533583
1879140633,109.37658947469359
1879243234,109.34166966924941
1433305747,109.25376152138047
1434341077,109.22893404963983
1434585263,109.21456312209446
1879884724,109.20881714046456
1930987564,109.17965696862956
1427830533,109.16832476259508
1929307083,109.16430194568443
1930158577,109.13922471040885
1439543974,109.12805217803286
1434263584,109.03862049006236
1931657053,108.95411682401947
1432674253,108.95245749666091
1879200961,108.93941656090922
2500682675,108.87005946471974
1931003013,108.86725736853403
1933577791,108.83281046383406
2093936937,108.8070798660293
2502441550,108.79355617746694
1880495581,108.74422415500638
1880451182,108.74260962065817
1930141311,108.74125352518796
1930974695,108.67071932854228
1434426213,108.57043865507376
2503865540,108.52517246977963
1932526457,108.47940859746409
1879849895,108.46722484971299
2503480364,108.40886432913584
1879132813,108.39072968799066
1880501330,108.38396683299464
2091252947,108.32513902182897
2095419604,108.31458469758907
2502967742,108.21140101403155
2499577440,108.12666380069538
2503862422,108.08431527432099
1880544771,108.04352124061417
1879169925,108.02970748192217
1879803447,108.00644885997781
1931658070,107.98863581889375
1434119177,107.95443873405831
1434029707,107.83001607685802
1932603082,107.7619906508406
2091246714,107.7542599394711
2499703585,107.75270541084873
2499213580,107.66751890002585
2091237521,107.60067947200696
1433631280,107.54215259407822
1879124215,107.5378502884668
1930939505,107.48471374044033
1433864152,107.48269203682618
2503623450,107.47680725747493
2503825925,107.45806785205586
1879173071,107.44626229968337
2092824721,107.39001770481349
1933528515,107.3627040917633
1434655804,107.36123777054237
2091969387,107.297295374513
1880494010,107.28759906988834
1930948044,107.27590855672742
2095468692,107.22387358383162
1930999350,107.22254524160232
2503626602,107.18280867692006
1930245924,107.15447933358587
1439332734,107.15210005996998
1879170940,107.14759050840632
2092053641,107.09673495846558
1930164227,107.0231177525166
1931667255,106.9837271707611
1878604512,106.79151484712078
1879202050,106.76168414818201
1879200502,106.72152845175515
2091980411,106.67834399935069
1930195211,106.61100988418143
1930209471,106.58508350455382
1932556065,106.54073616582517
2093022531,106.44788674812014
1879142160,106.3793211181075
1879890220,106.27767889911135
2092790393,106.27029749980566
1434771544,106.27029203012039
1931685907,106.25491092010782
1878581001,106.24178988583483
1931631153,106.21030102801403
1932498447,106.17322783045005
1433609564,106.04749664649297
2091196781,106.02057726554797
1879868464,106.01013344871215
2096262830,105.99851803849448
2502822742,105.9553610558865
2091275554,105.9535980360066
2501353714,105.91010650396264
1433575465,105.87521274225057
1930179875,105.81185842938575
1879151193,105.80677141525749
2502178591,105.77264387498529
1930246545,105.74026091715335
1879880354,105.7082381643897
2092983405,105.66968119946219
1432615223,105.65260826694828
1931594170,105.61006325162299
1934323725,105.55415679212096
2091250994,105.5537710654141
1434139611,105.53879583300181
1930247287,105.41260994497961
1434027090,105.38351682932087
1932602591,105.3774579500542
1931626655,105.30349957954535
1879157655,105.29295845590691
1433070232,105.26481953399002
2503347380,105.2509355412129
1433730670,105.19606935599667
1879839551,105.08923864166599
1933589542,105.07405429402465
2092922662,105.02852818483949
1879126244,104.87532707981308
1933555927,104.84540399487268
1930978534,104.81283468405609
1879853647,104.80150277956167
1930191663,104.80106047541035
1879813020,104.53089727395597
2092979117,104.38169960896423
1931013913,104.37920244563377
1434660360,104.34652002354245
2503718362,104.31648858101444
1433298592,104.2883226724492
1434639643,104.15591455058868
1879130233,103.99570524577432
1434283474,103.98405178243817
1434763932,103.85309608084653
1933496003,103.84316674326732
1933546391,103.80775305420981
1879214934,103.74223965317387
1433935884,103.69490189603513
1880490382,103.66467244919656
1879132554,103.64117819722892
1879146051,103.5388611833951
1932522361,103.36394169210412
1931654123,103.35739982157004
1433668703,103.34655500259763
1879135063,103.31694753236965
1879903370,103.28138649399607
1434137012,103.19372117672957
2502336984,103.18760583641325
2091973893,103.17109102785658
2499846657,103.14766805017523
2501192554,103.06276124406595
1880433195,103.05129220542169
2095489837,103.0511390350922
1930932124,103.0155692097446
1879128485,102.93960931584456
2096227133,102.87766337358916
1930182093,102.85527893766812
1879126995,102.8535348979507
1880447343,102.84309620891335
1933592057,102.7716640857751
1930184464,102.76733371800248
2500726004,102.73331156167639
1434721137,102.58245507661098
1434507202,102.5758060269634
1879214020,102.54176912465776
1931668791,102.41431006130469
2093882415,102.33777445331656
2501396690,102.32403466841792
1931656571,102.18565178675205
2091181713,102.16506828203279
2091197941,102.16160745504006
1930985172,102.07571985643659
1879882765,102.02837113491566
2091963161,101.95906120928844
1427758353,101.91157407204564
1931693170,101.88938404768399
1930188871,101.8835436443846
2091976587,101.87231405890253
1933514114,101.8704708525177
1931008083,101.81295828641284
1433518063,101.78104274603693
1879241347,101.77204940042937
1931012665,101.75269788835051
1879821341,101.74736427194972
1931588261,101.58027618291104
1880466291,101.53979485592801
1879901255,101.52557093323308
1434755755,101.48426245440751
1879805097,101.48203996530519
1879167284,101.47000083243071
1433177705,101.3473911969782
2091998937,101.31074032842308
1879844887,101.27583189918312
2501954140,101.19374061732344
2096185780,101.16911454322914
1930978947,101.08427804531416
1930965767,101.02472949925429
2093853633,101.00441349576904
1433535571,100.97320169897814
1879860222,100.94945773208127
1933551953,100.8996091464237
1933563930,100.84331523722523
1879232197,100.70455484689992
1434182501,100.69474219975815
2091276091,100.61188629303957
1434732514,100.61117496888218
1879865763,100.6104691413582
2502198263,100.57878364363282
1439520395,100.50986123453872
2093960491,100.45430288212482
1932428662,100.39782173045072
1878573973,100.24378533209456
2093867161,100.19575755004404
1434489412,100.14136483956328
1930965995,100.13596991415659
1434193271,100.0920109851033
1434456800,100.02650427384005
1932548365,100.0258241170191
1433596983,99.98574764010567
2502046457,99.8229176083084
2092072103,99.7965190286633
1879152354,99.77996505076204
1879777673,99.74666075948733
2500461237,99.7452053729541
1879848224,99.63163557476194
1879207284,99.60534846054544
1879143957,99.58881093745475
1930203735,99.56366026293587
1931695465,99.55177571121654
1880501980,99.53211249620004
1433711954,99.43288541206636
1434448551,99.34734493769751
1930211141,99.34639149611596
1879165642,99.30711212811471
2095370230,99.30260048748384
1931638773,99.28664452056755
1880442022,99.22905867191078
2499205517,99.22225951925888
1879790140,99.21360480149808
1434536551,99.20694335337193
1434593852,99.1504225783444
2501965674,99.12449032417489
2094695095,98.99356165964716
1879152674,98.94298856636216
1879857984,98.92840701439383
2093881290,98.88498781125787
2502479894,98.77706467071418
1434273737,98.7447825288955
1439475123,98.61213512748125
1932433070,98.53893571823112
1434348073,98.51159343012685
1879187595,98.44474022419247
1433518354,98.43408256442886
1932563453,98.40888962535483
1930214863,98.3852589826455
1931008345,98.3455739762415
1879145304,98.29783846166504
2092045355,98.2764581365283
2092799887,98.25975155133268
2091955361,98.20981096580769
1434029531,98.1831449681004
2096185777,98.17812987477757
1434366115,98.14742028146993
1439451013,98.08217174475631
2093875384,98.02417989460541
1880503964,97.9821210436965
1930228511,97.95157106328719
1879785245,97.91044649352163
2096210800,97.89282291886038
1931677815,97.86306381240426
1931009925,97.69357366619103
1432691295,97.66249884944752
2499727654,97.6504082439359
2095467563,97.59340771095971
1427605041,97.58379623031524
1434564321,97.53693847500013
1434275153,97.50992850293387
1931629247,97.49335191680426
2503767942,97.4705078241722
1880455751,97.44840652824708
1879908932,97.3569758114642
2092880315,97.34656666436037
2091288401,97.314361955198
2502078922,97.26021494091728
1879859300,97.19495811169651
1879136302,97.1687707920893
2094602937,97.08487085802285
1933590363,97.04464222984913
2501760072,96.9047089844397
1427785057,96.88643274979363
2092857535,96.88103330638361
1878589902,96.83915163033913
2502691713,96.78850563151663
1932481025,96.78456570183012
2503351750,96.72239841486899
2092041250,96.6294224076304
1879124225,96.45523692103973
2500299700,96.41576959627768
1434228821,96.40379340820827
1932526717,96.35811855946208
1879162870,96.19509038600205
2501506624,96.18292654864615
1879900004,96.12726683520091
1879829814,96.11225020237357
1930166385,96.10969018006841
1879828401,96.1019967472348
1934311923,95.96385630110645
1930997573,95.95365132889839
1433742643,95.90743044866635
1931679971,95.88121043072319
2096217024,95.85551974035695
1879840390,95.82468092587115
1879168322,95.8160624239738
1930170303,95.79318364619081
1880459165,95.69151947777189
1879139004,95.67347843152245
2092995194,95.6454782834552
2499266922,95.62413602491456
2500110331,95.42164753225597
1879216820,95.41597873463138
1933509284,95.3914179979974
1427716985,95.34838526810584
2502586772,95.32653404348038
1880443695,95.31737435918642
1879234001,95.26810957729168
1879781792,95.20185945741682
1434203610,94.99410931358517
1434066772,94.97114166860504
2500857540,94.9362189764164
1878577443,94.93125356875497
1879778165,94.92836753482536
1439626837,94.92643901553835
1433685875,94.81217770152514
1932500584,94.81091546496305
1439398441,94.68906931408769
1879797933,94.68581654921785
1433606504,94.65440149413796
1433478450,94.44990811793207
1880519011,94.42653902632658
1880482500,94.4230395787013
2500398013,94.34178317319942
2092918875,94.33362104723426
1932538882,94.3239060588909
2502909364,94.29374334650623
2502493942,94.26125458386647
1930940544,94.16261478910717
2091261215,94.01317155314867
1930966837,93.99077448488352
1439506484,93.98108953673184
1439387340,93.94083657739829
2091268201,93.90266266434024
1433646237,93.80235200206599
1880439531,93.79079426720347
1933549843,93.74296244746412
1434643147,93.59701042064334
2091972133,93.56229919560865
1433845555,93.5053656649764
1931649515,93.49939236942106
1439551730,93.48886072009203
1880451887,93.48702888553608
1880443285,93.42776007629008
1931592542,93.33332995577841
2501886235,93.27781616996626
2092042382,93.21340022812379
2501655084,93.20598492528401
1434720022,93.16267764326162
2503803340,93.1468341816891
2093956093,93.10071479267333
1933578004,93.05014932584766
1434715795,93.03411637010365
1433596194,93.02689238006013
2095355493,93.02180761542985
2092033437,92.97077010428072
2501852257,92.813519533157
1930253713,92.79754805363258
2499764350,92.74772216518252
2092786855,92.74704940787163
1880512234,92.72099188854085
2096246351,92.67921549308522
2501174514,92.65940467114828
2095399021,92.6459016343162
1878581232,92.62005027143114
1879841224,92.61906975386461
1933561427,92.6169708898376
2499598291,92.61613887436901
1880466722,92.55018687973875
1434447807,92.54435031329024
1930939995,92.4108258229397
1433959054,92.407436274663
2091264891,92.400297298819
2501252461,92.39690809723083
1931670622,92.366466360386
1930180307,92.2457091255295
2092864580,92.24339572117573
1434730644,92.21814308772224
1879141271,92.20356106675041
1934295335,92.20149341304624
1933497425,92.14879963479808
2501536430,91.92014956830117
1879128395,91.91225145131702
1880497102,91.86898583976343
2094628457,91.75606388139867
1930162385,91.72252401028409
1434642151,91.65921429372959
1879130773,91.61300368604043
1932515814,91.60753850495357
2092925991,91.51598550273866
2499236320,91.5012358291687
1932584891,91.48631940611928
2093066435,91.44271357397278
1880476691,91.40776434471262
2092892404,91.37238263433218
1434320270,91.34251733419013
2093864421,91.34134497267327
1930973615,91.32486294079806
2499752952,91.30794593360926
2499290194,91.30022872659023
1434150537,91.29690658522668
1434015837,91.26716285104766
2094560147,91.2205959695297
1433399264,91.126159726696
2092876215,91.09137356481287
2093991530,91.06621618386971
1880464601,91.04311004371502
2094619862,90.7808659085944
2091998194,90.73615389683457
1427616882,90.6776508147522
2500174005,90.66651030031672
2091955683,90.65528151268431
1930200275,90.65468819620547
1930969505,90.63274341307154
1930192287,90.63180063087808
1879132835,90.60125892250231
1879883554,90.46650713659102
1434022643,90.45283045153347
2501680722,90.4448233330275
2503560890,90.4360815509214
1879771057,90.38251544182009
2501965622,90.30088047152213
1930148975,90.25639098822495
1931665515,90.2266235584821
2096252547,90.21863983021312
1439459871,90.17615274897622
2503589982,90.10411822123565
2091966230,90.03999324563254
1930198160,90.01208527582601
1878593964,89.9805105957762
1439345361,89.90255723055489
2091256597,89.75671558235588
2091210800,89.71395889752267
1439532923,89.68760336354686
2502160832,89.60837525700592
1930172921,89.58867004316416
1932541935,89.5596532044163
1878600022,89.53989342023137
2093000957,89.47743765953501
2500146585,89.37762889713824
1930973831,89.32276054059072
1931614801,89.28890598334571
1433535591,89.24722025040178
1931637965,89.24656068075048
1439377027,89.21110745707604
1930245992,89.16965062907762
2095453367,89.10080177625586
1879133002,89.10076648787283
2502248924,89.09755171002077
1933514340,89.08458738050457
1432622982,88.95613645765037
1880513130,88.94559917749713
1930207255,88.9410683333628
2092814872,88.93794963419835
1880470582,88.9134011989474
1879864591,88.90622930799908
1931017185,88.85717614168418
1879151935,88.83445736563775
1879847300,88.80641194143907
1879150034,88.78750811002688
1932544583,88.76166977406267
1879174594,88.74944072679178
1880530547,88.70839015786044
2092079667,88.70667996411201
1432663931,88.66886072153162
2502471393,88.60489255492445
2094655364,88.59898449761795
1879820652,88.5975911351868
1879832410,88.50888515265589
2092091702,88.50157377921366
1879815392,88.4846605385342
2092040421,88.47676116479239
1433713134,88.46481258291941
2502307687,88.44050212392378
2499494677,88.40696592387724
2093978867,88.29038281681332
1930141241,88.19609602601821
2499664711,88.11583107225744
1933491181,88.07632078562563
2093877881,88.06862929209566
1879161730,88.03867757284063
1933536933,88.02407440618263
2502510552,87.99004083198655
1879191871,87.94946796229038
2092991893,87.94833893601724
1880474951,87.92432951281063
1879204481,87.84071557312082
1879234880,87.79138125110353
1879906454,87.75177823274491
1879811904,87.6768123724111
2500645250,87.66666049553214
1878584581,87.65259318564
1934307724,87.64255989492271
1930149441,87.62565316474783
1931679622,87.6208083785881
2503041264,87.62074788677498
2091228570,87.50010669577577
1433421914,87.47845062222457
1880504060,87.44506574163807
2501440053,87.44255279269336
1434504367,87.39126286158658
1433072795,87.3592767558123
1433230401,87.32669939921357
1930204572,87.32207621005884
2093875633,87.23772188558262
2499895204,87.20275422646671
2092849515,87.1632624659234
2093919637,87.14323489205545
1880476042,87.111701621103
2501037812,87.08022360907039
1434425714,87.00716773873275
1931022071,86.99306356785198
1432954130,86.93808984821732
2091190935,86.8993263117891
1427900227,86.84585252275883
1879843151,86.84302647074668
2092052657,86.8032275423474
1434426421,86.78860990596785
1433521667,86.77075579009924
1879768104,86.7613851064759
1879167103,86.71910541634266
1434282653,86.7158075400816
1930159475,86.58657787970007
1932609614,86.57545106930368
1432616984,86.35551844708965
1880535191,86.34963079498391
2501943412,86.28513193822491
1930180122,86.28335633293996
2095406713,86.27927134681207
2093064593,86.26113705329637
1934304167,86.2400989750618
1434595612,86.22663860121277
1880534613,86.22265766760569
1880483405,86.21960469097203
1933524865,86.19815521677648
2499760460,86.18629481387183
1879843600,86.12322135593884
1433424017,86.08957533254477
2503605640,86.08425766201974
1879132341,86.08038861532206
2092030383,86.07210615576439
2503317670,86.04165032391636
2503931324,85.98059027313063
2093937191,85.95976875054738
2092785067,85.94135591941898
1930155393,85.74596240818023
1931671902,85.7397935446732
1439619540,85.62869263491146
1880427695,85.61961257865892
1879199610,85.5702419649173
1879769734,85.48668606564596
1434419591,85.47627125333526
1879903515,85.39564758366713
1933532702,85.39540512489091
2501972392,85.34050084645034
1933525414,85.32033369422466
1879804230,85.29024514268507
1879157282,85.27177742820076
1879789243,85.24835549611996
1933529773,85.18043417662548
2501385830,85.17352965051724
1880427535,85.15926563789209
1433353080,85.14633928710666
1933521987,85.12852559388281
2095474875,85.11252973557164
1880445802,85.11136822765494
1434103644,85.0924118205104
1933591323,85.08659014491528
1433310914,85.05317148628086
1432725760,84.96850367811453
1934316595,84.96309723596946
1879791110,84.94240891216297
2501439690,84.89973613245097
1880543295,84.87232258505595
1879774441,84.86158735115508
2503066912,84.84425078584601
1929302403,84.83473209941404
1933568613,84.8015522039656
1433378471,84.79876639172807
2092940467,84.74326493926642
2499534042,84.72544362989932
2092818393,84.70727119258062
1879144233,84.67166203091195
1879192453,84.62598287903987
1930253155,84.61709359394568
2501789540,84.61663523601227
2503316200,84.54921693122378
2501820164,84.5406467779097
2092067001,84.49283746079088
1880520570,84.38176193096366
1439482777,84.32729065107192
1434282604,84.21788734156391
2501079954,84.12466555852136
1929317197,84.08390291412154
1932470601,84.07865944712752
2500383762,84.06195260806278
1880476943,84.03951619742476
1879845963,84.03169292148863
2092041122,84.03051177291981
2096257231,83.99788284219808
1879167280,83.9606356818065
2096273181,83.91692093834541
1930175220,83.82937845626259
2094559220,83.79502918606579
1932521605,83.77309565367199
2502106120,83.76802215203435
1432735085,83.72870420365632
2093975642,83.69444184087342
1879207801,83.65324023566646
1879133105,83.6242753944656
1934313973,83.46831689208216
2501004621,83.4502502008736
2503738814,83.37661015571076
1930946052,83.36973792326195
1427871170,83.33739837442835
2092050097,83.32154959090684
1433962915,83.31540374829507
1434624161,83.26924176034984
2092847721,83.26657091419989
1931612277,83.21786663752641
1932452561,83.20156694203372
1434199081,83.16435030959984
1880443441,83.15247828820138
2092939483,83.09175789691986
2502022884,83.05233454971922
2092789061,83.02281594254288
1930948903,82.99973516767464
1879802107,82.97853260500561
2501313312,82.97529259809593
1932446255,82.9715733972011
2094676837,82.75581202689834
2501607020,82.75333432627657
1434502651,82.70248217409866
2093854050,82.6661735390866
1432780360,82.66237685548381
1934322781,82.64985959730718
2091261983,82.63836205644199
1878579107,82.60185658393598
1930140375,82.59274501730039
2500243043,82.56337995303461
1931646343,82.51008419887079
1433449762,82.46362373487442
2501524180,82.45611545251111
2092991924,82.32551769989607
2503478215,82.27540133858955
1880453730,82.24969417387709
1930232087,82.23524091567828
2500522135,82.21389764970885
1879241787,82.13571454473414
2501282453,82.13491543696945
2091954860,82.09884354652657
2503652512,82.04382013762634
1434143190,82.01847063845982
1929309203,81.98956380966362
1930944465,81.95279727847041
2502530682,81.93538057710529
2091289171,81.90528120329998
2092866564,81.88531890139981
1879176392,81.84646723882126
1879166127,81.77891291791168
1879788654,81.66898436902387
2096248911,81.65754114148265
2091233253,81.57136753781
1879204733,81.48550746515518
1439316504,81.41362555126854
2091961241,81.3573230200722
2095479251,81.33537352867992
1933520211,81.29182658125829
1931653711,81.25832585402512
2501846295,81.20453001955589
1434424964,81.20033761315354
2503018191,81.15052001271214
1433536422,80.93325061990943
1930984960,80.91475922167356
2503431190,80.8863261117862
1434541951,80.87803438978574
1427841315,80.84719885903272
1433277800,80.74588635774607
1930970873,80.7369691326031
1879811431,80.73504021142396
1879837111,80.63592910701749
1434420062,80.59300240848385
1439430370,80.58921726885433
1433300397,80.58658147224956
2503873401,80.55443852442055
1930241967,80.5360105827023
1434517001,80.52204795704927
2093986285,80.46855372458143
1932449774,80.33920147351776
1880459891,80.30519732629111
2502316690,80.26845017008311
2092029500,80.19482008851428
1879857592,80.12388463107642
2502496910,80.05841039978817
2092065834,80.03095125029671
2093895642,79.87018471234887
2091989041,79.84285084943338
2094623895,79.80427172955916
1879233882,79.73716832904982
1930229561,79.67886662625475
1931660912,79.53046301200327
1933545592,79.5131210625131
1439422443,79.50452383525499
2499463584,79.4893895252957
2502167824,79.39798067381292
1879870751,79.31836325789186
1427699837,79.31207757460264
2092900830,79.22702622861273
2503278492,79.1919833564474
1931588945,79.18884797184008
2500953563,79.18428753998008
1930148717,79.1544401432523
1879225765,79.08921829059518
1434566994,79.08621998427579
2096216827,79.0785660944649
1439358541,79.07317612819313
1879810105,79.04118687372303
1879160491,79.03568569958453
1930988275,79.02799281668246
2091979883,78.99254217133827
1433237377,78.96810729410129
1879878382,78.96121869997593
1434178744,78.94977095550173
2500266107,78.93606336082046
1932517774,78.85253581542399
1931022651,78.82170793806807
1931639727,78.80365903639371
2092037605,78.73332665405202
1879886614,78.6911671707037
1933509027,78.68803718366365
1930958424,78.64833109195962
2502365924,78.59644020837635
2092073525,78.53285211220927
2499412165,78.47901936433706
2501159280,78.45064021799769
2096226313,78.43171666733708
2502401514,78.32746082096185
1427854112,78.19719625131
1880456851,78.19312807916555
1931643607,78.19230230748518
1932513320,78.14286150566961
2091955322,78.12617205758924
1931692911,78.10534637396661
2093954281,78.09236349234988
1879152222,78.05542113628908
1932456487,77.97537497425701
2501360132,77.959093422587
1930944872,77.92892663786134
1880479080,77.89999050350848
1930201665,77.859302209689
1931674083,77.81706247105501
1932541830,77.79000039387996
2096238157,77.77257024532935
1433999665,77.77201092923707
2094677365,77.74631010905814
1434452853,77.51419935252864
1931614960,77.49791582073466
2092009734,77.49612560065304
2093029673,77.4735507137769
2503535262,77.46510177587787
2092900257,77.44526390958269
1433653180,77.38076731616428
1879187742,77.35325867272581
1433472964,77.34951691667717
1932513987,77.32671477123824
1433228560,77.29270425353683
1880456120,77.18618047987589
2092926110,77.17488501294588
1932487255,77.16601432134871
2093867494,77.02263031951223
2096260444,77.00895035962918
2093900827,77.0044900289598
1427656354,76.9743982715714
1434053521,76.96441879847005
1432727987,76.93014965220085
1931597402,76.92698344795899
2096191451,76.91272578479554
1879176385,76.9007411728641
2500134894,76.8849745046376
1434345395,76.88416143283567
2499563234,76.74862539963488
1934311760,76.69986456929512
2093079835,76.6825429963524
1879825792,76.67798437497183
1930198071,76.66481261670397
2501605592,76.63312634289325
2503620760,76.5592665821217
1930228834,76.50435647915312
2502294542,76.49195429752024
1878591313,76.48596653520278
1879164687,76.481936493056
2092002471,76.41342839855126
1931670540,76.39310856808733
1931654175,76.30683248411792
1433555144,76.29179366790989
1931669875,76.29124062275639
2092020053,76.26597462883564
2500552377,76.22535660517396
1880538780,76.21892945653697
2092943774,76.1894835089928
2095468952,76.14150012760624
2499547555,76.11956689628157
1434289237,76.09710338681042
1427608695,76.03507077249287
1930145635,76.00138764480549
1932455594,75.9790817970299
1930149945,75.87521374367272
1878601113,75.86801353159346
1434544483,75.81799749209846
1930936075,75.80640640710062
1880522272,75.74659919174795
1434461050,75.56952353350175
1933547367,75.52022563816907
1931592151,75.44850541941493
2502580220,75.39279005441466
1933567755,75.37404275093715
2091225601,75.29795649965574
2499479641,75.2411872727983
2095391671,75.19759682032264
1433265597,75.14535577233006
1934315867,75.11247797248848
2092014043,75.03861643984999
1879203637,74.94834597028327
1931681182,74.90311248549776
1879893372,74.8815982705516
1433730470,74.84353672307563
2095367872,74.83385468680108
1930185404,74.83339420595398
1879248705,74.80538507012699
1433645242,74.78961017205746
1434198271,74.78526608303257
1880532025,74.72921926263922
1879911024,74.71538406712541
1933519427,74.61023557279191
1427590831,74.53110213659312
1930162171,74.49836092224739
1433130224,74.48758040485706
2096203591,74.45340058673649
1433852991,74.44558233709314
2092846992,74.42103553914862
1879796211,74.33454217384588
1932591893,74.28134358475332
2500283183,74.25342679864478
1880466211,74.24109188296096
2500185220,74.1965582751733
2092820791,74.14618106876517
1931688311,74.127838679856
1932528183,74.09655360307156
1931013615,74.05786069691224
1879131951,74.04673437177823
1880511060,73.9743863450589
1879159204,73.96849902053906
2499843982,73.95129964427915
2091184465,73.84252389203469
1434088937,73.7532848172006
2503846183,73.72579828516189
1880512672,73.70632798547786
1930981985,73.59199421953255
1427751511,73.52186755267157
1879886022,73.48238048729277
1932529424,73.46069964397712
1931648751,73.43337917273925
1434388940,73.34374554070612
2499301170,73.24368268275876
2501003480,73.20018806124115
2499441700,73.18582494396074
1930164563,73.12322631577656
1434125854,73.07527080014994
1880502085,73.06729593076348
2503469850,73.04833062169985
1933511611,73.03857233856971
1434758281,73.01476869310123
2093947391,73.01308208854508
1879783334,72.94243423198296
2502485223,72.90862825210378
1880518065,72.79612522614507
2093891965,72.77622177574098
1879145085,72.67578714475603
2501295122,72.66301105501067
1879129987,72.65531076132979
2094562911,72.63625252997885
2092920133,72.58942774461518
2502943922,72.46609362170436
1879905101,72.44325028542416
1879841305,72.38370757080608
1879235277,72.31925698369429
1931681844,72.27730957027232
1434463354,72.27688136519897
1433496890,72.26972417041992
1880438183,72.25056815343065
1879155302,72.23519147495891
1439508610,72.2291721907509
2503595342,72.13042482685748
2092858925,72.11306824408939
2503498813,72.07710661790293
1880505813,72.05528565229162
2502550090,72.00837832790648
1880455814,71.97696663738745
1879159590,71.95107004936453
1879134031,71.8850205688483
1433242512,71.83483864374709
2094692403,71.79408099272737
2503761563,71.79271162790376
1930228875,71.77168638069438
1433540682,71.6993388827501
2094633823,71.6824491693676
2501011200,71.63036022683166
1427714217,71.58976333223116
1427864321,71.54157186258279
1879908332,71.52680576978648
2502160831,71.5060371629636
2093083860,71.48227336052102
2093880161,71.24008041282615
1879211305,71.1583342945775
2502668945,71.1521133040256
1880425094,71.04123368575601
1879206624,71.02304368809574
1433144245,71.01597683126428
1879828145,70.99736559081293
1880494383,70.93458041879809
2499225250,70.91941816805434
2501353045,70.87070520717931
1433466462,70.8370244249583
1427612513,70.82453718966339
1929308107,70.80138421869694
2501962860,70.79184183586766
1434734410,70.74055101539226
1434559965,70.73164185116491
1879139463,70.73157445466784
2502892431,70.72324911762188
2501664181,70.62670779451918
1934323135,70.60587897164885
1934322437,70.57551986337458
1933517301,70.51180581973874
2499590492,70.47605576543575
1879203007,70.45694910647893
2502015954,70.45670322993296
2092896924,70.45001453754618
2499331600,70.44878988833408
1434269131,70.40457987599801
2500102300,70.38236557186886
1427757742,70.32636020280303
2092822234,70.24682036647346
2502895124,70.24528068359612
1880501860,70.23125403282353
1931004287,69.8298474560761
1427835531,69.81013318420806
2501234240,69.7840821729341
1879150955,69.75055111351641
1931694330,69.70448779850737
1934309274,69.6805966175108
2502151372,69.6003968134897
1434386065,69.48345040239185
2092803667,69.36333677959975
2500706622,69.17598431517187
1880518952,69.11595747557811
1879875315,69.10292205592397
2093058563,69.08937843166063
1930170917,69.0353401499148
2092002925,68.90148938474094
1933516945,68.87476036724182
1932432055,68.79656503830842
2094626040,68.77944771534091
1433582030,68.77841059480257
1433673030,68.70157648792224
1880476214,68.65604628191159
1930227733,68.5682255436886
2502240043,68.43839618009562
1879194917,68.43221111056303
1930193667,68.37585755505177
1879159682,68.35721477724117
1934312607,68.27336454777843
1878584853,68.26306266972361
1434375872,68.21067604459748
1434276055,68.20916582258113
1879858787,68.20410140843369
2499252610,68.19432417170115
2092998852,68.1902306987752
1930931277,68.1655453129958
2092897401,68.12833329696814
2095348484,68.1154029361221
2092836400,68.09689597795365
1930137001,68.07170029680823
1932566162,68.02553656550026
1878594980,68.02280121870723
2502254232,68.01837885583895
1880507192,67.98306422490339
2094679580,67.88677055868312
2092756995,67.81567424221184
2500541797,67.8060466701711
2092848593,67.80092665785708
1931008920,67.79113564611362
2091980637,67.78693892916854
1879124404,67.69500562856518
1879813224,67.54247189891652
1932477583,67.47408695419985
1878576931,67.43351460570855
2503079482,67.42113234029082
1930958281,67.41012835225428
2095353882,67.38692124762909
1434704997,67.32525668105352
1433560783,67.31670820403376
1434604293,67.31492629692143
2092023305,67.20868257187145
1879220504,67.11011107379004
1932482801,67.08893950515187
1434669562,67.0623110210642
1931664034,67.00438841748809
1434645745,66.94524775855176
1880503622,66.92328917894645
2500168913,66.86537519166741
1880496792,66.80238017062966
1879221370,66.74128451909621
1433758735,66.69809834723391
1930189123,66.66154101403707
1879154217,66.57695750862767
1879130405,66.45184563218933
2092794371,66.26837484551696
1432724711,66.25419369352592
1933565622,66.20877762335259
1879890827,66.17480932108596
2092083621,66.03544760594555
1427718241,66.00232636405511
1930237825,65.99572337649346
2503730944,65.97883513074864
1434040484,65.89203930318516
2091288993,65.79718631047038
2502828810,65.78767276113498
1879163690,65.611572490894
1880517107,65.57775097849213
2500217594,65.57350417825337
1434539925,65.53271342646931
1930186090,65.4942186018918
2092867693,65.45991695844148
2092933560,65.44837176870622
1434221621,65.38022237138397
2093953313,65.34528373435755
1931622735,65.34446941172217
1933539210,65.29059202913453
2096233354,65.28420964046121
2502232464,65.19841500454412
2499894410,65.16628800418069
1433210537,65.16026489824611
1433571440,65.11024276894813
1427592300,65.0715535103209
1879911341,64.99708003731334
2500845182,64.93486644766121
2092842581,64.91705744680294
1879820723,64.9048970350158
2502935580,64.77678513568455
2092903047,64.76849742625124
1434605320,64.67271869006032
1879227964,64.66506181118253
1931016713,64.56780338823337
1439615295,64.51507793742478
1930939512,64.49643244105991
1879167022,64.42338445681142
1433560262,64.402836499194
2499419362,64.28374894847335
2499480752,64.2098146224317
2502053444,64.19831770282133
2501016302,64.19588658932875
1433368557,64.19227512353763
1932427615,64.18394479364314
2502068934,64.18387080953973
2502314732,64.17771954099986
2092803773,64.16302131385795
2501600154,64.08118354055514
1879183200,64.06125428511291
2091195882,64.04846711870563
1930251763,63.96973081765613
2502479774,63.94290107309181
2500155602,63.89181825221089
1932512560,63.79335142346216
2499215295,63.76251666263056
2501247791,63.74665249423287
1879864903,63.672581278897106
1878595062,63.61160368424622
1880491662,63.54362789936216
2503588042,63.434247155753354
2095477823,63.41887417953592
2096225232,63.376264757522115
2094577274,63.31369799359263
2503245234,63.19246342138585
1439374924,63.08408771243308
1433138330,63.06821621609948
2503387512,63.06364471732732
2093087693,63.05052247095767
2499433780,62.98662680275337
1879861867,62.947058044829504
2093906730,62.93890073448678
2503035440,62.861586631312946
1933539125,62.82020948719827
2095363637,62.77428301291867
1931638380,62.750767941135216
2093922244,62.66927015925461
1433163723,62.65975925966888
1934322373,62.62769530067402
1879144144,62.582065855486945
1439563882,62.5610786403116
1879204533,62.33836999899461
1433043994,62.315015871907036
2092872953,62.22576000975005
1932625971,62.199539236999854
2500904052,62.19658724618786
2502946162,62.17874443695413
1433751803,62.17282941634192
2501496503,62.071692734096565
2092012817,62.0598506799545
1879884332,61.99749512189429
2501869350,61.95583328358458
1879789970,61.947957432215226
1932459814,61.91892765409662
2501135384,61.84851732895097
1433857384,61.83591964201068
2500406050,61.82343196860037
1433579144,61.7573670817523
1879782177,61.58644744152298
1931639737,61.57196523048307
1932493351,61.55641525651941
2092756274,61.45576590700887
2092010880,61.350229350227046
1434362572,61.32364567485757
1879902534,61.27127390102198
2499278570,61.18113659249752
2500991562,61.16680698140125
1433142511,61.12990169639693
2093874080,61.056839785877756
2091999621,60.98473167169805
2503005447,60.966251402092325
1434717900,60.9643747179454
1931608205,60.954751399891656
2500742460,60.94898769975047
1879177731,60.940979733350176
2502822723,60.92805039509275
1930947445,60.904137461275546
1930229084,60.85676737211415
1432718793,60.82369120134872
2093867111,60.77201739720224
2093881132,60.741657087170694
2095397854,60.69237160149687
2502021250,60.66845348751856
2499257310,60.658682202001884
1879130027,60.52006285739575
1930213147,60.489988149384025
1880506252,60.48994468147082
1930933862,60.487809983820576
1932537842,60.303728901133546
1933511965,60.28834388466202
1880442072,60.24715827883471
1879809500,60.244206779581916
1434410281,60.22317027102955
1880488502,60.17833885197231
2499278381,59.987815059919896
2503564502,59.962193086733116
1879125257,59.95278112647302
1879165147,59.90473924393289
2501387331,59.72201176490813
1932576255,59.69836696150221
2503567480,59.65117085351498
2091986131,59.63572657008162
2095464127,59.58749715633006
2499678904,59.54426329106841
1880475155,59.52772626072002
2091954005,59.4074820157152
1434711242,59.2974348039541
1879798434,59.2535568551687
1879244590,59.21375407220431
1930208400,59.20854467949353
1932639421,59.20369399944273
1433657347,59.11377146862881
2096252302,59.045977074637165
2502447274,58.97533898028249
1879819834,58.91795247380417
2501997684,58.83143227595665
1880426610,58.75421808630948
2094670660,58.65590302035301
1880537700,58.63119948617021
2092811361,58.612774350855744
1434058297,58.58084518730587
1439370650,58.454724142741966
1879220321,58.44062585373439
2091969695,58.42506366951889
1880483890,58.273521378551386
1931635160,58.23924147746085
2501585892,58.194048261877676
2499281561,58.163392783275036
2501137482,58.113578958272804
1879876312,58.02730220435382
1878585281,58.00073601786851
1434243861,57.98028869061876
1879829054,57.88987912710797
1878603672,57.86558819690459
1432921335,57.75990698328583
2093962151,57.75016062343604
2091198004,57.71580096322479
1879813484,57.60790268663317
1432622324,57.486495384184366
1879242840,57.477472073625584
1433174390,57.434052148590794
1879213093,57.26442533416093
2096269170,57.24820533578387
2502443574,57.24359111442393
1439497600,56.98657255612443
2092068657,56.65973113320449
2091997843,56.60538445844153
1880494774,56.45093385790635
1931686017,56.421079597558034
1930243203,56.27494853730291
2501849684,56.18109112799801
1879783072,56.17939306233387
2499427594,56.17339701375778
2096199951,56.11990316486652
1879807004,56.106354592504715
1934298125,56.00926999570889
1933525430,55.9997540935123
1878602162,55.99476986527819
1879240773,55.94048508318041
2503380480,55.87075875336631
2093978254,55.823022645282485
2501801972,55.78479665056166
1930964742,55.77381726709926
1933580592,55.761911449593335
1880506000,55.65569922123727
1932494700,55.625682087152036
1879155530,55.601792475316266
1932625944,55.567360504774776
1878592927,55.53968217147438
2091988133,55.50200790361835
1880501890,55.38656887125827
2095416123,55.367448026961966
2096192761,55.3632379248477
1434004434,55.3500645160043
2499399392,55.32742528067693
1933536361,55.28688239202276
1434177157,55.24418856567361
1434483330,55.23992204263788
1879774574,55.190977112254586
2094696493,55.17350920897358
1433032465,55.15387650706707
1932544055,55.13474933392374
1880544807,55.106146765410585
2499226087,55.03931052425264
1930214073,55.00959560181527
2502503880,54.92742931615779
1879903004,54.802587973300234
2095461514,54.784379508725074
1879135974,54.73364163133301
2095430435,54.6989664408202
1433304605,54.66539682663894
1434557285,54.57266689104895
1930986447,54.41163981806298
2092781454,54.39364376548116
1933516095,54.37802571738375
2502189602,54.322214785013266
1433483257,54.302573470455755
1930139031,54.198124643300424
1879210305,54.16182811924816
2502636873,54.15751098615486
2501810390,54.13105338962289
2095405365,54.08159750932539
1933582313,53.98259650461665
2502930653,53.96313117959709
2093049490,53.840850767730856
1932451173,53.808883254301854
1439545115,53.76509652597711
1930994552,53.74300007849617
1879146667,53.68249240311876
1880483622,53.623704890226776
1880515873,53.59967370773691
2094622793,53.578386207216084
2501626682,53.43196288714303
2501739170,53.355289903437374
2092834967,53.3337092823008
1931633462,53.2263708699773
2092081557,53.20759541532313
1433653314,53.107706572585464
2093086902,53.105502023061995
2502464201,52.931967346273424
2499688291,52.882242904141584
1879171964,52.84377533040245
2093078171,52.82883254346672
2501069352,52.799334991384455
2503614080,52.59962407538605
1930976177,52.5505955226049
2092821731,52.51979750096807
2502859053,52.22454233349744
2091198994,52.174108110729776
1930174177,51.95690131347899
1930971255,51.94973430488953
2499565614,51.93370345103066
2095342650,51.92500517097953
1931695603,51.86590232531394
2502174845,51.796585564135015
1879815701,51.5076856999934
2499596977,51.43058922217289
1879787230,51.3335494334059
2092776450,51.264192508965266
2092833410,51.246297249341545
2501935887,51.172401012923416
2499360415,51.11577859843956
2092775401,51.07704968845035
2499557423,51.02226525984196
1433215493,50.952621513767525
2095434091,50.714169955807094
1930188773,50.627879342184116
1434104447,50.47702202378096
1879795537,50.403546658520135
2095488680,50.38258442989371
1878583115,50.245714717878045
2091257375,50.20520456580663
1931609357,50.192601259529766
1879223355,50.12731099226242
1879129565,50.121190776516514
1930222963,50.11528133586388
1879128653,50.10141067413719
1439489482,49.97294600989034
1433447874,49.96249451432526
2092837295,49.92787537377912
2499646710,49.88063155259341
1879199295,49.82034984698477
1932616481,49.76237092873168
2503473304,49.757601795346986
1439596052,49.742534414133104
2501972181,49.72290124584087
1439584702,49.568150642071444
1933496767,49.55355628939467
1880472362,49.29385506793206
1434564737,49.255215918255345
2091198831,49.22524756429938
1879240034,49.21929493788697
1879809534,49.213096424707274
1930973967,49.144081745115265
1434231522,49.128277066649474
1433134215,49.12406552464511
2092958825,49.10608194754358
2502655892,49.080736818561505
1433502264,49.013372201075896
2502453430,48.965271180674286
1879183244,48.899713315076774
1880500922,48.894120027602746
1880496205,48.795237947092055
2093858462,48.772702271876916
2499742414,48.565621851609464
1434544810,48.45966201660875
1933585883,48.42730898641878
2502263730,48.40608348023804
1930209777,48.34492835911725
2499416443,48.3322846455747
2499503285,48.30734690257288
2093014723,48.29772200128074
1931026347,48.23579294918162
2095406634,48.21145719783174
2094653980,48.16678889965669
1879841492,48.161243489152284
1432612955,48.130925289716025
2501497002,48.037316866718605
1879151930,47.9247738155412
2501726952,47.85438063817495
2501907501,47.8158288663284
1930178401,47.80733259774986
2501743761,47.757260067033265
2093863414,47.72293292006814
2094555297,47.53092210260528
1933553492,47.49305858230578
1439384105,47.41657647534277
2502647937,47.37373575403518
1433650865,47.35106341443425
1433393804,47.24626802527695
1879198502,47.23787848978467
1433472793,47.23137879460241
2095458867,47.19093185085744
2502181702,47.15069820328332
2092756964,47.07406656101465
1880424747,47.03497773113543
1879139245,47.02030752515138
2503751580,47.012872897233244
1880457402,46.798722597349276
1434002732,46.731494984234835
2093971667,46.7165547288327
1434660721,46.69853383169751
2500192650,46.5755479354819
1933526915,46.34468212799796
1427837635,46.317316794416996
1880426713,46.30731198449605
2499477321,46.302405038183096
1439414042,46.218632943530864
2499670200,46.11085820551457
2499394864,46.100829238999744
2092766434,45.9716949376562
2092067177,45.890451731683115
2095475884,45.82442977515775
2502026802,45.73396949178727
2095437153,45.509667164622066
2091226041,45.46852119363476
1879135614,45.40562231146708
1433710540,45.36128323469949
2092055212,45.15295262220415
1933500367,45.106036451076456
1879840867,45.023998997247915
2092004764,45.007819325103284
2094670014,44.87324685860831
1933552577,44.87310041869849
1931696723,44.81358770364661
1439534114,44.80319418500886
2095376597,44.70686895082346
1931611361,44.668987551509645
2093919124,44.60509716066518
1433119823,44.58685742542404
2501520672,44.56347299089658
1879838192,44.555679677633
2503911060,44.548288054220194
2093890502,44.54773264851947
1432635785,44.53750183513016
2092995855,44.535770441374595
1434675543,44.51956990087817
1931687261,44.499487932936034
1930217551,44.469913129653506
2094662255,44.38700680615246
2499339590,44.334383546404666
1879208142,44.168409009922115
2094634580,44.16589013431566
2502304210,44.145782822706
1930154655,44.0571924991695
1878604481,43.785136430997575
1879882810,43.7127933143723
1427848567,43.5411927711937
2502073675,43.405004828808806
2499759602,43.36920954599227
1879155643,43.30121824985276
1432702001,43.27911599719596
2502172155,43.2125794900773
2502961292,43.17618026939735
1880435071,43.16971492731539
1930252473,43.146475760683764
1934301905,43.06942057751714
2094574934,42.72175663443219
1879835622,42.64498468917512
2499288012,42.53112480922066
2501819030,42.509003358995386
1934300967,42.377949605478534
1434465751,42.35841259024683
1930166017,42.31160552365254
1930942051,42.3055142946554
2501372450,42.266261739382955
1880452731,42.22049787651678
2500192753,42.100899073469435
1930983107,42.097250473964365
2094646635,42.07441317582965
1433128943,41.845645941391034
2499664302,41.70999505829988
1930180117,41.64473357300152
2092957237,41.56891388273549
1879232687,41.534311607532416
1932528487,41.532630735709255
2502675917,41.482576438311206
2091248804,41.454880732871345
1879787604,41.42736367888003
2499329290,41.40853268122588
2093971127,41.26563012439742
1880500124,41.250828855559845
1434669560,41.23168984775612
1433638020,41.21215633763887
1879191175,41.11663349296563
2500183222,41.03588580834749
2094597582,40.753086430672084
2502850787,40.723306674777085
1432717803,40.50088824086124
1933516382,40.485355191938694
2093889262,40.470728553506106
1879214581,40.34167571977192
2500949670,40.32726604530851
2092011162,40.30892189460198
1434307681,40.29452377961831
1434618870,40.06103326979754
2095348250,39.929922280639815
1879128591,39.80879791779998
1879770454,39.768232551590835
2500957827,39.72576307232259
1427834320,39.66668513246355
1879185201,39.49395418411459
2502891367,39.493206130423964
2503181132,39.463153086335545
1930162164,39.27251959470972
2501331684,39.19038620417991
2500161243,39.165937198546786
2502974982,39.163211828583876
1879862424,39.13889602610069
1931653431,39.13621270955134
1879197002,39.120766308226244
1879160037,39.039212546357255
1933530363,39.0005120909965
1879145580,38.99456124538391
1931016063,38.97988651444668
2502692472,38.91752397340203
2502049552,38.79292602377864
1931691981,38.66973758586299
2501751000,38.61211578402962
2092903852,38.606980035663305
2092873110,38.587189412621086
1433428820,38.43080238956587
1879146695,38.378182680252266
1930175471,38.32889800719053
2501643941,38.32408488584267
2501217920,38.260656027823906
1880530810,38.20696924423733
1930202531,38.198459196333474
2096218723,38.139289085599195
1879840172,38.12888773626374
2093987732,38.121799653026386
2499486765,38.058675215391546
1433215263,38.038945511359316
2502706423,38.03367427769599
1931608247,37.9827048442638
1932578094,37.85530910385721
1931625193,37.83692838330778
2501037764,37.80210808504289
1932499721,37.68087703075401
2093092390,37.567659431287694
1931007702,37.55441192973738
1427603034,37.539285974340395
2092793435,37.48133725474598
1879222304,37.469235010698206
1933561047,37.304094896062665
2092091527,37.290615082710715
1930190805,37.25436156434714
1434515530,37.22525525979384
2092016344,36.990315479196184
1432866452,36.96528789652609
2096189110,36.92884735212778
1932610080,36.92015392345832
1931673274,36.783113390806086
2500514000,36.74460040666171
2501844605,36.71064022121539
2502778782,36.6971151203377
1930238133,36.5464086910123
2092845101,36.51395701256511
1880448182,36.282883250352995
2501313393,36.276829342117246
1434566265,36.211125972812134
1932517464,36.18600673464479
1933580604,36.171376198710675
1934304085,36.14383420743315
2503490933,36.133065141689464
1432634592,36.025368340580194
1879162604,36.01794474362015
1879171152,35.960722070616505
1931683174,35.935411402643695
2095352591,35.868359264225255
2093943435,35.804256718309766
1879883812,35.70580903254419
1931022017,35.62747114615482
2091254467,35.58532520511413
2092035125,35.58404605264402
2502235304,35.553416374196175
1931695922,35.42482199150002
2091282032,35.41249289615148
1433575607,35.390192048647435
1930216093,35.33355760733554
2499401532,35.24811603199137
2092883925,35.16033575913434
1879853932,35.1218927794769
2501717110,34.899147630088855
2092843623,34.88515439568279
2499372704,34.8726321443978
1879161390,34.83720990002618
1880511327,34.827817045576495
2093875080,34.826481764282924
1432785783,34.74179122171863
2501067452,34.6861091314736
2501105680,34.681788814677
2501084820,34.44136003806378
1880531821,34.43124830875089
2503120331,34.37333395012944
2095362260,34.36665706172374
2500206542,34.36291880680217
2092882304,34.358778573738114
2499278701,34.173978188308354
2500156195,34.115203074189346
1433801405,34.08848576706135
2095433595,34.02801723300576
2502798614,33.912012866445465
2094594120,33.796920041010154
1434573703,33.78064623614066
1433088241,33.71528424282563
2501735680,33.66785187312374
2092062827,33.60677170026734
2091989561,33.54099508241006
2503561852,33.5215173769232
1932503285,33.43505434770005
1880542581,33.43438966173722
1931010914,33.286358959087345
2092818977,33.28034898649665
2091285697,33.271486738785065
2501913505,33.240345314791604
2499491461,33.20001675496255
1879892092,33.111905570676434
1931653523,33.07150464450356
2093864801,33.00211156750513
1934310327,32.99248923345295
1879770050,32.97596069543745
1879244874,32.79846341645554
1879215667,32.7488476696934
1930939385,32.74618773358811
2095406881,32.745122932200594
1930969647,32.70980166239767
2091190291,32.666058432469285
1434675640,32.560000538757684
2502091300,32.54734062066825
1933504941,32.51125755839078
1879871217,32.41896625641095
2499571614,32.35434969332569
2093959901,32.24671062824124
2503762072,32.12018020031079
2091955927,31.87820169825231
1880476657,31.832023959595837
2502250022,31.688992528324665
2503187662,31.61944001948642
1434078367,31.616932118053956
1932575485,31.525445031215774
2502638572,31.414148725518686
1931002220,31.36002250044488
2499524970,31.130481974243605
1932577857,30.857727259476874
2093865801,30.643020870083262
1931666694,30.606681717835244
2501639274,30.421552145262655
1930969745,30.353489090141164
1879884974,30.195635694486814
1879804590,30.01879984208401
2092051754,29.81123503984728
2503401552,29.74899695675966
2093948907,29.67760269941435
2501903510,29.645792062719792
1434180100,29.644184734463852
1930212491,29.517379408728814
2500289942,29.343692826221158
2501989382,29.26033761468298
2501975543,29.161032483636383
2095476430,28.828859584047226
1433866004,28.48642315741268
1879195522,28.439831655775077
2503515913,28.43253188930774
1879145194,28.400804188432655
2093089700,28.323830577905735
1934296573,28.288504047928182
1879237691,28.132507257474206
1932646293,28.131563843759583
1879807693,27.948936715474982
2096245121,27.85451396233704
2093089093,27.749631842614292
1433552760,27.50986124777047
2093941700,27.468381308715802
1933509675,27.4667340941275
1879822735,27.4045944862405
2499780760,27.260384829080547
1880482604,27.256324070589734
2500585022,27.075244616077402
1427770475,27.056838804159952
2502351772,27.015314866243187
2095440244,26.91079684026178
2094641604,26.86244071095248
2501598005,26.78901884468114
2502255860,26.75672306392286
1433496540,26.716173074828102
2503112265,26.673460148062052
2093888471,26.590030390589064
2094624710,26.55358896478432
1434002060,26.41690958159669
1931026252,26.40187050632122
2502909394,26.362326727474304
2502852091,26.271091366592675
1879863990,26.25105951807987
1930937163,26.239364453293078
2500477995,26.175940403731502
2503874871,26.147674434990186
2092072415,25.966175823407443
2095493951,25.890438732083943
1433325045,25.79472654125302
1880445302,25.78784057527826
2500103512,25.784938875670743
2499689910,25.73472090991149
2092870905,25.724156700783226
1433506392,25.675763249511558
2094641523,25.53446099226594
1930960975,25.443761676703552
1929308057,25.253759015170008
1931616813,25.23458890800766
1933535043,25.201207946251767
1433147821,25.15806517140387
2093882642,25.04500286081139
2499617080,25.00111947218333
1933502173,24.956665971257813
2500922010,24.875618918696414
1931690637,24.769867464041784
1930144851,24.693668144668525
1879768342,24.633589308624998
2500487107,24.545098723929478
1433472412,24.52288331111254
2499373222,24.514969761973592
1878597082,24.508773039180447
2092825935,24.442515156915093
2092810844,24.223322566071385
2500269110,24.2134002506822
2501257510,24.1436479056665
2502970410,24.09343534280176
1434728167,23.975517112906715
2092960034,23.919306542116313
2092919455,23.664055904275365
2501955804,23.52163401437154
1930986005,23.46027055304383
1931688383,23.419090017853488
2503074832,22.995348980275967
2499627434,22.832295794007496
1434118543,22.824179345948387
1932474873,22.7089140484721
2503636432,22.375042897961716
1434251832,22.23415471488662
1434688680,22.2234115285412
1930935605,22.148268378013213
1930160675,21.99680476916352
2502759577,21.85023387950739
1931642852,21.76096450686512
2502923162,21.74180544858451
2502455647,21.61181337270724
2502420660,21.526785252787295
2094574507,21.299923173041254
1433218652,21.24647774267751
1930955110,21.211920820842828
1932576647,21.1132828939904
2091204291,21.075656893320424
2500212710,21.060736774188165
1931634564,20.940659828866472
2503819115,20.931685512642126
1879174884,20.82935983128947
1879836662,20.800994956807504
2503697704,20.792434865590707
1930943263,20.78993199882688
2093940752,20.729551302964435
2503692245,20.627460957347907
1930999183,20.622533267794143
2092813173,20.40889368039665
1879152041,20.303509079454106
2091241523,20.293978735499287
1933580580,20.216603016666365
2499886002,20.16386638098424
2502339590,20.039134303087526
1879838455,20.030467163311656
1433205823,20.01716725259061
2500864964,19.98764534688936
2500981702,19.87164449331794
2499313470,19.849798530415374
1427803060,19.838142863416156
1931012337,19.680408995622123
1878588667,19.667624813062083
2500185892,19.532862153917907
2094632774,19.46313394062757
1932495843,19.32202137444437
2499584480,19.321415233634134
1934297453,19.309195317165216
1879831075,19.24179655807944
1931655571,19.09841455920735
1433003152,19.084256278940835
1931645057,18.540466265613983
1434707841,18.515123076961316
2501332462,18.454946007822187
2501140600,18.439471208664436
1931013184,18.382721862697643
2096226943,18.376149352384715
1879806622,18.350876447817537
2499859982,18.346016725198822
2093037167,18.13610188645713
2500774780,18.115401650749938
1879835964,17.904747892920014
1934324004,17.89373763568186
1879794433,17.86268171936258
2503069673,17.862271541340082
2501851064,17.860290431829064
2499346242,17.85242293447831
1880425714,17.76153099396883
1433810817,17.716977123045947
1930958202,17.658720050254665
2503708290,17.655898218350853
1931667907,17.62438379918568
2095404687,17.52799635960844
2503810090,17.517634676666667
1879901992,17.171246237589493
1434642131,17.103228623625753
2502124515,17.0796753373979
2500252480,17.04203815341295
1879810977,17.040700883539145
2091964525,16.94468737987709
2092797045,16.824077970278086
1934319377,16.787336255582957
2499337394,16.756352995404878
2499245945,16.725446973555147
2500501663,16.37880964742029
1434268952,16.367533157394007
1930249050,16.367243243024113
2501577444,16.2962179873938
1427616657,16.22283884020962
1932591132,16.15529204634081
2499496530,16.049523683076977
1934313081,15.92808552365805
2502955270,15.832385582810398
2499702803,15.619050093897966
2502701741,15.57875441802224
1933568354,15.518577992948318
2501706190,15.465877693744593
1931692844,15.003762492001751
1930993201,14.946149537744432
2503815403,14.908517826559597
1879126680,14.8771668361788
2499771952,14.695479450976983
2091221131,14.680410389744218
2093863210,14.648645998954658
1879158530,14.551925051911176
2092002621,14.431583726714841
1930169233,14.272482268533134
2093946195,14.224566380573512
2092080231,14.183991568223426
2092000735,13.922780673130994
1879168323,13.814805374618842
2501023030,13.615337332028615
2502231393,13.498791176969577
2499232910,13.47898185667223
2091247067,13.406387652143312
2095392360,13.341396988938559
2500268340,13.214465994520125
2500354917,13.204925401313309
2093987277,13.17672502049622
1930137325,13.132887126621245
2092029267,13.11795582588493
1880531900,13.068787143708468
2501137434,13.053292021774572
2502495952,13.000035054423995
1880533134,12.917778699064044
1933546087,12.607242590573817
2091202082,12.359667408502453
1931644251,12.114299175152007
2500479077,12.073365266817095
1439521832,12.00271598999622
1433637537,11.996599979645277
1932631533,11.99485331074784
2093056471,11.7262777706451
1932620137,11.285449265373499
2094589934,11.18448552088042
2502841033,11.10041001721601
2091993497,11.069002693151948
1880479014,10.98698083914388
2091277421,10.870967672733482
1880425273,10.86372185645204
1880472723,10.847611307718878
2095424613,10.46702422308895
2499634662,10.44631679842245
2502488273,10.283647304987378
1879214497,10.27467282135525
2093016204,10.264402520229362
2499286345,10.21553361562133
2093093094,9.956611437838099
2502383664,9.532987771514833
1879882645,9.517731011669621
2501558950,9.471971640511661
1433212563,9.224786650623013
1930180411,9.163041582078424
2499246984,9.066446957946546
1879155071,9.035832774064417
2499312354,8.86330632553903
2502472000,8.649082473344304
1930137013,8.595050747851088
2501822534,8.521395858623798
2092021465,8.48641674458338
2501410023,8.397692365788888
2502640310,8.339922294364237
2095489284,8.334148212960342
2094649562,8.311743208355137
1879901644,8.25054134117439
1879217884,8.13743550093077
2501917672,8.031174737298434
1433485577,7.808268652676089
1934304382,7.7771515927042305
2096201335,7.744593790662358
2092796333,7.543430102140065
1879874324,7.478544108168314
2499874094,7.4565393417886625
2501467152,7.3504493726957225
1931633071,7.152858550291246
2503624493,7.07979692381608
1434418352,7.0216038344981335
1433965811,6.895345842889072
2092934223,6.750864657846475
2501734602,6.717293395237029
2094673571,6.685951136674411
1433286642,6.637897304269487
2500415904,6.4892130861964565
2095353392,6.488832044408174
1434701294,6.487380550492387
2501518671,6.219052193503246
2501950102,6.2037717088676825
2501376780,5.997553166736315
2502026574,5.995459075744546
2095439577,5.984892647701292
2501503710,5.969039168708374
2499220427,5.920696942212107
1930993521,5.829431457188163
1930974137,5.783305936351196
2095363141,5.762488792935624
1930148521,5.722578625342603
2501097014,5.640153513154203
2092921521,5.62255314488422
1427616842,5.317399518963822
2094578404,5.223020214570704
1931676901,5.160526012485359
1933504091,4.98613315461322
1427747761,4.978732690823714
2501045992,4.942105237999821
1879193544,4.889084386255326
2500823070,4.633724852186854
2092028927,4.588817602809404
1932521001,4.549049349029658
1931594057,4.383414809419092
1934320245,4.355636482074641
1931009541,4.2918713958713814
2095368054,4.246052349033194
2503587200,4.191825364367816
1933572800,4.150763380607516
2500362537,4.135891673694463
2499448075,4.0908183581977235
2501012173,4.071667355791214
2501416164,4.051061461581017
2093972881,3.821583627789252
2096184423,3.8208741974783846
2499360782,3.5725616898836394
2502492342,3.569297449807953
2499616520,3.216856623060138
1433350923,3.1205082810658773
2095428873,3.0917492730664087
1930201521,3.036799406982968
2503692124,3.02876216038429
1931646317,3.027691027938659
2500857874,3.0177917252817963
1930982357,3.011132501128458
2501284670,3.001892154138371
1934322553,2.9942749560370667
1930202785,2.974641628508057
1439595414,2.942312942439702
1932468252,2.7948012852700943
1879909450,2.769236273826774
2500688014,2.72726338908027
2501830371,2.694077647730271
1427827570,2.5807855130899506
2095391242,2.532311089852293
2094580687,2.5190222117199066
2499329804,2.5162819149944475
2502054835,2.504007035798244
2502885197,2.4138852543239584
2499560500,2.4106053168803445
2502485307,2.397685853381716
2500643587,2.36523921771679
2503199797,2.35755338932775
1931682197,2.3261613708245616
1931664441,2.3072185159860417
2503615694,2.2954309209022834
2499334794,2.2690549900322394
2503068864,2.2552751616454314
2499360504,2.218550802485478
1879836024,2.166958365339733
2093935072,2.1175700975674974
2500509887,2.10326029376247
2501957302,2.0531594944203237
2499848593,1.9749141854405223
2091998895,1.9560391252085265
2093853430,1.9293030067496126
2502519273,1.9182174150634803
2093051931,1.8704336859691042
2500990120,1.7743385174996602
1433387630,1.7452873766500903
2092088124,1.717028741845128
1880451044,1.6930474017361765
2093919727,1.686980739378221
1930211315,1.6388494400182962
2500996171,1.587015153735517
2502128382,1.4780375577877958
1434052213,1.4499045214601858
1933560215,1.429344968118194
1427778630,1.37490112089462
1880438927,1.3137011380227919
2092028602,1.2915504946509533
2092000505,1.2644217544715994
1880476002,1.2472933407965694
2502468340,1.2377458949291211
2091952831,1.2259296175523597
2500293390,1.197370974891277
1879871287,1.1749039053589514
2502476613,1.1240092492144882
1434223700,1.1080337694814335
2499417155,1.0822321890063806
2092757155,1.0821259105388923
2092769347,1.0781176597579034
2092951364,1.0779889705648324
2091184117,0.9745641607269666
2092904945,0.9420053693775821
2091218615,0.9345485594439894
1933591622,0.8804662340371194
1879192224,0.8373149592241563
2091971523,0.8247073827707186
2092815477,0.7918681110061097
2501923811,0.7777192648622842
2093962644,0.7744538528406885
2502056104,0.7565296128013114
1880518192,0.725921754074307
1880507171,0.6835039259880754
2096237447,0.6793701473143342
1933521161,0.6193433034770698
1930987565,0.6142478323256682
1879213375,0.6125233912212924
2501208250,0.5840660035322631
1439578930,0.5826724393655702
1880483383,0.5811155283762033
1878601672,0.5741077567965744
2096274065,0.5616071649122044
1930251057,0.5429863846612001
2501604322,0.5397953196125058
1880457553,0.5292556725517912
2499303891,0.5239314480022147
2502026814,0.5110238578780029
2501219622,0.5047662624759545
2503462055,0.49747746695602646
2092856491,0.49371868690992393
2499859435,0.4876172050773266
1879128362,0.45877432507966454
2501908385,0.42384310550242915
1439661151,0.42273949355024054
2092921401,0.3998403620429625
2499448502,0.38867378798744834
1932637481,0.3443340350020758
2094609697,1.8814322594193196E-4
