user count in community:618
Topic id:8,Representation:0.5621190250773899
userid,score
2503471987,20.87081461229117
2502432240,18.408612451591157
2503692947,17.89564278695706
2501311230,17.071744390387217
2499371070,16.99127629136348
2092932582,16.437969963778684
2500253524,16.37722633820292
2500293600,15.988552731649701
2503419273,15.765337315873658
2499405205,15.673960886020266
2500837732,15.652732415682884
2092064384,15.282000563789405
1930192312,14.985069095735804
2499482903,14.89628824041553
2501197010,14.790390216130094
2503396477,14.65242030912686
1879801480,14.58163027314855
2503172652,14.563070826618572
2503215820,14.553668602937508
2500102042,14.359632199231854
1433263520,14.294003334326389
2501401463,13.81596054875899
2502146201,13.696945607238337
2499639367,13.631884621648867
1932582351,13.399159360016593
1932556122,13.198517192088506
2503181727,13.148424073560369
2499735083,13.058748134085638
2092896782,12.903312441174622
1934303325,12.80086900013359
2499396915,12.776601354624713
2503626107,12.751700050227061
2092019875,12.649797195606777
1933494805,12.584358544702994
2095444641,12.568836634571227
2093946341,12.479640439955253
1427820455,12.458165046601938
1427595804,12.45002590539881
1930249271,12.338250201481932
1930934351,12.303349456339681
1931656005,12.273104728559293
2502792727,12.245602471408473
1932540173,12.164472847364218
2094621957,12.131576710648819
1433352803,12.021898670187666
2503778574,11.934606169580787
2503381524,11.906143627112927
2094684312,11.865327569336653
2091997783,11.656088286192503
2499357373,11.643868168608691
2092931571,11.64248695463849
1434304104,11.625871003913103
2096271540,11.623786918241304
2499244132,11.611366724853198
1932634055,11.581883800407484
2091975120,11.580605711617428
2091201120,11.579002089282426
2501820991,11.575029728864232
1878595471,11.50047100994657
2502838235,11.494140052225438
1879839430,11.493450756173814
1879143971,11.487223464134207
1879895723,11.456779873230904
1434687635,11.410969226423544
1930216045,11.385650182319068
1930937403,11.306216059471286
1932627120,11.227098257431953
1879207707,11.178940249595543
1879150732,11.154700793055508
1932514924,11.080060989684455
1879906943,11.060608009276534
2093010643,11.05763523688645
2503076984,11.043647396822506
1933493590,10.918996108432035
1931643017,10.88524901141535
1439377233,10.87649360229773
1931672455,10.873477303733054
2092902047,10.831748917373488
1930946377,10.775165115162755
2092082737,10.762687190162689
2500829670,10.76197099990466
1930168374,10.746345592134904
1930949107,10.594357761907984
1879222605,10.592291919420699
1879169507,10.59054030933758
2501690062,10.521856838984172
1931025780,10.49531802181878
1930968441,10.379717299632112
1432633344,10.304870179751475
1930979633,10.29600231488285
2092858435,10.277536131269166
1434760937,10.264350010444623
1930201942,10.256391288223499
2092925813,10.256173366408424
1879138233,10.195253845041877
2501652962,10.13455863379364
1433063880,10.134554411863746
1932438440,10.062796101716046
1879157904,10.037782840459545
1933530140,9.97074969135377
2503826374,9.85308927489718
1879881134,9.835135992958799
1931589363,9.77233876568525
1932489561,9.75087047334494
1879784700,9.705441562935977
2501590787,9.672116312953241
2503872484,9.66269824559508
1879807244,9.652460551795201
1931679275,9.625625955143661
1932639853,9.578870376336676
2499283287,9.556280296017187
2501294401,9.471710027541638
1930153455,9.468909021342037
1879207954,9.391540189473004
1930960880,9.389441419296066
2501905410,9.366977963699911
1931633804,9.365027971023599
1930207455,9.311145578083481
1880490001,9.304965239060405
2502676583,9.266362147241269
1930148543,9.185569029835287
1932510763,9.158155633751337
1931608607,9.126470875398375
2499223451,9.112432710748342
1879840945,9.036588616921794
2092970334,9.029167589876359
1933569752,9.004613268604064
2094616831,8.99476418606359
1879859474,8.960679066116883
2502292901,8.920645471984724
1880443787,8.85263788855486
1433523485,8.837944697752746
2499798530,8.830308404625523
2500362523,8.813729390581404
1879244284,8.807783762930434
2091186777,8.801198935470099
1879243184,8.780863028558006
1930939857,8.747629545075187
1932505457,8.741696294580674
1432715841,8.738127459930405
2499667832,8.712874659594958
2501898923,8.694874995730634
2500900994,8.681019794597665
2094632982,8.615730019292972
1879808712,8.586904912994207
1879842813,8.57609169313537
2093981553,8.565654831401506
2094608093,8.56105324342907
2499833534,8.520173161963024
1930142043,8.517076328786912
2499499890,8.516189844262085
1879847252,8.488716971779574
2091950073,8.420864174806125
2503744012,8.391851736308727
1879181184,8.3909042810714
1433177945,8.384436209701471
2092026415,8.376787600611996
1934298653,8.329279474205963
2499238983,8.322558497331233
1933581352,8.289533979259291
1929303183,8.269622417339265
2095433443,8.251192015910203
1879176952,8.248660199127123
2501040175,8.243148355156611
2092020535,8.220106287916726
2503404540,8.191893690648094
1427611500,8.189452188105856
2501499373,8.14446105313795
1931588940,8.099050262952003
1879179333,8.079362871112469
1879224101,8.05490799974555
2499434797,8.043259263063332
1930939077,8.03001408280952
2095358872,7.9410408865014945
2503045734,7.918050217008693
2092761487,7.898072909704104
1879891071,7.870871741493689
2502403510,7.866726166204948
2094672883,7.838311971713185
2503114182,7.781656555823298
2503554092,7.7578631240147455
2501651352,7.747833342663798
2501418171,7.742144192329604
2502386213,7.736344557495598
1930195303,7.735531738356827
2095422180,7.731391852720364
1930954477,7.706454755745107
2093905673,7.7045953026434475
2501732960,7.701507862117492
2502214953,7.690405931746472
1932608894,7.679584103850738
1932568195,7.6524545981096255
1930152301,7.6494957452885
1931630260,7.631857071448207
2503719523,7.630083931215081
2500102190,7.555776924590988
2091231384,7.439273457066235
1879802412,7.422220292139561
1930991267,7.39150493619373
2093967565,7.352960744489282
1930998551,7.251975893783836
2499259942,7.240068936738191
1879786902,7.230225673037349
1933561165,7.151357373261948
1434293665,7.1258913081101865
2501447114,7.1129869568180215
1433603200,7.0804687313543075
2092840745,7.013625172739151
1427732714,6.967267828723961
1880468610,6.96363181114742
2094558563,6.961414622038494
2501599404,6.939260404297893
2092842645,6.938464458298318
2503770674,6.927670907859057
2093085411,6.923505856042628
1880518571,6.872454081900539
1427705930,6.861431048407207
2503921877,6.86039928957664
2092817663,6.834501083135
2092806583,6.816969971431372
1879855563,6.793042989648714
2500746960,6.786280361011082
1880533182,6.772215598184394
1432959657,6.759810635431312
1933523414,6.758060721637023
2503031734,6.694462289656792
2500212595,6.692070004098411
2502129845,6.662767891161968
2095409650,6.6561299775518545
2092060795,6.6481149280927285
1427648447,6.633347795937855
2092082593,6.617281648201519
1880481975,6.5585416616752985
1932472671,6.530467841014971
2500219720,6.527880402051819
2499828202,6.51961609003531
2502208634,6.507816963184515
1932488225,6.486867153131981
2502510802,6.437579093436733
2093060064,6.437150386316911
2092007703,6.3987629600435545
1880507674,6.394668319837288
1931664417,6.384469842011942
2094649620,6.3735616956334376
2094633064,6.3720948694653545
2503707324,6.330094882773601
1930162875,6.324339404498238
2503380831,6.322769244229947
2502582172,6.322015477360721
2095340617,6.31612983804497
1439408447,6.2574225297512145
1930964653,6.254675833265816
2502450323,6.220621638591057
2095398655,6.206843967971091
2499535077,6.201076655003461
1879815904,6.188241764472535
2501095202,6.186667931573647
1879149390,6.1008831735997
1931022664,6.089622027613846
1930203205,6.06429721996534
2091197315,6.048643855713354
2501471075,6.040066301996099
2093866991,6.03753673996312
2501355724,6.024034131037756
2500150361,5.994409031062687
2501729072,5.994005329253341
2501745474,5.957471711924799
2092853552,5.9412291488843945
2092080070,5.874052236278992
1879247017,5.850229322274251
2500399293,5.842503206041002
2501686583,5.841975352071404
2092768680,5.82984906057266
1878584235,5.790669014064608
1432823653,5.790630941520446
2503096674,5.788713805948345
1880536181,5.774089860201356
2503100674,5.717634981275993
2501542111,5.71300720828244
2502035962,5.692358402226447
2503439794,5.682299881483897
2501835781,5.641760586461433
1931649310,5.618466583266849
2500433831,5.601952328492143
2501800415,5.562118946449683
1933555542,5.510840432251086
2503125171,5.4830394235680515
1879787050,5.468412053051552
2095392243,5.414045750573922
1433302445,5.4111375351982245
1880527951,5.390838373171113
2503160971,5.342959674100279
2092032733,5.339295180462315
2502096030,5.3156570928394435
1931637655,5.293950463365075
2501722000,5.280704645573612
2095425472,5.26634251404494
2502781272,5.265175187101821
2499456874,5.220510348131974
2095485540,5.184978418721623
2499552207,5.172921943228682
2091990522,5.135372799850461
1934319462,5.115543798377263
2499624740,5.098251933938706
1930200207,5.096846252636692
1433467521,5.093072491073443
1433589300,5.072268663230942
2501143594,5.055769943922509
2095426867,5.045866096862477
1879889037,5.043379683121792
2503215500,4.953308162419588
1932531327,4.9532978280420465
1932545561,4.939707585243327
1931642065,4.93917357418381
1433061381,4.904495023654366
1932483774,4.881561630116349
2501326697,4.867709875126861
2094576674,4.867137457277565
2092992673,4.8497490828515115
2092922107,4.845464888070047
1432924181,4.829588998483928
2093969754,4.817105912062869
2503747972,4.816977096440279
1879823660,4.811509686040933
2499718954,4.766953224130119
2093943574,4.759991086721471
2502217212,4.685659983180301
2501098453,4.654189684178874
2093862715,4.65409658203365
2499826432,4.643562657654146
1879791831,4.63993909054205
2095434701,4.639297836276361
2503582314,4.63634726926326
1879842480,4.554012110975383
2092021475,4.551474520570562
2501409181,4.539711661054697
2501987473,4.534747149494934
2501199145,4.5179711281405215
1433271214,4.45860083060242
2501320055,4.404554800761157
2094634993,4.381202427560926
2502682142,4.367821690911361
2095391127,4.359615742613003
1930950830,4.344944945025319
2503056204,4.318432887162912
2503442302,4.2907761874087695
2503009400,4.266735337872745
2502054707,4.215354657129362
1878582487,4.198022749634314
1879792694,4.188764480983181
2502188240,4.177259416565147
1434235361,4.164441420624267
2092918933,4.14764398031731
2501575212,4.139539767826641
2091981662,4.138986148445574
2503451410,4.138359977381008
2093940160,4.137054871650866
2502358664,4.112109099216202
2499296120,4.088051686141316
1427602581,3.9893301271947545
2503564650,3.936529190100662
2094584945,3.930558176865097
1878601002,3.929895606133322
1433101515,3.9202824951160977
2500640503,3.9105457896117346
1880437670,3.9080281010126563
2501244800,3.8940177725811402
2093072843,3.882029128966031
2501621443,3.85430832130586
2094623015,3.8526162955086343
2095368807,3.8427234413242224
2503638610,3.831009661843912
2503034700,3.8038823269012187
2501089503,3.8025305414939283
1879177281,3.781196724754804
2095482085,3.7532118279108824
1433107491,3.75066482814815
1433485943,3.7211113398165834
2094686062,3.6426089983218497
2503006452,3.6410318564784845
2501016970,3.5985757915611636
1879866257,3.5527627627191216
1879847007,3.549999641162239
2093023272,3.5499232488672443
2503793365,3.528421608807197
2499259304,3.5137701696339616
2502130954,3.5123384599014877
2501226367,3.5064756102992165
2499762194,3.4916726735055015
2499389062,3.466405395001587
2093898101,3.400652587875149
1931610084,3.36044088052118
2092058544,3.3413113948199777
1879167575,3.3341896424033073
2095394617,3.2905010652463837
2091947402,3.280362409086341
2499489561,3.2674857227972645
1434601634,3.229376594908874
2502459502,3.223646968914039
2094672994,3.213969767028003
1931003510,3.1895783677309977
1930156457,3.1171132281578693
2502490110,3.0997348814411514
2502932442,3.0961094847200803
2092038522,3.0669635389562666
2499308242,3.0665606653508513
2092080571,3.0610598255590187
2499255770,3.060759312336167
1439375154,3.052558834338665
1932506461,3.035407529738035
1433936424,3.0178438616145327
2503373132,2.9887021177948
2503026234,2.975529799370883
2503665651,2.964841471617769
1879888110,2.937508927221469
1879850674,2.926088997669223
1879238252,2.9253445409545695
1879175273,2.9084164694443713
2501163810,2.8987653164708083
2501358252,2.8902815300991818
1879829071,2.8883660477063953
2503242567,2.8728698811654927
1932555224,2.858091945292365
2503869741,2.848340067981151
2092856014,2.833492654677974
2502286981,2.8193983173923653
2499712482,2.790622416519219
1931689215,2.7883519175520823
2500157893,2.7737452713893607
1933501107,2.76746519634591
2503315264,2.7668792781210025
2093856124,2.7501960317298093
2501230707,2.7380355227652196
2092895213,2.736302142032516
2093011495,2.729631790654172
2502610987,2.723140096463808
1879238355,2.691534636384809
2502492422,2.6525670246069986
2095365654,2.6083439657288743
2092880697,2.59334046995091
2091188353,2.5602467041891277
2092800062,2.525687065470706
1932582531,2.4903956860810794
1931658935,2.4720574900670487
1930993880,2.4593811416113622
2093025897,2.4558544824272546
2501279374,2.431263653578438
2502217292,2.394912906372325
2092965332,2.374680784120785
1932566195,2.3642714382612007
2499581512,2.3379131821458676
1879791237,2.312933634585169
2092799007,2.3002954995420026
1880439310,2.2652065128802756
2096253487,2.251440088743157
1878599031,2.2441188466310766
2503345752,2.2351194280100795
1879800210,2.212122493585081
2092990864,2.1987246130067355
2091180663,2.196574085641588
1932651147,2.1802080939041657
2501643600,2.168329518340606
2502367164,2.1628523494331597
2093053935,2.1612673441288277
1433177313,2.155343126640244
1930150194,2.1515763021824106
1932614251,2.1321225483556834
1879822264,2.1245392842364876
2503135672,2.112864861693891
2095341063,2.1108015807389777
2091246440,2.1083349967026765
2093001787,2.1075882765405236
1433531634,2.052050764990627
2502107004,2.050154328803922
2092776380,2.0446605576817127
2093088532,2.037219074126363
2501677534,2.0338639033845247
1880488002,2.0270075107358756
1434387020,2.0269059216666316
1879178394,2.0172568759696747
2502110792,1.998935888418308
2502542662,1.9686159573520363
2503931750,1.9658615842544458
2503025170,1.9503439374289406
1930197437,1.9372378196468925
2499346223,1.9312013148079672
1933549545,1.9177752257246323
2500202283,1.9173139429204693
2499605735,1.8904448042557855
1930172982,1.8832735137029541
1933570641,1.8564283301190547
1439334713,1.8280276064090404
2502617454,1.8010351702338347
1879164957,1.7885742813219125
1879794502,1.7448456515125288
2503774534,1.7299560306382271
2503273580,1.7155382961844756
2093945075,1.7034529140506016
1931013474,1.6833936100422824
1879786804,1.6782379812596662
1434094101,1.6536100451872284
2093943622,1.6517107176515298
1879887370,1.6403655470146896
1930961914,1.6144470238874342
2092934154,1.5898163178048947
1932479880,1.54480302480198
2503534702,1.5312728237417828
2502581142,1.522655527100423
1932600585,1.512406673032919
2502246510,1.5037858239604924
2093960557,1.4976539264072024
2500371823,1.474289940322399
2094668963,1.4536238296077333
2502718800,1.4396033460456357
1930928765,1.4348316158072387
1932653744,1.4296879390148467
2501532360,1.4274715582294533
1930136852,1.4271992972475047
2501503601,1.4129198204103506
2092922897,1.385649703515976
1878586150,1.3770500336183817
1930180330,1.3534975696556226
2501875130,1.3101543744250546
2093005667,1.3044828495971115
1879224335,1.3026359186132772
2501573705,1.2948539486372825
1930212161,1.283797148958733
1931616884,1.2735203597098383
2093911237,1.2722842279344955
2091186947,1.2639456877543533
2503768161,1.2625256702724832
2500774710,1.2413946889079144
2501008205,1.2252787302060466
2501252125,1.187452536765504
2502698673,1.1642472343462242
2502887135,1.144607952347826
2502159035,1.143422441524471
2093064853,1.1318602210967466
2092973252,1.1212590741201898
2094669691,1.0985145081204744
1434204871,1.0706592664963281
2502425540,1.0136110056886605
2093042637,0.986046034205536
2501965535,0.9792354888050289
2499441582,0.9728094958903813
2501065732,0.9725842010106535
2091186867,0.96289736328293
1932468557,0.948178012151574
2095413893,0.9163907841374308
2095492575,0.9072994899850813
2502723321,0.9026462284876884
2499645960,0.8901806202971084
1433871525,0.8763377858773737
2499729902,0.8739145734615933
1879159263,0.8730753788033382
2499270867,0.8696801217548332
1930973980,0.8680250143290663
1432651341,0.8631878442309413
1879211333,0.8628030391327206
1931003663,0.8318409771868204
2501721060,0.8155642603086459
2499345390,0.8094345378532565
2502528323,0.8084228624062836
2501240590,0.803619695696764
2093977123,0.7814164465995038
2092786760,0.7661838431779796
1934302351,0.7654326974911759
2091982721,0.7541123393579247
1878592094,0.7538618504936326
2502260081,0.7508776330512145
2503320787,0.7371785999111102
2092993380,0.7353344428005382
2499772990,0.6572409129518506
2499284220,0.6555299866190236
2503862154,0.6274063623296064
2501726255,0.6213280882276309
2499858797,0.6089064455498258
2503779132,0.5813369760686087
2499470951,0.5762261042260287
2501149074,0.5725562622419516
2501969041,0.5640732155561932
1879835164,0.5616831293366257
2500296344,0.5574679997982749
2503743230,0.554784103331046
2500103064,0.5530899978596036
1931679390,0.5458162774691114
2499591744,0.5436701839170367
2501876944,0.541677097180275
2500972741,0.5404156548185562
2093065220,0.5258181704104404
2503346140,0.517515687110673
2093866724,0.5166758547794903
2502636935,0.5021870185966327
1930174271,0.4825126376115817
2501904833,0.4706036661136575
2093904494,0.46748228717793416
2500948187,0.46746037641496946
2500342187,0.4640620367375311
2501853565,0.46379291725681604
2499802202,0.46287720533265075
2502397084,0.4474567207350562
2502875953,0.44422920947952166
1931020402,0.43397392744140206
1879831903,0.4291239821174054
2501971577,0.4285689783546534
2499682364,0.4117516415937755
2503924824,0.39266838100943197
2501692424,0.3875177193428739
2091988012,0.38394614144187733
2092885952,0.3775542284589295
1433199633,0.3765218266795676
2096279842,0.35724660528243757
2499689664,0.345239805840226
2502319740,0.31191939845301747
2499319144,0.2935887997850949
2501414641,0.24216185994785175
1879802973,0.22160998307420432
1879171031,0.19038953976305403
