user count in community:311
Topic id:5,Representation:0.26033076073942163
userid,score
2502164570,2.171805039547094
2502609604,1.7923828305785914
2093035280,1.674860931146281
2500202173,1.50833162509257
2092902691,1.5049793954215522
2093000111,1.416560216893791
2499385204,1.390044902025766
2503167024,1.385546875726274
2502584224,1.382807270956419
2500241810,1.260967337634901
1931664345,1.2352521715270295
2095336313,1.187741809180993
2503420091,1.169947820195238
1930182193,1.1499078555207911
2503547500,1.1440503754644344
1934320773,1.1334310868263497
2501995297,1.1134305812120147
2501840167,1.1094958504934809
2502374653,1.103309812293015
2095365521,1.0933036233129463
2095364637,1.0666010963159784
2094578173,1.046945562854166
1879773915,1.0418137979932598
1933503461,1.0202545354924688
1879149994,1.0039509706727003
2503607053,0.9985136845217718
2499886517,0.9942009120896739
2503361553,0.9930355020703995
1931589695,0.9929949570594068
2502695253,0.9765893219411226
1879141267,0.9755841747014775
2501951010,0.9580111077995488
1879166473,0.9457710004583052
1880534100,0.942610765766623
2502035333,0.934130829028976
2499658284,0.9293542107382952
2501743942,0.8985814037437686
1879856732,0.8965068335329227
1930957921,0.8945615744023543
1880517155,0.8790094588230973
2499672211,0.8685595060227196
2499367001,0.8682819946100141
2499313213,0.8642924463381089
2501665430,0.8626676142754581
2500674190,0.8544350593799551
2499600914,0.8536276626749164
2503819272,0.8494899581804761
2501547482,0.8462483319146364
2502109890,0.8454973907093793
2502954552,0.8242664010202563
2094624744,0.8208037376289179
1879246662,0.8186649056973152
1930150663,0.8169366682311626
1933520017,0.7988025042065549
2091184385,0.7932885375727412
2499406734,0.7898597707873205
2093897572,0.7800295895558855
2502949832,0.7681983199363793
2095398862,0.7643975435634889
2092051533,0.7639541662894853
2094604660,0.7638418582035784
2502781277,0.7601634125110827
2094628125,0.7589523280328625
1930930335,0.7577702840459708
2500238875,0.7531613562917512
2499257642,0.7516296272622094
2092857225,0.7486509069913787
2093040804,0.7474143983692932
1931617953,0.7464908893283457
2501465580,0.7296235982863263
2500125562,0.7296192698569022
2499568820,0.726442630914282
2499597587,0.722468960603966
1880543673,0.7152172947182135
2091246527,0.7097443443728592
2501655165,0.7075268751362154
2502212964,0.6934213920067095
2499760704,0.6928071054401569
2094677051,0.6882123744444998
1433471714,0.6880063957560546
2500271721,0.6834328819361674
1880520612,0.6816479200374175
2502196083,0.6563592653513153
2499256983,0.6521917088522553
1879897133,0.6519363693265391
2500642921,0.6498042372582266
2095365674,0.6478751619493347
1931018942,0.6427605126923523
1879199300,0.638113979027123
1933536007,0.6293450732324146
2503257202,0.6280399057762222
1879246941,0.6275647994422933
1932529823,0.6264941247934427
1433281792,0.6204101017797603
2503706070,0.619597814435725
1932576243,0.6183811749485358
1427801217,0.6109771414077984
1930977571,0.6093952480194628
2095468132,0.6074490947994656
1931650313,0.6071613471050018
2502932734,0.6065450250944119
1880514172,0.6042254519616179
2503283747,0.6024931110056928
2093889411,0.6012977372046346
2502116391,0.6011315613748266
2503491790,0.6010159037376158
2091194817,0.6006603125514554
2502098144,0.5987174279951306
1931645613,0.595006941536303
1879151613,0.5935451284258775
2501702960,0.5900697402645586
2499706644,0.5873992685226423
1879195423,0.5872780076028454
2501601321,0.5853250281978665
2499273574,0.5836485281802138
2092877171,0.579566902231548
2500235942,0.5787407348571577
2499205004,0.5743043101182642
2092016803,0.5736130181214993
2095408541,0.5688278808425191
1929304783,0.5672127621294569
2092809433,0.5662311881692087
1933512572,0.5594816945701708
2503883795,0.5588530269869185
2501417192,0.5570155148909872
1879794645,0.550122007361418
1931659025,0.5448375610717797
2501678964,0.5418828671948139
2499630991,0.540066924736357
2499636982,0.5389724439226505
1931001532,0.5376353897879977
2092006852,0.5373323112444872
2503075752,0.5355840092226181
2502018237,0.5324473079487715
1879234541,0.5293182902791501
1933506255,0.520053025946333
2092085424,0.5196029630950939
2501315301,0.5132057460699125
2503409892,0.511508000951524
2092756445,0.5104431392135035
2503276922,0.4950472605337303
2502976484,0.4929437074397913
2502448472,0.49042760155850335
2503549912,0.48963607455446506
2502789243,0.48884835167315893
1879217220,0.48384849634675864
1930195414,0.48074849734989616
2501495104,0.47434753050740325
2093930480,0.47118419646053455
1879826574,0.47014603159749074
1929310631,0.4690761171271184
1879777241,0.4678202759198375
1930220275,0.46544102836567314
1880489702,0.46028708818967684
1930158277,0.45911059040029556
2091974890,0.45591603062406455
2092760521,0.45283802184153515
1931008895,0.44396673119794533
1879768950,0.4438513031359684
1930161347,0.4404466395915376
1434434673,0.43889151477871774
1931639887,0.43422583484175015
2502397640,0.43327132900708704
1434587547,0.43285545867631176
2502282900,0.4320157546184324
2094565175,0.42953782709006294
2501419345,0.42524400843263815
2096270713,0.4187828333124215
2094636912,0.41553378078458314
2499487050,0.412652200066876
1878586892,0.4052205692515228
2093906944,0.40066525868772357
1930195061,0.3960350579349454
2501179192,0.39180464089188594
2499506874,0.3916321903375628
1933526775,0.38972142996336623
1433678592,0.37851883992938135
1879891652,0.3729862863236964
2499511232,0.36446352372849466
1433121964,0.3608502683510352
2499462271,0.3591341706554746
1930198115,0.3463809138829254
2502353354,0.3450540682956537
2502484114,0.337513793205729
1879132110,0.3355028847020382
2501008625,0.33430634016138844
2091949285,0.3341233816080623
2500344960,0.33018757123704395
2499623642,0.3211541340963736
2503030942,0.31913437879870876
1433267413,0.31837319911201567
1432895617,0.31009800093652334
2502013235,0.30882128195010117
2501868970,0.3084752803419569
2091253811,0.30817215046991725
2501233962,0.30309529263548185
1879901180,0.30255320976786015
2501365061,0.3019184343065804
2501876201,0.3018592834612842
2092076237,0.29940952814318517
1931666125,0.29850032446257413
2499233225,0.29839090771140575
2499301005,0.2885684706590522
1930930971,0.285760743985556
1879843694,0.2829178132649299
2096237952,0.2684046163341715
2500597742,0.2679777888231177
1878583253,0.2666290080302493
2502150940,0.26649632805013834
1879788995,0.26531359379204966
2502270430,0.25852957433195856
1932571975,0.23957565317351154
2091962437,0.2379267916017697
2502367794,0.23255092691574514
1880465640,0.23026821757694269
2501060657,0.22963076377920288
1932604581,0.22880538375725692
2502247592,0.22483748457376887
2092782931,0.22197640125593607
2502206924,0.21875921157761324
1879903732,0.21836977112303854
1931595517,0.21596708994675742
2501062180,0.21284406562850441
2503048671,0.21185419109991466
2503127092,0.20525374201801033
2501409341,0.20223151487341248
2501330450,0.20091634444812206
1879213657,0.20081899687812466
2092852711,0.200779754873719
2500735704,0.20037610035476694
2503168190,0.19967673766998045
2092954041,0.1955578389629653
2095403957,0.19393597821683373
1933585575,0.1938258565050434
2500532595,0.19380178173436802
2502524632,0.1917073930861077
2093010572,0.18937354776654966
2502344812,0.18427379076542028
1434634947,0.17979950467020744
1934294445,0.1757994163520126
2094562654,0.17109171019965666
1434238083,0.16359731936468977
1880545253,0.16200909445621908
2093889797,0.15949110768150873
2502154014,0.15862593710630896
1433320585,0.1578724115080744
2503262324,0.14103549640518098
2502383232,0.1371374994062449
1879823955,0.13651308467595316
2502208162,0.13413004114439658
2502735804,0.13370701833034726
2094559110,0.1308646219733568
2501625731,0.13069871214588613
2503785175,0.1299154471130891
2092016511,0.12944881970504526
2502957240,0.12774992625435816
2093056013,0.12608974817437663
2502045177,0.12535185467106247
1929313851,0.12467602623174538
2501214202,0.12341505134458816
2503376934,0.12267931465797872
2499806932,0.12255284719819855
1929314135,0.1220051626582483
2503671800,0.11708055882989438
1932580917,0.1164084616129002
1879895110,0.11281146079240566
1930179660,0.1117763654144331
2501452932,0.10657554614926108
2502261835,0.10538018282470171
2091229994,0.10458844063128186
2500370072,0.10291438260809885
2093085227,0.1015543584652353
2503101400,0.10041390226328648
2501797185,0.09920604923405947
2094690595,0.09645939766344888
2091963713,0.09475577467623843
2093089440,0.09459779700248114
1930983777,0.0919943048148415
2502014644,0.09071760508147833
2499223904,0.09029706769461732
2503119187,0.08995650676892412
2091284584,0.08885735644322865
2502484850,0.08857492031601913
2501834312,0.08694300047661067
1434304963,0.08389170953053524
1434397371,0.08197347910760373
2499276040,0.07993899723252026
2091271790,0.07868862747430916
1931646097,0.0782566112746302
1931026823,0.0755546418386592
2501409934,0.07544125059401798
2499255871,0.07453360288690895
1931638677,0.07387388040912675
2093878710,0.07382096496703582
2096246144,0.07188778172042068
2093072075,0.0716718183271457
2095459650,0.07149331717214057
2501742310,0.06933019207060387
2091223454,0.065920793161377
2503127493,0.06261334941472718
2096199184,0.06185025110423325
1433801823,0.06172511523524586
2503131707,0.05090285910967115
2500230182,0.050824290600731827
2499229015,0.04942170006575066
2092893471,0.0493821666226134
2503891514,0.049377532573217024
2092092363,0.044778525024451225
2501775670,0.040744288038164315
2500253040,0.030076724604041018
2502467922,0.02906455170395862
