user count in community:441
Topic id:5,Representation:0.6159579686344955
userid,score
2501040410,22.655497408842663
2503763283,22.39648333761195
2502871610,21.450980134576568
2502712034,21.316052822430603
2095401971,21.1388096922738
2502146670,20.700424801281784
2500896810,20.698795746898917
2503739834,20.123675329847195
2092870902,19.978389483247234
2500945574,19.93056090630626
1433219630,19.039920456691608
2502449081,18.836218453471286
2094593570,18.6443338295466
1934304752,18.339555236557104
1930165571,18.327675623211977
2500562923,18.31466390940217
1879896341,18.250313168419844
2503795060,17.833353795829606
1880434252,17.700499703422004
2093954513,17.57445317343146
1879190432,17.222207802949114
2095382730,17.204558784719236
2500114310,17.135443588657733
1930985463,17.038524538202733
1880531513,16.893714604294757
1880477391,16.828444570383503
2501822880,16.785904521874567
1880447703,16.51380908673402
1932430190,16.448097876237963
2499860350,16.328900785080616
2094693872,16.28771188803984
1879778215,16.24715486776055
1439408702,16.228360319506454
1879802911,16.19619840297009
1879808471,16.105473887594496
1930186197,16.081377564027463
1880504282,16.06810454413505
1930224053,15.958435231665266
1930190333,15.923483476139168
1880488212,15.84741459185867
1879142512,15.77763985875778
1931675414,15.76871620818863
1931632375,15.731207167492334
2501134382,15.685942235744173
1932453091,15.677551139722397
1432703867,15.631972560188716
1879822043,15.581068532287784
2091986543,15.516150922715086
1933503817,15.486454920805688
1879867287,15.332507080416296
1879791684,15.32528703275772
2501320521,15.183625891934597
1931029115,15.179305649953523
2502934610,15.144350725993512
1880438257,15.10144478970861
2092056530,15.10100320996697
1434310311,15.097309190136858
1930226141,14.965506201175632
1931021683,14.93547441684656
1933568853,14.930265447739894
1933539462,14.905609716449895
2501862952,14.862965312126963
2095355117,14.80991043775855
1880503815,14.747123535620089
2503922934,14.74645311282002
1879191524,14.71784133904713
2499493190,14.693766607533071
2091256321,14.64549855419334
2091966895,14.6444768254568
2502125414,14.642404927008936
2502269002,14.594204606804459
1879201371,14.549987883806496
1879227165,14.522881344924654
2499535565,14.499347196091298
1880538272,14.460124731704646
2502260182,14.43706889964003
2096201044,14.32139663169234
1930188835,14.313259989773252
1880526407,14.278456667908166
2499480580,14.153070492578864
2499835172,14.102690574486708
1879173404,13.964358455053297
2500780277,13.957869611111253
1880500503,13.952417085334417
2499398920,13.920436295167615
2499276117,13.774307872704222
1433543690,13.77338800889795
1931589911,13.690134423313365
2502092911,13.675538012938214
2501282543,13.660315469735862
2502124400,13.604158241453893
1880477263,13.603359163520814
2503656442,13.602545765103546
2502398367,13.581029585066824
2503901890,13.518692205401184
2499445673,13.504367763028062
2499603604,13.503313798575432
2501277372,13.459193866637268
1880438121,13.453210440646666
2093878794,13.400498196157807
2499706400,13.366089453428195
1434682201,13.363413319731965
1433693345,13.344469604332419
1879140324,13.322210583145734
2091255017,13.313670074454864
1880492085,13.244375056953787
1930971677,13.224554179872932
1880540863,13.167583151190179
2499238152,13.142571443720168
1930212347,13.047305638370714
2091205603,13.015886505321802
2502532600,13.011676319912509
1930949072,12.994685198979692
1930928551,12.970252543952048
2092015653,12.944479870285715
1930187045,12.919527121199007
2503110377,12.915112947119292
2091997493,12.862467509332719
2501976375,12.806674452964193
2503004920,12.792837516682505
2502850240,12.782334616310182
1880532272,12.773311778667036
2503480454,12.725873300065581
1879136677,12.725344521213472
2500340490,12.714197092945856
2091982500,12.684954594913282
1931002392,12.650993122523447
2502742444,12.590898507112751
2503647720,12.540663373705268
1933537260,12.517708898766914
1879192483,12.490325960914026
2501952420,12.415873908518037
1439612393,12.28796901710043
1930163130,12.267894305017252
1933525097,12.231488467920439
1931028585,12.18732189789894
1930238760,12.182023372066116
2499721744,12.13367652557748
1439368315,12.101737530405025
2501384551,12.032010228667064
2093053971,12.013008443978837
1879175861,11.997500473905257
2499255137,11.993604011494028
1878600102,11.94128827516761
2091203791,11.934884554501338
2093018290,11.87932061490118
2092815533,11.624590475509313
1933544141,11.599339834414732
2091949687,11.565064556929691
2092998467,11.557237190187736
2503472983,11.548944972888206
1931670954,11.504633581229218
2499784602,11.481553616404685
2503731217,11.461506638388368
2092815833,11.455659262719081
1434176520,11.448613598129755
1879812904,11.430529591489032
2499522487,11.426834442884733
1880479792,11.41682941886241
1934302332,11.34154178462956
2503575883,11.319022640128967
1931692594,11.30630879048853
2502200612,11.168450085390598
2503800525,11.087893565457852
2091270412,11.024575150488278
2502139984,11.018234197944
1879830417,10.963698464492468
1433903955,10.816199405459509
2093950760,10.80331183506853
2501324530,10.738807158370252
2501161275,10.738549943408342
1880438737,10.614120069107983
2503823792,10.595358807754723
1932552691,10.521091408849738
2500200731,10.482667831524076
2503038084,10.47855780105202
1932462435,10.473180301751665
2499573814,10.44556774527032
2501479484,10.434738191644565
2501953380,10.410624896982844
1931639725,10.40985781615811
1879867475,10.367973670996662
1934295907,10.353189521346447
1931026657,10.320436591440991
2501332567,10.316685270935977
1931013371,10.304932292715213
2095422492,10.281377470654215
2094643512,10.280439057707005
2501172514,10.271320268325152
2500600360,10.253908364202637
1929304267,10.236270285401982
2091248795,10.233521449344169
1879234225,10.144584021947614
2091191752,10.139219196837201
2094677064,10.137973478069119
2092874561,10.112212391749871
2499380584,10.11206740875289
1880541811,10.08084668361592
1879768300,10.070119968287237
1930979700,10.069228647397539
1880425242,10.057876176421344
1427743413,10.04780946424819
2502675011,10.014435833841995
2501745235,9.994203529298039
1878581697,9.961171493106551
1879774782,9.896355629442109
1932651784,9.895366667578166
1879226021,9.8804503078605
1879862297,9.870116505949772
2502577127,9.85728401397205
1878582551,9.813432550496625
1879842675,9.74459158563983
1929304691,9.728190042886643
2500320512,9.720227593957116
2095339303,9.539479982382446
1433144307,9.537262756409081
2091976697,9.525641338348775
2503390092,9.411904181921736
1879189505,9.390559783045475
2091204184,9.373541815082339
1880429174,9.368209079045608
1433718202,9.309910254883889
2503418130,9.280475534185241
2503383480,9.190543412130095
2499731124,9.190250459247197
2499756682,9.164680663993709
2499242150,9.164235354602651
1879246974,9.097440707850016
2501412120,9.078321251497307
2500108750,8.937010079422944
2093898481,8.918900432094947
1433639712,8.918627518069437
1879858492,8.914450284480333
2095456460,8.911963637140326
2095432555,8.835424161086388
2094593862,8.828543282262306
2502447625,8.804840145592873
2500881744,8.777868324091585
2093883721,8.712944722991498
2502831002,8.674506850442295
2502551467,8.649046909680022
1433770634,8.641033965363135
1931006010,8.62693935242481
1930935051,8.613827462385341
2095488793,8.590117981726197
1930948532,8.587090620724421
1930221823,8.57896407244865
2499761712,8.564165239727407
2502371055,8.472430344837035
1930254163,8.314215058754503
1879798084,8.286185591625822
2091216905,8.272365468482699
1930949627,8.216270369890088
1879865350,8.205113739839428
2092921772,8.203581944962796
2091264563,8.172112352243744
1879153543,8.16489659862352
1930211353,8.14753975054537
2501303174,8.112121953204012
1879893423,8.082921900479962
2499772550,7.976183098195874
2093926101,7.970330908701263
2091209730,7.970014331228311
2503212142,7.962549702235499
2502950784,7.919634886578435
2094697551,7.78962959356044
1879793421,7.784237449046071
2093048151,7.760090609601712
1932589155,7.736639443087159
2093917913,7.615401497804748
2094694511,7.612349070804457
1433033120,7.582625926754363
1434285184,7.558479088761494
2501492133,7.551910981424321
1931601770,7.458893790191653
1433355884,7.447390769788136
2500128913,7.287019641884394
2092882041,7.195998427303579
2499388704,7.130528143212005
2502895320,7.112847206187066
2499269440,7.08119337584232
2095356013,6.917662358885654
1879216587,6.87503557973993
2091990075,6.842963174880449
1934313423,6.806279438087202
2502736185,6.694765022622423
2503801560,6.694555180897108
2501896357,6.666667650725724
1879141490,6.5689673344922666
1880451972,6.537318606314835
1931676065,6.511091818873176
2502107100,6.50817961473869
2501972754,6.420278469819832
2095351923,6.415508500146032
2095425003,6.390668393689889
2093884365,6.390365734395943
2499323951,6.337686352735478
2502089410,6.301383538720265
1879881704,6.292013460624485
2502085930,6.24293684448405
2501846864,6.217017520666753
1931645525,6.18329292102084
2096234531,6.158377879716217
1432820162,6.1499211035575705
2502518690,6.120050830111398
1931021600,6.110739852074887
1880460051,6.107974311526373
2502163757,6.049173650803431
2092014177,6.0442053516372845
2092092917,5.943727975234467
2501024594,5.9136665250317835
1931618811,5.847003703289948
1434226220,5.7306209221137125
2095490667,5.719718357598973
2502365680,5.640437369514321
1879823051,5.5497598572517495
1930944447,5.465631772558268
2502861462,5.411727905709148
2502756675,5.410925365805911
1933521051,5.361568838604357
1879214721,5.325070209835247
1434245380,5.178433859310286
2502933294,5.165797400451084
1932562641,5.145645953048366
2501895521,5.132837937550455
2502926130,5.12562657541012
2499519152,5.122232652594779
2500759554,5.059015892784446
2503781934,4.956123588529973
2503648694,4.812534053602633
2499350100,4.811061133304467
2502564430,4.773413555397404
2093949481,4.771405663149878
2500884924,4.7426117102396645
2499378250,4.740953146366523
2502796770,4.66063694839316
2503906995,4.613904193547351
1880504970,4.565594428453267
2092864520,4.316300475549136
2500284384,4.287881059312407
2499578592,4.228435205873578
1931003797,4.213462326458478
1932554282,4.165455404855148
1932635287,4.154758977411251
2502384194,4.133059741605681
2501130577,4.131513342294615
2499525472,4.12903317256982
1434307661,4.113099381025588
2502349657,4.108215177315184
2503769820,4.0862622084078
2503183434,4.069122402806407
1932507002,4.0667912054318816
1880530875,4.0637723916535275
2501624163,4.058472254060012
2096259373,4.048838564620924
2501429182,3.975458591447193
2499254732,3.9357108974041384
2499208964,3.9220020556867543
2499644360,3.8525467910520828
1930935560,3.8051631491455433
2092754465,3.7765777056402685
1932596207,3.616042195091566
2503002652,3.588222268831158
2093978042,3.568507833185149
2502537130,3.5670880159068497
2499311944,3.524314771937335
1439545701,3.516370277680044
2092022550,3.4783768760529568
2095391001,3.4528822259185863
1433803721,3.4526874394295803
2095476407,3.420136016541601
2502161500,3.376602860533868
1933558965,3.307273992519765
2502088490,3.262250730605463
2502154412,3.2265101874454083
1932602235,3.2256236941943888
1879243473,3.170822694255795
2094611334,3.1546982074466325
2091278557,3.1314983660589
2503434493,3.123309448743287
2502823810,3.0759147630744184
1931644470,2.9986930416972175
2502861624,2.9820283308757665
2501604981,2.966027539915038
2500625945,2.8760944883329222
2499308220,2.8744725663774746
1427810841,2.858749735264144
2499314952,2.822244912997531
1880476694,2.7898610057527566
2092820933,2.690357990941266
2092070251,2.68976431910703
2501558693,2.686867283309459
1880441582,2.6786470568555165
1880513753,2.6512507656894164
2091268515,2.628511072256763
1931635213,2.6006807135048504
1930172281,2.548176754017849
1930138105,2.4717720103447682
2094674662,2.393823335880439
2093950000,2.376841547122234
1879141082,2.364221080415286
1932625815,2.2854868614200425
2095376487,2.167206796173873
2092954573,2.079233031043803
2499593254,1.9111596391795134
2503901374,1.8634693168824843
2499290604,1.8602101328185627
2499247720,1.7904856355658705
2499865192,1.6062958611505764
2502438443,1.6023385679768696
2091269033,1.352048936451542
2503678080,1.3458439095462924
2503382054,1.3212277447263223
2502030823,1.2949558787462938
2501590725,1.2704685470824573
2501018897,1.1765734162175727
2502099493,1.1633412829310708
1879809035,1.1595791588168323
1879142951,1.0616582476725533
2501573235,1.0538330166765277
2501221147,1.047680458500978
2092063834,1.0218280061709246
2500829892,1.004593434770254
2502094112,0.9606518897529662
2501550442,0.9357915366033074
2500811717,0.9191586158338828
2502352790,0.7816522747176357
1880475223,0.765703289321581
1930930473,0.7576888499686518
2502610444,0.6480801533957024
1879822355,0.6295887627949689
2503760761,0.59785692646484
2503066120,0.536984534398192
2501782910,0.5202247494095361
2500134344,0.5146626209100454
2095483775,0.49757886468561324
1879865887,0.4670252288877822
2501807622,0.4316629519920317
2502137600,0.42974341952625067
2503608340,0.4191644343131023
2503908500,0.19431805099186594
