user count in community:626
Topic id:5,Representation:0.4788068381498604
userid,score
2503325382,18.48638021238024
2502237927,18.129593870908362
2501931757,15.335179781911727
2095450235,15.1753826436928
1427603960,14.9542051109083
2502367615,14.642939669620274
2501610264,14.282782950077491
2503589981,14.265469942535432
1433621275,13.804192041522292
2502881181,13.655000466996318
2092936192,13.424696691166433
2501797422,13.34405516099275
1433294104,13.183542041075205
1427823420,13.163965812348446
1434465884,13.094767604085906
2095461312,12.970524049462394
1934322592,12.8864405383311
2500702935,12.854470641675913
2503318490,12.836675534585995
2092832314,12.661453835315307
2093087137,12.630405988490445
1934324023,12.60995922562968
2092857993,12.51503595374618
1932532430,12.488531433003136
1930247330,12.422040324127343
2503365964,12.022097095044563
2503472355,11.824781935757988
1932563445,11.747309955160935
1932450387,11.679741576790837
2499601542,11.56518263634176
1879899610,11.561856029963968
2502022563,11.495988037821384
1434434457,11.487606047399607
2502433147,11.369374582589074
1879866267,11.252285376002423
2502041342,11.100345899693007
2093920205,10.900906393222243
2503528392,10.862014698166316
2092043451,10.758811300909224
1933493623,10.70258940360328
1879826137,10.520717240763847
2501324422,10.418688553833439
1878582611,10.294820137745697
2501620755,10.267080984189024
1434429255,10.222092920558183
1879244523,10.127486425745328
2501698604,10.038056230415915
1933521107,10.03421583252043
2092082117,10.012106603433228
1879231473,9.994364664958523
1929307921,9.975828560852916
1432680574,9.967625479256327
2501075082,9.96232748710838
1427778110,9.95863452073764
1434533641,9.882281214818162
1933513673,9.815791205038636
2501601853,9.798216589333592
1879900432,9.773148313947654
1930245727,9.71851061126553
1931594822,9.697224504110487
1930165005,9.674788480670829
1879811593,9.606883434720393
1439332807,9.520091629696784
1433387177,9.505893531787587
1434746781,9.503837525187208
2092008882,9.480647793820848
1878577927,9.33606233291026
1433605720,9.293297329017143
2503193011,9.254848490760997
1434019230,9.223012546731914
1433940047,9.198741572087627
2094671105,9.16760356862643
1932637202,9.164506889384509
1880497674,9.111910953984843
1930216771,9.054349857835334
1879876034,9.013851127959043
1434402060,9.010833139109463
1879156082,9.00535195010077
1880472962,9.000077715854149
2091950140,8.981814592802188
1427589977,8.963985208287978
2095443221,8.9253970642723
1427718637,8.912520096713685
1433392064,8.910995021267
1932596437,8.88536041422212
1879811951,8.874531692048285
1932634004,8.870976966221924
1932461857,8.857602981492466
1427844971,8.838458900069767
2502575757,8.74076083394122
2502170977,8.692715615764383
1433358522,8.688929320034951
2092773250,8.663693699774056
1427733943,8.645978892832227
1433105404,8.641399385978566
1433545233,8.640675113585516
2092020381,8.610322728293502
2502468280,8.591116214684705
1432645435,8.559316071430157
2095448302,8.530979832345533
2502355462,8.53093467367136
1434684397,8.519296681774115
1880434772,8.516600672809496
2502024915,8.512034772663894
1427790270,8.490241510518592
1878578683,8.482335841786972
2092913191,8.473362630807157
1433329774,8.465447168596194
2502096164,8.436124189638404
1879901184,8.419209427688166
1434339604,8.368707094097585
1434339064,8.350056521578914
1434533667,8.331523202335937
1434476397,8.303366462618637
1434025824,8.290340924033186
1434371363,8.246759214017425
1432854021,8.233715149257836
1879131197,8.2288453597463
1932465310,8.22079202053272
1434170697,8.219342034775389
2091986991,8.216340824758163
1432655664,8.194328620836606
1434409692,8.19141902555507
1433640483,8.087339673238612
1879168807,8.087189199910162
1879801771,8.084763890531482
2501275014,8.082253857895164
1879804595,8.042419083442988
1433068453,8.039823942482808
1433595587,8.017939673856231
1434370320,8.017227728016358
1433669217,8.009834326817908
1879132153,8.005847644410958
1931029102,7.965894928061178
1932455451,7.958694334162026
1879223171,7.948463277635463
1931011424,7.948324799169073
2095355697,7.905940953191975
1879823544,7.892106355577006
1930170433,7.876718159720003
2500730630,7.872411391405477
1433718850,7.860500219382062
2093042013,7.831954942863773
1879187112,7.81752044417881
2095379051,7.806051322885664
1427733671,7.791184374903729
2092944212,7.784459019684991
2092066125,7.783463881718316
1879870794,7.754048210085849
1434527361,7.728084837178376
2501955052,7.688631686060853
2093922584,7.648992871413748
2502547051,7.638116434207232
1433135582,7.637630510910057
2501857814,7.6223713318695285
1931007435,7.6208394834206405
1432716392,7.609667224537999
1433158862,7.605916719366457
1879827145,7.593276954052247
2093019022,7.567289587584543
2094610225,7.559230878737644
2092898682,7.537418557230976
1433882174,7.532577634578964
1439503732,7.524527626780797
1930189870,7.523728657610684
1932542262,7.518512274203499
1432641281,7.515313449103069
1439375430,7.4623504361978386
1934298875,7.446766464430719
1432614015,7.442314214157093
1434650910,7.4092923559632515
2095373041,7.354279397559764
2500277503,7.3541066634511205
2501068090,7.352514860801543
1433621423,7.315863189985651
2500151964,7.294033426861868
1880518477,7.287195712213838
1932596071,7.28490482210475
1433577781,7.27933737764499
1433027131,7.269312988382463
1433406647,7.255975013716223
1439625305,7.24166159096485
1433800415,7.170095365260593
1880523237,7.144161773187195
1879774433,7.14289438462445
2499677377,7.135867228682051
1880512835,7.1324118145904105
2092769611,7.105008822696833
1930214507,7.102558143061518
1880494727,7.00861665312329
1434273035,6.998299357974583
1932493733,6.99793231915232
1427828665,6.983571332859535
1930192881,6.98119996061754
1434477690,6.931548607035334
1434437727,6.912236040423069
1433219794,6.912037856201489
1932542115,6.89427025797182
1433876622,6.851352568853568
2500456320,6.847997452844522
2094553640,6.835665002496764
1933591574,6.823305845400767
1433874220,6.803862215163549
1434173303,6.799662031993957
2092763127,6.780260063242979
2499331070,6.7676710592050195
2091261752,6.7472746301366
2501786493,6.738163817307225
1930951603,6.700746751914222
2503059394,6.696492202049218
1879792804,6.686120308567838
1879803764,6.673230166013824
2092876611,6.669908325833094
2092008871,6.663715593704348
1433453934,6.661305599678895
2501849394,6.649755627135337
1879155741,6.639486112515412
2091236781,6.638575449480773
1932640877,6.635746630686916
1433187183,6.621880801697282
1879835951,6.607429407537366
1434694457,6.560998578325915
1930969701,6.54080517227443
1879126040,6.53876135279773
1432974172,6.52664885653512
2094659371,6.516450988521195
1930200011,6.4734770770742385
1433574121,6.472075016544362
2091197675,6.452670623424422
2500308852,6.452492619008676
2091239674,6.449412036789255
2499739313,6.440913593109685
1433323862,6.415931901905378
1879813517,6.380971805151434
1879224927,6.3622387251511645
2092960804,6.312332134837496
2501149044,6.299741503783204
2503326951,6.248989714165893
1879848425,6.247942305609274
1433558991,6.220457574888196
2502495642,6.21972131959848
2094642871,6.1991313784847035
2092005470,6.1619855783330095
2500319487,6.098375848027417
2502725855,6.085950399984516
1878592051,6.085208644087124
1932518390,6.053738972489081
2095389374,6.03164027896612
1432981687,6.028472167787304
1433386572,6.027031653759251
1433962217,6.019062691300869
1879127255,5.985214742500059
1879826700,5.973070692806665
1434032063,5.960151406748976
2096220847,5.938325552815447
1932652601,5.915716032805095
1433228131,5.913013110244286
1434093435,5.8874319507863335
1434186564,5.8621224423515255
1434698981,5.849979996860703
1433399202,5.815045027743811
1879128453,5.810394998913821
1433417000,5.807015531865987
1879784183,5.7974285724981485
1878592112,5.782128791149903
1931022777,5.74937033395369
2092844735,5.723022726622067
1880497214,5.722580323861259
1930241761,5.714939029398586
2501004413,5.692914874393512
2502148720,5.686436136955356
2501958674,5.677443382900307
2500922980,5.655423968379588
1434475192,5.64421441732214
1434447024,5.640309879303729
1432938931,5.632732790188349
1434528151,5.630551863800591
1434098305,5.613784577469279
1931696954,5.610311692655924
2500334647,5.607688310223895
2096266562,5.5950764628346645
1879829492,5.558763629777561
2501848827,5.542764560434831
2501597622,5.537660880949827
2501835982,5.508870485780064
1433469242,5.502853437486457
2499289927,5.460506215051801
1879137877,5.459928546399827
2095425921,5.449867127770365
2091271812,5.44248545333791
1933554442,5.440614218226349
2502366982,5.401943011701314
1433801845,5.39189608970946
1932581550,5.39004258180041
2095431923,5.388020321351009
2502030691,5.386448334059445
2501302705,5.3608398313898
2499247624,5.3508816427762484
2501476241,5.350158066625993
2502041924,5.335141652101156
1433539910,5.33235557465931
2091278492,5.322352111783706
1932430441,5.307669131435393
2500886690,5.285604599889798
2095397813,5.280041866790528
1433616141,5.2708360239303955
2092064654,5.248456086622412
1427733824,5.239086280681245
2092769907,5.192099337839623
2503639857,5.1696595012513
1439435961,5.150126874778277
2095390855,5.1458942598913735
2096203175,5.133765238403646
1439318215,5.119273220384817
2503750192,5.115620507699512
2092040310,5.101475830343848
1433105571,5.084977861349077
2095402962,5.0794152539624555
1879229867,5.019810141832108
1427723110,5.0144103488707925
1433397405,4.986532950014614
2092053352,4.923502887610208
2093092247,4.914442071178037
1879850863,4.911123909918945
1933530970,4.903901635216947
1879857292,4.89175256856288
2093081852,4.8584711673940655
1931026877,4.843137168070975
1933574671,4.831895017504908
2501861542,4.830008706390936
1879846724,4.806395708737071
1930938195,4.791454264191746
1879856592,4.783979522204278
2092956573,4.769185960313058
1432850304,4.739321988564868
2092063477,4.7110863281731925
1929310913,4.688475148795342
1879241163,4.6790133462195485
2092037512,4.666520548495257
1434145857,4.66344729010887
2094632575,4.653557244490743
2096212252,4.633294829173436
1427756644,4.623065634263829
1931621805,4.6093635780725455
1931688225,4.591975028450178
1879887034,4.589956458516092
1933497437,4.589300882501832
2503105092,4.579251833989465
1932521945,4.507778189152123
1878583133,4.475399647684727
1433060821,4.46509548794972
1879878294,4.448012825269969
1434492110,4.44641411144539
1433346527,4.442335771720326
2094615401,4.431135203956208
2093885885,4.409997829792189
1931674885,4.4078386614415
1930224192,4.403758370529858
2096191577,4.360325418748214
2502895714,4.338126855369135
2091201847,4.328295187284344
2092819681,4.273732884904685
2091972360,4.266169067092601
1880427971,4.219464238620746
1433416121,4.218935927295498
2501609115,4.177927295306343
1427683122,4.150752319898468
2500862077,4.148827397937108
1931023450,4.132299132600015
2093959933,4.08163545441704
1880525774,4.077720344988217
1932617447,4.051236288798164
1880451477,4.042094459036594
2094664670,4.000364251753185
1879843593,3.9667158520777024
2093951330,3.955896062485946
2093941090,3.953273928096665
1879199815,3.95292105570216
1879905425,3.9497757341928255
2092008822,3.9288582519058806
2092856627,3.926697221986848
1879130384,3.874400999006141
2094638767,3.8709120374804056
2500196971,3.86512601517026
2503759152,3.859575481493971
1933598391,3.8465341933503745
1433185493,3.8424747932702297
1439545517,3.8347924816448384
1933516683,3.8256914480119404
2092942884,3.8161568846767566
1879794247,3.8086545892783796
2500147711,3.795666627802986
2499258051,3.7761667710984264
1434188551,3.7717099307113044
2092792555,3.7533413517437295
1879801550,3.745549516087716
1439558741,3.713760211618178
1932603692,3.6879629099178475
1879143033,3.6715910246891665
1433726903,3.650059324133722
2501007541,3.5746666947990686
1433953135,3.54539732088278
2501960571,3.5422337711330902
2501594203,3.535986096645978
1433973177,3.488297692716848
2503094822,3.4826273293070353
2502839362,3.4766567816882903
2093050347,3.434913297840561
1930190197,3.4334133598184993
2501738297,3.4218814785317275
2091219055,3.418447853684583
2093966992,3.404789144210455
1434381404,3.400698746378572
2093984407,3.392772103400844
1930156691,3.3896917324859315
1930984042,3.389483668953395
1932653043,3.388040727213142
1930153461,3.3872316988795577
2503292310,3.378627887075171
1932585507,3.3669264554629525
2091229303,3.3627336004858153
1879209727,3.352794676644906
2501423727,3.349277945513983
1434134055,3.3461126420272187
2500767104,3.2927018225090428
2093857044,3.25079319178029
1879871012,3.2479753961176105
2500139662,3.24745574963995
1432659015,3.21503602018588
1439337172,3.209952711506876
2093924425,3.2013280110136377
1439464677,3.187596191817777
1931646514,3.16769628861832
2095429191,3.1469703383065757
2499366054,3.142233400396115
1880513392,3.10571707333278
2500608922,3.0674209443590383
2093024797,3.059178367653139
2093943487,3.0499367100036654
1932462110,3.0243395124402674
2501729401,3.021838376487255
1432660452,3.01597683142536
2092083520,3.013166569260929
2092794291,2.9794679535495665
1933565760,2.9729529575585376
2501819795,2.906098846104627
2502859782,2.882910174916143
2500234743,2.8797099781207525
1434160330,2.873293228302323
2503349300,2.835034991642607
1932579397,2.82653673276466
1932506565,2.82576603245823
2502068343,2.82428109782924
2502075067,2.8123579227845883
1932499902,2.775503326147988
2500337507,2.7647077028452243
2094575812,2.756295802242893
1880433261,2.7490712298565594
1879848010,2.709341642650296
1433428644,2.7048017182517885
2092832452,2.6862097730063432
1931646933,2.6843974622971922
1434740355,2.6705734209301184
1427880974,2.6576964534093115
2499739493,2.6455391764316105
2091200190,2.6221136111401653
2500819390,2.6146282734607076
2091266807,2.6121694571055167
1933583520,2.6084584388987007
1932479042,2.60781415304398
1879796834,2.602867082090366
1433804711,2.602356024354562
1433210013,2.59062153892811
2502049053,2.5632334791649374
2500856790,2.5097849701416757
2501446557,2.5071910436421225
2502956792,2.4975915859935562
2502175770,2.4914406142231855
1931592161,2.4908696574294744
1930929097,2.487574707011674
1929305951,2.478323035837766
1433408435,2.456842488483116
1933517253,2.445233011071337
1879831393,2.4157964493082504
1934295433,2.408441278514492
2499240954,2.4047998859272903
1433797363,2.3929768444107387
2503768927,2.389739342346947
1932578071,2.3559392978794595
2503175015,2.342521709263866
1930182094,2.32821999807334
2500852682,2.2594818417755143
1930146545,2.2586038959187245
2095372073,2.243069434361443
2092760642,2.2213195690308214
2502320960,2.216225210775328
1879799467,2.185668991022568
2092930844,2.1854374194804267
1879805851,2.1791242779044686
2092937727,2.178910005553198
2500725931,2.1695348437484805
1879903894,2.1668285118800927
2092885581,2.1667137424252845
1434538050,2.153110234044916
1879138105,2.1165145924323445
2499294700,2.085472430356395
2501334994,2.064336298814249
1933524122,2.009169339078341
1880532903,1.9683396408548057
2094696577,1.9355336811658215
1879912115,1.9013292917056974
2502212212,1.8700549277611642
2500215957,1.8386215522045002
1879768667,1.8365165653591389
2503520814,1.8005378396081215
2502657644,1.7948546151558482
1433003823,1.7869555672319895
2096243060,1.7651665288371694
1433033357,1.7545404256958055
2092894567,1.7454801382188538
2091288534,1.7380626117079117
1879856931,1.7295817524863448
1933567327,1.7244553172362325
1434056841,1.7185974058961437
2499317145,1.716273033159915
1930951112,1.6979948534031615
2095418863,1.6625407641343675
2095399965,1.625678500869284
1880471021,1.622581423095927
2502453420,1.5802230650763875
2503245374,1.5766788690440359
1933538050,1.5749428532899001
1432847273,1.5420392638352685
1879778774,1.5295396491195898
1432873234,1.5245147824117788
1878595455,1.4940491019430087
2092806310,1.486302144730384
2094561684,1.4498573431430517
1878592497,1.417282859521601
2502561930,1.3884507713164933
1879912515,1.3815225984463464
1433311821,1.3794638594081228
1930253787,1.3777723045619643
2501592432,1.3746848762256796
2091973345,1.3743826172502296
1880519952,1.345255386197071
2501232520,1.3111256051376983
1930994640,1.2785422343931454
2092065617,1.2552792061808546
2502989862,1.214584356365777
2502243282,1.2103456131052446
2499652350,1.199924377119303
2501819262,1.1661849025219146
2503626845,1.1509503104543943
2092826704,1.1447629167174609
1933550393,1.1417193649547595
1930211501,1.1345501810795915
1933515570,1.1288979786015074
1879203193,1.0890318485835266
2092787927,1.051932508559032
1434383565,1.0454656166969187
1879842345,1.044828250880473
2096214577,1.0316556552701162
1932643682,1.0286967212322846
2091975984,1.0015231606625066
1932448480,0.9947172755284815
2500739710,0.9626109844357773
2502353873,0.9586288765743887
2092057382,0.956695795470361
2092832282,0.9331664351141286
2095390805,0.9220136175942826
1879137553,0.9050158132111135
1931685142,0.8955387547051273
1879128247,0.8922669640924162
1439541671,0.8621474569404679
1933510172,0.8394555939505322
2501307115,0.8042953734598288
2499508827,0.77013759014654
1934315214,0.7159303977447631
2092911407,0.7063678455093743
2094669205,0.6773117532680812
1427874617,0.6718728714677253
2499281044,0.6631710711733017
1930153433,0.651531062315808
1434686293,0.6482015582536361
2502136912,0.6187240941455693
2503819321,0.6145604281231684
2501901683,0.6094892785066085
2503846912,0.6048444823934215
2502430597,0.5929337405851415
1933521190,0.5882409345313054
2503117425,0.5859112117033489
2092814124,0.5773830061792234
2500922755,0.5757562215666279
1880519110,0.5647521743867931
2092043054,0.5617971333715013
2501336704,0.5277042496087735
1878603280,0.5263724400086989
1880444193,0.4827159309057961
1932474750,0.4516339634052884
2501435522,0.44700548750396957
1932609990,0.42336551044851467
2503275533,0.4127866082559232
1932533012,0.38165780336761823
2501573462,0.377765049232309
2091981394,0.33643550872691963
2502611431,0.2986970996252769
2092972025,0.2970055791163077
2501573822,0.29698204038314746
1879201087,0.294143990793852
2501761580,0.28297810503881654
2091220224,0.28182955534043935
1931623927,0.27187530241955155
2501529640,0.2639026049074591
2500438354,0.26266244832548097
1433575931,0.2601309423188914
2501576382,0.2506622350922124
1929303241,0.24666296099621976
2502515742,0.24005722640934699
1433951991,0.23698520272063797
2092959164,0.2292160395398268
2502758985,0.21733430106423443
2094687144,0.19861949544111823
2499245363,0.19800282780633327
1930201220,0.16875978721675405
1879171767,0.13590194090343782
