user count in community:299
Topic id:9,Representation:0.45486833781005404
userid,score
2500287420,4.829000363024415
2503063872,3.435287933034687
2500829612,3.2686299849458416
1433895692,3.2404632660493897
2092798582,3.2334880586835593
1880431174,3.1597300067682634
2499608952,2.8589341656987965
2501322434,2.858173896885354
2499893771,2.7400123802897984
1931024270,2.7318792661632068
2500521623,2.679198389930682
1932644784,2.6473960381009163
1932525581,2.635037353341308
2503186604,2.6238211376146077
2093857540,2.604893421370777
1879906035,2.5871598992590488
2500837612,2.5862688270563092
2503083920,2.5335358226348768
2500248664,2.532139923421871
1880511512,2.531017458290334
1932596190,2.530850582068689
2500484523,2.523696963670632
2499412972,2.523060018215685
1879782727,2.4936623075112876
1439573285,2.465011238535264
1931002243,2.456811920524144
2499813827,2.456724882450521
1434598107,2.436708864856225
1879170853,2.422484298771678
1932584077,2.4000096645907303
2092900103,2.370624551590986
2502092437,2.3542362236072454
2091248085,2.330642569198681
2499653207,2.3238635442621356
2093065802,2.2798754802099075
2503030154,2.2682171529382136
1879217541,2.2327180044262622
1879126043,2.2313693003764357
1879864620,2.224446977223787
2500139762,2.2103212199070543
1879236991,2.2054740285683403
1880447607,2.2004378720446955
2092859724,2.1908738947867756
2501004944,2.1800972823178526
1879905001,2.1417149359727436
2092847575,2.112819647592848
1932629334,2.1035526933602506
2092795221,2.098762266384046
2500973460,2.08998395566719
2499695035,2.0700522293131995
2501903100,2.060328253493913
2500361373,2.030452365451088
2502040583,2.0158970045149385
1879828017,2.014548037699731
2502531812,2.009964052426494
2091183357,2.0087028089410444
1434729014,2.0056812922213356
1879833574,1.987162198579458
1879808641,1.9841239795087162
2093893837,1.9805457944359486
2503889664,1.9637409095907232
2092006114,1.9585781925060686
1879874773,1.9274850785158884
2503476074,1.9167537158539651
2092013684,1.9068074867148141
2092770362,1.9041658648301023
2093007252,1.8961828543669808
2095461977,1.8945191040812994
2091189351,1.88714488842988
2499878377,1.884948223063842
2095355170,1.876999371865833
1439337317,1.864400236668698
1427659827,1.8445287465677433
2500809563,1.8365396515256143
2502292307,1.8172702716760891
2092826257,1.8124416168932873
2500179830,1.8063375520663423
2499546570,1.7962508424235575
2500474501,1.7952250140191301
1433817424,1.7935028609894057
2499312962,1.787251982242566
2501022980,1.785277878274315
2096190817,1.7751642753647658
2501566832,1.7624316610047575
1439606430,1.75673614769698
2092827407,1.750565569210714
2499494255,1.743026235262529
1879152325,1.7315283822552638
1932517127,1.7288850024077618
1879801654,1.722299141770067
1879835235,1.6982040477209552
2502832545,1.658453087370698
1929316091,1.6575798877591483
1932549094,1.6455074361159991
2502991402,1.6348432676431233
2092783520,1.6183238223026415
1930968163,1.6166605094744686
1879154743,1.6147300467502377
2502536111,1.6071864595016632
1879844964,1.6066437068044015
2502348787,1.6059466360805765
2503148300,1.5911769105097746
2092056352,1.5617663319583541
2502562710,1.5455249773984632
2092928791,1.544291655879945
2502823695,1.5220921667112552
2503118924,1.5204562462349955
2501601415,1.4869187448804586
2501049604,1.4812036346510156
1433295302,1.4769299662366804
2096248387,1.4616980322387154
2500382151,1.4416455679607167
2502314702,1.4389443743993706
2091961202,1.437761949612388
2501478364,1.4292805841550191
2092911304,1.3917432554540643
2093029484,1.3659305959504955
2092948480,1.3627266431235239
1427827193,1.3445511084754334
1932489493,1.3434043868451357
2095490497,1.3395965008374695
2500246047,1.3343303404553735
1427593052,1.3293788557129924
2092892882,1.3202440731514378
2091282944,1.319134841578694
2502443290,1.3106133835239868
2499615414,1.3053936541097155
1930150954,1.3004851914219206
2091975575,1.2986661871172356
2499226970,1.2903712195031078
2092770940,1.2825499953030466
2502034863,1.2767799072889254
1932640463,1.2734026976607324
2501478571,1.2706760869498375
2091991225,1.2696050481639414
2500325143,1.2686111518726204
2503095484,1.2682996736822658
2501413833,1.2459461767045807
2499344254,1.2217816168697855
2503665121,1.212584029927553
2503480892,1.2119931569699582
2501892500,1.2064712139360247
2499341444,1.194658233745767
2499393440,1.182281599381086
2094670997,1.1758035539748477
2094660474,1.1666649450318773
1879905132,1.1636853315297055
1930993645,1.1464927483661511
2503766167,1.128069655673674
1932499864,1.1248567370787916
1879231235,1.1213460913653288
2500133562,1.1091486094623848
1930227184,1.107077362591321
2501907660,1.1047487097352495
2095395451,1.1000031459832886
2092788182,1.0915674814358178
2501867474,1.0915659481761597
1932618814,1.0812575895055692
1880536547,1.0730644196856172
2092885884,1.071955737005178
2501508790,1.0570777872008148
2094599573,1.0558825326079886
2499414084,1.0375732586872115
1932444732,1.0036099695066678
2093936724,1.0004698025105
2503694160,0.9897938808375896
2503791860,0.9820650381727672
1879788582,0.9777499055989162
1929311095,0.966161659240715
2499319227,0.9582504417800092
2092015275,0.9499245991354681
2093980364,0.9391660721449224
1878604502,0.9351949366773391
2091947957,0.9286777907895198
2502552852,0.9274440855007463
2501598150,0.9202915340837573
1932621981,0.9137156741374098
2500413730,0.911314351124288
2093004503,0.907781158262613
1930226681,0.9014420547922657
2503245194,0.8960410377829735
1934313531,0.8955429767056998
2502346864,0.8891968284492403
2502277593,0.8820178811940728
2094580910,0.879284547819524
1879144342,0.8705465895179311
2499884494,0.8693634645930889
1931624827,0.862480347308945
2499316972,0.8572930000815376
2095433500,0.8545691909791144
2093879035,0.8519301429606241
1880521111,0.8438691036105336
2503698832,0.8428397069493736
2502998941,0.841219239235313
1427842945,0.8246913247288064
2093028187,0.8072796875365615
2094622710,0.7961171826173906
2501690192,0.7853814968936594
2091980837,0.7801262096617232
2502813454,0.7789593291344251
2503831170,0.773142458392245
2499897594,0.7703195521665483
2093023170,0.7544816905759448
2502885067,0.7493554206245003
1879826575,0.7491262378435963
2501316021,0.7471423981841867
2501156425,0.7470381568631468
2093086990,0.7422602872895773
2092035373,0.7413262083182096
2503180171,0.728389063772287
2501764160,0.719366535220459
1934298503,0.7141584733243282
2499348442,0.7057119428562221
2501643441,0.7010652687814595
2502451370,0.6869845748323168
1933592775,0.6841796178987276
2500389924,0.6773878779528351
2503742070,0.6651618438447723
1932510840,0.6627197497250911
1432710393,0.6593606094888241
2499310494,0.6561259235643656
2500204154,0.6539974950987337
2500570347,0.649759097326708
2095369707,0.6239486593390763
2094587154,0.6230550926942173
1931683367,0.6085901404239343
2500387940,0.6082843291973874
1879793504,0.6063362715758742
2500487094,0.5997186482984844
1930952943,0.5976429587415747
2093874874,0.5970674500941857
2503852894,0.5968545021056096
2095379871,0.5940351226633909
2500340807,0.5921240315780661
2092864617,0.5767652857323785
2499427265,0.5679536136132872
2501587522,0.5549940002447709
2499720697,0.5479578690224647
2502994212,0.5440498539886944
2091180495,0.5414420908783407
1930993377,0.5414321832477264
2502783080,0.5334342686521548
2502159697,0.5274336058000341
2502313537,0.5234316018228905
2502067570,0.5204272113128325
2501435435,0.5112511472396796
1879779900,0.5110241773880306
1930938322,0.5007049583705186
2092903995,0.49987043063370107
2502720544,0.4981075324890333
2501511095,0.49772939930232646
2502171990,0.49444082212520435
2502181382,0.4926043437551956
2503528500,0.4908159863575427
2501710725,0.48646162643123336
2503531854,0.48644727743591876
2503141247,0.48377903796391303
1880526522,0.48040129253107905
1880503662,0.4676805383925802
2503380420,0.46056001341607317
1930965037,0.4537535603224608
1433942014,0.44105228476760017
2499336282,0.4409358346419852
2093026527,0.4356944551751314
2499601384,0.43524797816569477
2501372632,0.4294370522537626
1880436902,0.42346575859352387
2093876867,0.42022830613296747
1879785770,0.4182267559700971
1933517945,0.41187740876057954
1434351980,0.4033191262380185
2500213593,0.4021665551014357
1880440000,0.3999977765333923
2503058232,0.39593043272647255
2502465040,0.38755288342238603
2502530070,0.35652015284937155
1930937671,0.34695547195229864
1879834032,0.3410811385760921
1930252125,0.33684078461356204
2501923120,0.33672487230173137
2093075872,0.32709388579747894
2500635473,0.3210772421035045
1879801004,0.31986872414572803
2502631264,0.30973594248195163
1439657935,0.2815964488370736
2092873123,0.2633983351375881
2092082714,0.23179465358647855
2501857660,0.21588757940111458
2501731774,0.1982682111337058
2499342081,0.17421423596005572
2503186207,0.1574619106924834
1930210082,0.14485220565168502
2093863125,0.14357148730907934
1930224904,0.14250469622914808
2094668761,0.13913233668100008
2501109061,0.1145033551183742
2501599092,0.08410879479947264
2091209265,0.05508464687002691
1880425502,0.03465151434033272
