user count in community:689
Topic id:4,Representation:0.64340328648262
userid,score
2503272264,32.896143564057425
2502951581,30.510375936527844
2500984840,28.01394809792625
2499531142,27.663226997992563
2501858094,24.840621068760825
2092878423,24.33914010904211
2092915727,23.666089357918263
2500710612,23.030693560169478
2500177344,22.113596187167495
2501378220,22.10923225751052
2091202565,22.01267156519875
1433451200,22.00512393646522
2502575951,21.977197948722463
2096273465,21.622854110223415
1932470910,21.4921044047246
1432604335,21.29194593342148
1931680373,21.283876571866386
1434695170,21.104021899504517
1934299325,20.710336437998283
2501964965,20.681120509018392
2094550853,20.597228942580227
1433290767,20.393500850710748
2503161037,20.280732010603575
1932441711,19.785655685082883
1434105404,19.496464363675717
1433878912,19.353032440465046
1930150582,18.994905449673684
1439564002,18.974777465567943
2503784342,18.97433561781328
1930140851,18.96825949159244
1932461307,18.931305684074403
2499255987,18.86013037069118
2501211582,18.805616622037945
2499392765,18.59421947941766
1932529017,18.373078244871017
1880498892,18.300652277310306
1439504291,18.295514811050996
2093901271,18.248913146614225
1439607235,18.167494462464276
1439499065,18.155175914778685
1879198933,18.11966645486788
2092842021,18.104514920058172
2092881510,17.9882080636339
2500446523,17.796040410736175
1434205013,17.724593153536876
2093946072,17.6357430486048
2095420657,17.61251633784503
1932637814,17.60603893097723
2093966733,17.53023712121992
2092939025,17.51397758070224
2092926527,17.493395519669452
1434701290,17.46014647907504
1932505922,17.42463094760773
1433091910,17.393951561059087
2092801984,17.36324942837904
2095495454,17.32000817582265
2499475165,17.17232433400587
2091998140,17.153791707543032
2502744111,17.10573734244659
1931024700,17.088231824648382
2503583964,17.052421021235116
2095437083,17.03281687531161
1879172363,17.027028163387147
1879130915,16.97009387660447
2502915650,16.879062429027474
1427763725,16.855803842024606
1879778060,16.81163632215452
1432960257,16.774341354762626
1930145462,16.700349455541065
2093057384,16.673744469087467
2094673267,16.464275255793556
2094607472,16.461833887436615
1932493667,16.318258032280102
1932518693,16.307478145685263
1932551005,16.249214145633708
1930182993,16.2385640485204
1879166025,16.22500744253672
1932512645,16.168185948682577
2499474805,16.06794127037583
2092042875,16.011606587873043
1879201637,15.650445158876908
2094699383,15.575985686583744
2092936351,15.561928758539523
1932580627,15.512815371046589
2501881030,15.49734334329502
2500986093,15.495599169011465
1930935654,15.467580631757544
2095342411,15.409226647962472
1879849525,15.388182125679066
2500313667,15.376917230631463
2503811271,15.365031163620564
1932573863,15.276090419210725
2094604503,15.105081977819083
2092793725,15.09239089207155
2095456105,15.086703129754158
1880436467,15.069747410277673
1434526570,15.066600967204602
1879199307,15.047801067726605
1433050905,15.03791894695564
1932633150,14.976741098617705
2501479393,14.965254422787687
1434029642,14.89277141625993
2091196300,14.845204244759154
1880493775,14.816907611534267
2092835073,14.792561548248207
1879854067,14.775410898224912
1930204877,14.767090121184799
1931622663,14.733851721184532
1434546357,14.648856155888382
1434350942,14.647115862013719
2499657887,14.646791652017487
1432857914,14.58091924890649
1932627221,14.472920339763816
1930154224,14.422680056373236
2092775787,14.39149400708031
2094550217,14.340254461734025
2501633981,14.31887315747837
1932452212,14.305309265199169
2502886265,14.25665851236676
1434531724,14.199992913822276
1879883090,14.188097093293184
1930929972,14.133606007037779
1880477991,14.10850524635207
1931597893,14.09300878074732
1433646900,14.08885208938564
2092063881,14.065301153246988
1880523550,14.053620338865098
1439542342,14.027568296127669
2502154492,13.97531130113582
1930186570,13.92395930509273
1434373103,13.918048911091876
2092844294,13.84549199298082
1434422064,13.843304751126551
2500242072,13.826985286847256
1879792035,13.823415997630837
2094658367,13.76547677023869
2503242393,13.747702015679824
1879132660,13.705547640992048
2092810204,13.592729674430338
2499806153,13.591011882223185
2094570007,13.570500225870717
1879235833,13.561056919262018
1878580627,13.542220350824236
2502005027,13.527705714282243
2092956663,13.481067826828642
1427772955,13.477919836388839
1434670014,13.438620204483039
1932546171,13.417987404165524
2093088981,13.398426156790741
1930249613,13.396548662667971
1932642635,13.390983689875037
2499263467,13.370709630597277
2092025545,13.363106662772436
2092951260,13.34778709358769
1433872814,13.328020158099152
2094579473,13.281260952116822
1434271175,13.241710124167376
1932516703,13.227478088418666
2092882334,13.202903363590824
1879903837,13.149551809600384
2500245295,13.135735328116906
1434301724,13.111921515237839
2499262997,13.061841513016843
2095452301,13.05973191289993
1931696994,13.028583547045605
1931006451,13.021263983832245
1433153413,13.012577407935687
2092910584,12.961869682100598
2092785022,12.945811622215636
1434110137,12.846814294662051
2503321694,12.841851918147091
2095447640,12.834765995078401
1932494680,12.80975067058758
1879862882,12.803655138146574
2501519087,12.798291092022192
2500956394,12.785777185984587
1879146065,12.780600353293945
1880453451,12.77134386332216
2500339397,12.767636517809104
1879167711,12.734378558756859
2503757252,12.728931011654689
2502045415,12.69280405088648
1434624975,12.6891148482357
2499612703,12.65400719306255
1433914252,12.653564514228323
2500383502,12.629682215659482
1879179857,12.565487347954996
2091280821,12.524951154941487
1879154000,12.475532886587997
2092902285,12.433122482129141
2092841441,12.410038166437515
1879785390,12.397397834530617
1934311132,12.394803240869999
1433831743,12.338335457413859
2500347237,12.297209753037299
1432627840,12.196884764653364
1933587957,12.171032849990285
1439510575,12.150154483996584
1930996373,12.142865814545257
1930173631,12.128956124532792
1930935141,12.127573977174954
1427583973,12.110713884275183
2500224242,12.094362439430933
1434682527,12.03925184622778
1434195145,12.038013392122346
2092848203,12.030467958328659
2092958110,11.969916705834109
1878574661,11.962327456417055
1878578622,11.914763909679133
1879823515,11.914499792922353
1879197517,11.808945940877134
1932625125,11.802120751677847
1931006864,11.793408513853958
2094636725,11.762013998310586
1879885040,11.719076464509984
2499533087,11.696105542025913
1879166217,11.666250049680977
1933512482,11.666074135765436
2093863851,11.663213352670216
2092858593,11.662461661373326
2093071201,11.599721749046815
2499754113,11.595486768817768
2091258130,11.593912386924782
1879131453,11.57880890172283
1879890800,11.570737933092543
1879160480,11.506151308996238
2501149557,11.503599534150718
2500389553,11.458191240622758
1930236895,11.40273188980986
2096204654,11.357690506217883
2501206273,11.326101427607577
1879884032,11.290205149946384
1932435117,11.26848923097584
1434698690,11.243935186121105
2091959265,11.2294535963975
1930189230,11.223431108558616
2092872947,11.190730107347681
2502149597,11.092992052525133
1434174565,11.049414804449809
1930171180,11.035575882168713
2092082904,11.010998349327187
1930152042,10.99353764588479
2094609673,10.993522188969552
2093860541,10.986609559067828
1433103593,10.945704883099937
2092075317,10.902334005966422
1934312014,10.901193172855285
1932619445,10.870196170786766
2091219345,10.869437357542468
1432862417,10.85601462445949
1930940482,10.80826798882238
2502186100,10.803186804431553
2095380191,10.744326746056755
2093064587,10.735120267288416
1433119840,10.699463150781035
2500306681,10.681844988259261
1879783317,10.66515783641534
1433002360,10.648255877502663
1879192935,10.607426428566356
2092978174,10.602099141344569
1434682307,10.591549151645216
2499674857,10.588093288150285
2094622895,10.587868490057959
1439369701,10.563747231970172
1879829837,10.552673265451025
2501825024,10.549651128074919
2503587865,10.534869937861513
2503457482,10.523169363683115
1434596990,10.518422220038811
2499819592,10.491310078931892
2503674523,10.476791029628602
2093907865,10.462607990997975
2094627935,10.404850677434956
2092826104,10.404722559802236
2503806417,10.403610831513271
1932516144,10.401746481712399
1427668517,10.379260572062869
1931646127,10.361205887128142
1879173663,10.340576499412757
1427683692,10.3243500449884
1880481584,10.3016575334844
2092802794,10.287690832738107
1933581934,10.233125769449499
2092781660,10.151823345463765
1427799307,10.116717688478941
1433300844,10.094643115305022
2501426235,10.084272193157066
2093012983,10.08232021865046
2092930242,10.07665679818581
2093886055,10.068183826270559
1934311812,10.055527533088245
1878576610,10.049764875891855
2091968752,10.025669196810286
2499645421,10.014076768400376
1439456073,9.999062162367373
2503596362,9.889204814875722
1879883780,9.883512194187324
2502816970,9.79462879959367
2092838991,9.763163243246463
2091253160,9.696895305964082
1433508693,9.685493531954839
1880540274,9.677291004010085
1880437117,9.666936307961198
2092879140,9.643974935613675
1879858742,9.587021544850254
2502623215,9.518778781239345
2092926083,9.511989672985285
1434609220,9.503461547006061
2501621927,9.494457578784974
2091185220,9.457690196088807
1933597017,9.44889642190604
2095407751,9.418234027645147
1880495803,9.409843109288158
2094657533,9.406874013904414
1930159575,9.402043670038013
1880471054,9.379800636718922
2093040277,9.379277740601943
1879163861,9.357911380654933
1434681592,9.328812479267464
1934302773,9.322339220387622
1932460691,9.308302112007043
1434667501,9.280535020950783
1880530042,9.267612028093568
1930978365,9.189081775340824
2501749561,9.147827974006832
1439334465,9.14091284775486
2502372834,9.038858320515931
2093087820,9.006358590973214
1439333891,9.004602011573054
1932543735,8.979697119140473
2501492734,8.911479942296772
1433077095,8.886599858434895
1879156962,8.877219740494446
1931673893,8.861504493769724
2499678684,8.861350343779641
2502398787,8.820980251049109
1434581652,8.79568617586181
1878581055,8.782725869887855
1932637635,8.756606062469743
1930167294,8.722211574482928
2502132763,8.704811535012139
1931619017,8.665864463620728
2096255647,8.659700813976691
2092937872,8.63512329425028
1934295297,8.622898036334965
2092017370,8.588429497338984
2092890127,8.581578246852317
2501534095,8.575713574944313
1434152683,8.565047405747329
1931593835,8.55773645730333
1434394701,8.555126722788396
1932488864,8.538607423459796
1930949574,8.527022038297458
1879214117,8.5127617361315
2499275172,8.491824542486377
2095450512,8.47271754297888
1879161394,8.468004546410146
1433125275,8.466778279149436
1433349305,8.446248827134745
2500934104,8.426649085075432
2091236677,8.422874703597763
1932627363,8.417231625256248
2499845773,8.358788277404548
2503354812,8.343323612281159
1879200853,8.342757542182975
2092789777,8.335991941535607
2501357973,8.32984394577235
1880471224,8.314079928951156
2501195984,8.297859333670667
1930235983,8.269941486990348
2093080813,8.237537308811055
2499709700,8.18592508699457
2499669922,8.12841641016559
1931588805,8.09347303535976
2501207662,8.088977149274386
2501661277,8.084365608171987
2095430460,8.0840272331871
1433821847,8.011791710846444
1934301022,8.002485277462661
2092968710,7.978857604344229
1879834327,7.964422441635082
2095392941,7.937890488956949
1930186825,7.914240786808404
1878587424,7.912480821403433
1930183645,7.906332764876714
2503900537,7.882836641141522
2093908291,7.875569401054725
2094590024,7.852009849613421
1879136023,7.836387934917004
1880469415,7.818359020577108
1433471202,7.810732686927431
1880456667,7.6738417533486345
2092833523,7.628877258697709
1930152361,7.62065589141432
1932564172,7.610199355229411
2501551951,7.601780752543085
1432678663,7.596909238398252
1932451642,7.592106259295567
1932640903,7.561646218340589
2500114681,7.54589305113892
2093077621,7.516563081207272
2092090004,7.46727992057663
2500467523,7.463054566646645
1427860251,7.4476695813254645
2092870637,7.435468355487934
2502422823,7.406678999395566
1934297917,7.344312367172184
2092882033,7.342354917320836
1932444720,7.339929667853952
2092062134,7.300153648674617
1879171703,7.2339919241510495
1880495234,7.1787961594171525
2092892323,7.168201073070714
2091998693,7.157376085544765
2502497955,7.126513950517991
2091198542,7.115858622764902
2503664383,7.111350905623527
2093082187,7.107116860386548
1879191967,7.080128375376832
2501780563,7.074024466655682
2503116461,7.0716739739247885
1930960724,7.022601086581244
2501722664,7.018035576563702
2500876904,6.982717847187728
2501553183,6.976447632376874
2501497311,6.9558370606369495
2503665815,6.943236962432581
1930187510,6.939456948668518
2502123412,6.892400665450088
2502945472,6.865789122746799
2096245027,6.82415981318298
1879238233,6.820660083438085
2093932767,6.780061920566868
2092946140,6.768745278996394
2093964404,6.715418085465057
2503719755,6.668093914514436
1427833624,6.667671199420684
1879835922,6.624041845172681
2501916985,6.598895446227681
1880493903,6.5858555430610295
1879812715,6.568092769055903
1930927103,6.528193190398853
1930141335,6.493779639250525
1933514202,6.464406513443767
1434419811,6.460598649077927
2501600630,6.448239036254465
1427634153,6.381057550836369
2091194375,6.368858966180178
1929313661,6.330946946714023
1879786531,6.310766535128094
2502644795,6.310192965398898
2499614332,6.283999141816372
2094660043,6.27442892536106
2499546363,6.24035066538484
2501315432,6.237317762329861
2092953250,6.235234729121853
1879801145,6.222483457638142
2092782055,6.211722320042773
2092969524,6.165395272319773
1932497115,6.15070985730029
2501233234,6.136132653644945
2091258865,6.087051961311942
2499565314,6.0750795457376086
1930162204,6.021252649341491
1930160470,6.019750063339154
2501807717,6.014345280773569
2503747125,6.0069917572946885
2091224171,5.986361683809478
2092018050,5.9575742224142765
2501424261,5.940719088894372
2093070951,5.914441826983838
2092976763,5.893970375736208
2500241993,5.877833208520348
1433652352,5.818275881305557
1434014573,5.81417948218168
2503056380,5.804716305024732
2092069681,5.8043316111412
2092820072,5.7853113569704275
1932572455,5.775142528092154
1930215862,5.7702909986016415
2092773100,5.736766073552379
1934318625,5.728630059941306
2503767182,5.727410079718096
2499703897,5.7158404306174475
2502930392,5.641679726240929
2502567325,5.630372735913145
2092013854,5.596963102477389
1880483524,5.56019974250964
1930179205,5.466084100809768
1879905741,5.458272530322877
2503560303,5.457007229810171
2499819090,5.414972460691092
2092816615,5.361492519574254
1879811190,5.343080110910788
2095337601,5.242942025535907
1932525815,5.219082778839816
2092992887,5.215485044927889
2092845305,5.203135214028939
2501428564,5.199114346134953
2503593514,5.180063691547057
2092792003,5.080605909107584
2091993834,5.0712825567503215
2503619391,4.905299058745962
2092807483,4.8994918457087815
2092871904,4.8477752342614435
2503262895,4.827119893697436
1433211285,4.8237278050054835
1879163237,4.796706739120862
1879832175,4.75158002334467
1879211747,4.687693768081898
2092876343,4.682131592595045
2091995304,4.662258650934919
1878600965,4.65728993046905
2093975224,4.654486816108493
2093932195,4.645148601407564
2501680833,4.622424691480642
2500852943,4.592153821857213
1879775220,4.557317894366786
1932610242,4.551634124838354
2501842837,4.522100571350957
2499502237,4.47117424001166
2093021794,4.447413118757657
1439647563,4.4119937752035066
2094554303,4.372102931465963
2499282852,4.364919511268755
2503210194,4.350152736841847
2094679125,4.32567824205911
2093872135,4.302248292223978
1934319807,4.291985123477765
1879125197,4.291097996690269
1433579780,4.268121698334646
2502960784,4.222891081710306
2502773247,4.209128614808524
1879855174,4.207363955067617
1929306775,4.155414491471384
2094634373,4.146687529449663
2096239854,4.138166645597093
1880480387,4.093483542613123
2503742561,4.088810871266223
1433648293,4.079909718554276
1432689460,4.016735033771202
2501489740,3.9877907590216157
2502701871,3.9770619296754077
1879872574,3.957015692147602
1879148865,3.9464592976644934
1432681345,3.8335520959822675
1931028632,3.8021744330886214
2093878380,3.767895724113903
1879224385,3.7471560625558533
2094556274,3.728308959220308
1879144275,3.688928644933734
2091959542,3.6401035486974176
2094564717,3.614912325112033
1934304161,3.588357315480852
2093942435,3.588114720803117
2499890140,3.583081239144132
1932518852,3.5707163002772364
2093071285,3.569302281561295
1931594502,3.555098433426432
2501242995,3.5523455623802356
1434001361,3.5411976392474553
1879843121,3.497140225482347
2093088695,3.44330462987962
2096222114,3.441220983419163
1432682655,3.4364476084632334
2501523005,3.432024053764208
2092928542,3.424394285129507
1879158251,3.3851871267931437
2501896081,3.354712996225284
2500363464,3.337243873370542
2093070470,3.193845604034168
2503469327,3.1632272055401796
1932449565,3.149346565120865
1879248323,3.1054594023239637
2093077203,3.1009581612124717
2092015310,3.0698843735035695
2093930331,3.02454466249073
2501544902,3.005600582284123
2091969220,2.9979073472225637
2501855275,2.9976914229341314
2501262112,2.9973157641719768
2092766115,2.978401820859812
1880461271,2.9630734265470737
1879883790,2.9313425570998435
2501499422,2.9247410847900333
2095363683,2.847398706075051
2093058715,2.7771777595184037
2093884592,2.776977997748184
2092990863,2.7688362700191984
1931693192,2.719696700811173
2093942545,2.6819309453352345
2095377207,2.6592835433055533
2092953222,2.5510379119034536
1934312535,2.5220901448403152
2502339380,2.3971659569014223
1932516241,2.3956207421890645
2092891304,2.394607963418294
2093051244,2.3741775030492716
1932648021,2.367439539548308
2502285065,2.3568853415762687
1930217094,2.3134886505041927
2093973217,2.310665989547241
2093012963,2.298560120370429
2093965473,2.2919540061488846
2092067604,2.2863443809910384
2095399291,2.2534495793888665
2501472264,2.237146857664157
1932457121,2.22244144950447
2501280794,2.2129612482971432
2096191031,2.2100529923192993
2502024280,2.1825876163739544
2094677502,2.074116854518351
2502304037,2.072095513957008
2500108472,2.008324265510679
1879179283,1.9862879302395715
1931605047,1.951643526384898
2501839464,1.9463796112062228
1930243914,1.910794111171527
2503907305,1.8899881482412186
2499283755,1.8896816481150913
2500672331,1.8846968707847533
1930961211,1.7992415625424851
2500384043,1.7963171167360787
2092932207,1.7832024526899757
2503363640,1.7709672037439481
1932565187,1.738100356721231
1934307703,1.72402003882307
2501159582,1.715006368151099
2091276900,1.698329159920322
2093019674,1.680963109494868
2092034780,1.6421958376169636
1879154265,1.635082502857969
1930141602,1.6303394431120402
1931024295,1.6242825403414927
2092844674,1.5783078766106888
2499785027,1.5648224045463146
2092965600,1.5630472976107375
2095354125,1.5116096953808549
2094596284,1.5071430535269754
1930185973,1.4204167331761284
2092890450,1.4003467930613576
2092771564,1.3990229097648632
1879859157,1.3841829626083337
1932518997,1.3627937566476263
2500947195,1.3430757656892027
2092022860,1.3241011144921826
1879133713,1.2182575737112293
2499647033,1.1882384132755326
1932640544,1.1835213053045428
2502641794,1.161360759033466
1879179653,1.1451033995687805
1930152110,1.133605716050852
2092878961,1.1056024032167517
2092833500,1.0710028652003554
2503201077,1.0541123076684993
1930157224,1.0529612523374203
1433622504,1.0436759589606042
2092816452,1.0299634896513061
2499526674,1.0169997038881895
2500532662,1.0153728712471748
1932643402,1.0029834468726568
2499817550,0.9569636941028318
2095421932,0.9502482025392857
2503230862,0.9448352135201313
2091204850,0.9408823124975035
2499437350,0.8791168213529748
1933498127,0.7299259924674208
2502594271,0.7205530634203298
2500280402,0.7094533290581466
2503422932,0.706832258652661
1879825677,0.6893064605568522
2092797621,0.6652293681343829
2092015890,0.611574976443705
2501525920,0.6050338615404435
2092034272,0.5823434290841079
2502951552,0.5811137614818093
1932484777,0.5796549708685533
1929306871,0.5649886019980132
2499650720,0.554199098310486
2500910552,0.5335154319531152
2501550985,0.4987883084285775
1879793064,0.48141305285036723
2091189990,0.4407958763636395
2092842951,0.41263198998968653
2501875722,0.367352857035449
1879847140,0.36251287975033003
2501165172,0.3620686024841242
2093938124,0.34595603365322514
1439649647,0.33107159401532876
