user count in community:355
Topic id:2,Representation:0.3227502394727255
Topic id:5,Representation:0.5270615761412135
userid,score
2500584133,17.171879378678113
2499297514,14.823699488176713
2094560175,14.392999923085014
2091963181,13.878171436991604
2095450703,13.733530473957556
2095400833,13.173705744397914
2501522141,13.078342373522196
2503440444,12.895992094788786
1880534213,11.969420091440334
2093899587,11.833911378014031
2094639977,11.738905157318436
2091962443,11.57115708769897
2502248875,11.530230809308101
2501771443,11.391987398819568
2503158854,10.945716475371794
2499517262,10.869031191498445
1930179873,10.467311661305143
1930941090,10.153783793511836
1930963487,10.11553811539571
1880454912,10.058936679953238
2503617072,9.9918527883838
1931661347,9.986120109858549
1930182033,9.804957196459798
1439414705,9.685749520025025
1931674021,9.653676055186052
1878598573,9.580442194537767
1439462111,9.346374086584614
1880505410,9.299340113437147
1879802454,9.179396780516718
2499412541,9.175076842547217
2502048872,9.164511491702358
1439613093,9.160927429523493
1931007300,9.020680904556668
1931695724,8.94518478938423
1879779734,8.925593394172802
2501749652,8.766035014528493
2499575284,8.624033002329694
1434544513,8.603674841151056
2501164590,8.51745186031179
1932465142,8.330070467787461
2095337017,8.236571293981747
1930219040,8.196103687245758
1880471322,8.161825147173856
1934307022,8.150468222304152
2095344835,8.114170502690014
1931006501,8.087906824646645
2092093090,8.068481544755981
1433625632,8.023001878075869
1929306943,8.007496452976229
1933549103,7.945112565054639
2502495632,7.9074490549018215
1433346464,7.901099692269668
2500261152,7.875914465954443
1879232284,7.8418752013296364
2500249442,7.828075790068807
2499327250,7.6659780115244045
1427603313,7.658375178996336
1931664742,7.63216178223216
1878576484,7.619955290459927
1932501041,7.587047424323483
1932441291,7.582603078940506
2500636463,7.514883951273064
2094648494,7.4994614008021285
1434560371,7.482004511557171
1931602755,7.473900743711373
1879140622,7.468048676484138
2501052531,7.457405243368239
1878580004,7.451629909807766
1879781372,7.410133634606148
1879776463,7.408472306929384
1433386395,7.370645642710642
2092037064,7.3614172227963035
1878596620,7.3496367039245
1434380940,7.337997954684724
1880426505,7.309135750460248
2503113282,7.308590554210571
2093882975,7.291031836082976
2095452473,7.222696818964966
1434553561,7.180786458430148
1879894863,7.163557325990471
1879787132,7.160983588069966
1879830405,7.130527324687668
1880470220,7.121663856954036
2503595267,7.076282418132704
2093923390,7.028640607063302
2092835431,7.008707125079299
1879885270,6.988872356534592
1880452447,6.984365501927268
1879158991,6.967082436361798
1930233795,6.96208554447711
2502329427,6.939267937740084
1433474031,6.863524209253597
1879189664,6.852885826603228
1929305094,6.834169370817447
1427844833,6.786914525548078
1433804030,6.777699575643041
1878575957,6.743713207291076
1433557323,6.688958702289199
1879881264,6.639683008278922
1930195304,6.595245913351857
1439395165,6.581920984902888
1879906982,6.555899612312932
1930964107,6.543938658838538
1879199765,6.52192796896736
1433123075,6.519444050953812
2501922932,6.474462181138148
1432700083,6.470393207983261
1434224355,6.466868560913259
2091247595,6.446390175229663
1434000117,6.442434749732176
1879131770,6.43962226443716
1880476692,6.43777286095699
1933597263,6.436945363461057
1933502711,6.404302070792183
1879847753,6.385961438406573
2499318605,6.371688585918749
1439621463,6.330220064839418
1432695027,6.318099537404217
2091251351,6.244144434091481
2503131957,6.186483654787194
1880532340,6.17883528283026
1931006257,6.149503231671176
1880507825,6.145881257282349
2499631990,6.142150458978113
2096268410,6.05127595286284
1439440182,6.010661429795982
1427592465,6.000875716562447
2501973681,5.994842362923956
1434607403,5.973859720815702
1439411150,5.965028180415185
1427593641,5.961525919804216
1880541534,5.953825270888105
2501397475,5.945333241926552
1930958893,5.938862408843423
2500416025,5.937571313986962
2091187603,5.873395995171065
2092944627,5.805413890546589
1880495925,5.782781184243637
1879144040,5.73869873220516
1930966635,5.7379950246512665
2091240091,5.736294539815856
1879896344,5.729406872277587
2503797092,5.626275896730114
1879180713,5.616707808093856
1930988207,5.614754132309447
2500173540,5.589686109044117
1433725465,5.585581121172435
2502462454,5.57565875359176
2092851002,5.5686308756834375
2092858922,5.560880325255384
1932444564,5.536797718050135
2502953594,5.535220182204636
1933564873,5.534444822259798
2092091040,5.527390227121773
1434181010,5.501577087731375
1933513103,5.5007976134308265
1432612943,5.4785298497691235
2091183732,5.387657647504479
1432895575,5.376429466883292
1930953321,5.356738483806366
1879143117,5.345662481309208
1929312651,5.275777185313049
1434414634,5.2477215783057165
1434555724,5.197051872965005
1879168340,5.169391048797181
2092032314,5.162051740225704
1932489642,5.154920644781673
1433464033,5.143525211073178
1434731981,5.100731201376005
1930999725,5.098036611580703
1931668753,5.080103925374839
1880513994,5.075735364228354
1879795645,5.07356105135076
1932513065,5.0734564960053845
1427592210,5.0383754541229155
2501647282,5.026367300887299
1434424903,5.011696060195445
1433223142,4.9860211973393165
1433993833,4.939090654418993
1933571484,4.893966606505753
2499264150,4.860763782178654
1433546963,4.843288733475012
1879807672,4.833169383067962
2091260015,4.802665078799232
2502141592,4.781326340367006
1930981623,4.779035301763951
2499589844,4.768425378567002
2096265992,4.7611717384505114
2092007395,4.72448548145028
1878585863,4.723072864458455
1933525284,4.704344548322225
1427654820,4.703215403157022
1433297062,4.6892846470422
2092774860,4.685018987298136
1433955482,4.68158809051266
2503191945,4.649147685389288
1880504602,4.64731301553742
2500276083,4.6298878640695715
2499628723,4.56094082851943
1933513035,4.537577833240626
1880444560,4.494349374646472
1931007301,4.466018458296044
1880459573,4.465920280043553
1878594701,4.424530742087172
1933508182,4.419938823423925
1933496913,4.415692949224133
1433368312,4.401551796089132
1434308324,4.40143216682669
1879856934,4.401403797371697
1432914911,4.368428359805564
1434631637,4.363595158829029
2502130825,4.3161550584093975
2092926037,4.305028092720194
1879829462,4.21899935815587
1930163967,4.213234144143417
2503875614,4.210156259742149
1879140955,4.204183663895175
2500932124,4.1922294687040385
2093950825,4.156440797940284
2093943865,4.137311895921515
1427815721,4.061270270222289
2094655804,4.024164749014702
2499302000,3.9960388583412705
2091185112,3.9784313250640104
1433053694,3.9368080336212286
1434235581,3.910485534873341
1427791747,3.900170914725976
1930961223,3.895276868617851
1879889292,3.8740768428068546
1433827742,3.867487594658961
2503721670,3.8539726018354545
1427875813,3.8477531388812003
2096226142,3.819165757918051
1931005191,3.7558816570105886
2096255124,3.75236761512011
1433336350,3.701789627314916
2502079777,3.695067670115616
1880485342,3.6875065059097345
1427876533,3.580878438059081
2503489135,3.5708221194159018
2503453451,3.5011495768866863
2501601525,3.4862493792533797
1932496987,3.4649545032061075
2094604053,3.4631930700991624
2092928664,3.4308293370469602
1879137984,3.407588498244115
1933505705,3.360555504528537
1427899751,3.3228425013579495
2501252530,3.3203650651780636
1434513973,3.2922144388010004
1433596734,3.2828908747614824
1932571185,3.235010502997861
2499292140,3.1909430773343685
2502546630,3.167687762141551
1427688265,3.166621956645814
1930138130,3.1364360239921276
2500566270,3.051216660098814
1934302087,2.953082872763449
1930943517,2.9308696501287606
1931651651,2.8462280308206234
2093078772,2.8436959508334647
1427840352,2.8322920075410223
1879870725,2.821807579330386
1879861654,2.80878027019615
1880532331,2.7952905169498954
2092919360,2.7872274345705863
2499362737,2.786273446777739
2096197135,2.77141145954641
1433779463,2.7685369197507126
2499862680,2.739393569015099
1879829767,2.7213186569613583
2095404921,2.69045524006897
1879896272,2.6677898881909448
2501706055,2.66336822637615
2501783424,2.646351990706271
2499501600,2.6282614153451633
1931687151,2.6168494854493254
1930938675,2.5941031540369415
1880518521,2.4964449309093935
1879812094,2.4713058812648874
1880482667,2.468786467684401
1934296252,2.4608213075403977
2093019367,2.420223003656779
1931017850,2.415549717224632
1427675612,2.3085726696296907
2502988502,2.28789965793317
2499292994,2.225554056599761
1931600284,2.203447717250491
2500295797,2.185635480646139
2093886667,2.1752706272187146
2502280120,2.154259290642532
1879860741,2.137791042023317
2093991275,2.053647350480471
1930168055,2.0346307539355903
2503885802,2.028295598295706
1433582422,2.014120076389239
2499558370,1.988460729419093
2093058397,1.9778806136605467
2500961214,1.9550428547966585
2501980387,1.9196690268187848
1930215441,1.9179080509442763
2499699754,1.8968081051459678
1879138212,1.8578152619883668
1932512871,1.8162515902401597
2502559843,1.8143643766322701
2094583363,1.8110710311449099
2503628434,1.7645335988181374
1933543481,1.7539361496172052
1879893354,1.7400211648137343
2091244587,1.7314735683998337
1879848477,1.7281871803256288
2499762930,1.7263440882111833
1427722075,1.6735730377883915
1433791590,1.669310409289144
2093902504,1.6417503221566367
1433512494,1.5454322348098892
1880463174,1.5082138780751357
2500551200,1.493211822237318
2503346200,1.3994957315484071
1930155057,1.3635119521387975
1879788780,1.3334732451402216
1879879570,1.3088819445359425
2092016123,1.0199116492027684
2500567790,1.0180978602769006
1931688451,1.0024096058822554
2500386357,0.9795326720052693
2499680563,0.9607381575712639
1433287292,0.930349437662739
2501472364,0.9255539138166486
2500726200,0.9238519417531765
2091246713,0.9109697051446419
2499449840,0.8622876395524995
2092935932,0.8503739177535703
2503756910,0.8410819434911688
2092069217,0.8219840756605359
1930202261,0.7478599321781418
2499396327,0.6597402491498092
2502511822,0.6527335751026097
1434710283,0.6407516426582558
2499480615,0.6263333908832545
1427679360,0.6250206030812547
2501406364,0.6070098399429549
2499283687,0.5895072527556484
2502597690,0.5848551616988602
2500919280,0.5781688008742486
2502214751,0.5147043752103848
2091961550,0.5114783161186124
2503610712,0.5048380543527996
2091224802,0.49395464059688476
2502711275,0.4510361523108193
2502119500,0.3780493151449605
2501906010,0.36898719062844454
2500263481,0.35785686369063574
2503662834,0.34070698190018994
1879845435,0.2746119994270554
