user count in community:490
Topic id:6,Representation:0.4513224916745494
userid,score
2500584133,5.360898858454245
2502951581,4.557291854285305
2499531142,4.461889599747157
2095400833,4.457601565852811
2501522141,4.041770179716908
2499412541,3.720014399660375
2093899587,3.3960713279297257
2095412055,3.36036806413414
2502248875,3.329133601993047
2501601853,3.2369656135865337
1439499065,3.0290107446523176
1879232284,3.0266851148156886
2093901271,3.0234802596316053
2503718475,3.001454060551673
1932450387,2.99703129674127
2502575951,2.9358588333918725
2503617072,2.867965526775444
2503440444,2.800971945269336
1434560371,2.791715448074857
2502449081,2.7808441240867174
1930186570,2.7657397048924652
2500837732,2.7595837100212317
2094658367,2.749580596971982
2091998140,2.744796476455355
1931622663,2.7189733110941345
1934299325,2.714120706870007
1930996373,2.7036751858151455
2503583964,2.6773517615913796
1879881264,2.650773545511322
1427828665,2.6220962170126563
1931011424,2.614890960332535
2501479393,2.6140487626949493
1934300801,2.6084227319984423
2091196300,2.6053937512403147
2500448414,2.5976883612742516
2503158854,2.5974348289271405
1933503670,2.563257936418718
2502953594,2.511885746138746
1930182993,2.489786087429953
1439440182,2.4652062117051803
1880494727,2.460442537004078
2500986093,2.4401150015566233
2503059394,2.4351678780884733
2092958110,2.4264734157832306
2094641455,2.4130806226535597
1879847753,2.3713750059550485
1879167711,2.3631005329226413
2092783325,2.358415635946768
2092936192,2.3580694810309835
1433057320,2.3066623530252963
1433940047,2.3034873670393563
2095342411,2.299613540214554
2502541615,2.284661643883178
1434273035,2.2797142561037123
2501964965,2.2739260018406844
2501664181,2.265169773431194
2501492734,2.264435373654248
2092801984,2.26094458404079
1434698690,2.2345183271602074
1879179857,2.2297307450008725
2503595267,2.2288856281079488
2092082117,2.22216003740147
1931674021,2.219909808195569
2095437083,2.2193909299045407
2092848203,2.215830821803778
1433621275,2.2037870989686272
2092858922,2.1844914295923967
2499474805,2.165245839453322
2501825024,2.1485798092000072
2092926037,2.1383049763558564
1880436467,2.132760319407656
2092075317,2.1314761982269324
2501426235,2.1142485224539067
1433464033,2.100883653143868
2500276083,2.0974653519113713
1433726045,2.067494608865642
1879776463,2.0581488297833532
1930214507,2.0549237492986743
2092025545,2.0445225098534445
2094622895,2.0414274976720455
2092032314,2.033102227183292
2092910584,2.0310169134106046
2092928664,2.0074708734207105
2091280821,2.001628652561424
1433725465,1.9969274024282708
2502170977,1.9812750005188335
2502028124,1.9742200267046488
2093923390,1.9708156917110502
1933591574,1.9670897061065582
1879795645,1.9623502314582535
2092936351,1.9524943490551945
1930935051,1.9453479579789918
1930236895,1.942018207254402
2500313667,1.941594576272756
1880470004,1.9347223751869975
1930189230,1.9286191353785196
2502725855,1.9267418659499
1427592210,1.9239308676129196
1879788453,1.9037461752751639
1931609773,1.9008060366653956
1433201810,1.9007701667560197
1427593641,1.8933820768569478
1932518390,1.8931353171449776
1934311132,1.8907566434882426
1879192935,1.8894385575244301
2092938634,1.8880249166777272
1434101723,1.8839413461574959
2094647985,1.8792521061857053
2092930242,1.8744228948941881
1932625125,1.8722102549143567
1879201637,1.860226907936723
1930146071,1.8559330741882962
1439649647,1.8538849083869895
2093955261,1.8526311880018131
2502416304,1.8471222850075695
2502132763,1.847046357395364
1433557323,1.8458942774702856
2501534095,1.8409731742415436
2094657533,1.832723357445563
1427583973,1.8246885708690257
1427749581,1.8220233137574506
1434537702,1.8188794729175688
2502355462,1.8183468517675736
1930929842,1.804177185279154
1878579845,1.797476096830786
1434429255,1.7926167219258227
2093943865,1.7895228356430675
1934298875,1.7839821658946358
2092774860,1.7760203187948351
2502186100,1.7752696289575707
1880507825,1.774258500518137
2502440317,1.7665682282919493
2094553640,1.765616028235682
2503489135,1.7538184093287519
1433804030,1.7481850494079858
1432960257,1.737539626715292
1930938675,1.7373816468585448
1930207455,1.7360466262578456
1879813517,1.7322553886786847
1880471224,1.7296677968627296
1930214863,1.7293981809841454
1439526984,1.7277054565482224
1433063880,1.7218586524008148
2503596362,1.7116681686586805
1427718241,1.7005276078967104
1879131453,1.7003390306515336
1879896344,1.6964276523871067
2091185220,1.6932147206563941
2501206273,1.6904646394079934
1433378440,1.6853102549753678
1932513065,1.6817677271521858
1427755310,1.6798453400365274
1930152361,1.67532042821971
1879214117,1.6717738274399916
1434682527,1.6657513806500124
1879146065,1.6599920147107683
1879214721,1.6536190499857324
1930241917,1.6523676300124002
2501749561,1.641915605771306
1433779494,1.6354260770159526
1433123075,1.6353450125150852
1930154224,1.6305169635499017
1434394701,1.6242244017542096
1931029102,1.6136692197189895
1879158991,1.6102976789873016
2502495642,1.6087468929948472
1934321753,1.6067751056239752
1432668761,1.600844728303156
2501430820,1.5949726314136499
2499628723,1.5821393183174108
1879807672,1.5789571408650318
2499268953,1.569298446720493
1879903370,1.5669339495705992
1879189664,1.5653535584397456
1879829837,1.5622901357043253
1439411150,1.5570599822652411
2092770183,1.5422069963942604
2091239674,1.5379050308636395
2094655804,1.5283320379330865
1433577781,1.5275052146268326
1879187112,1.5274848103904541
1434631637,1.5160564871976474
1933530970,1.5124511400954956
1879856934,1.5072854630843486
1879128453,1.504665712788179
1439318215,1.502652323519593
1880437881,1.5009464630532583
1879143117,1.4931082023131175
2501601525,1.4912079652044554
1433827742,1.4814401598909008
1934304167,1.4813779155841231
2092969524,1.4765606535067513
1433550811,1.4740696378256744
1879864591,1.4717910335059474
1930173631,1.4702385105127356
2499414650,1.4675990546869178
1427899751,1.4577083595852038
1879163861,1.45695148954391
1427790270,1.453662248522115
1879776943,1.43061633299466
1434308324,1.426107993023774
1433386572,1.4243724982430481
1880495234,1.4242903841047105
1929312651,1.4217856851615864
2093885885,1.4188191597812878
1879199765,1.4146623227693982
2499589844,1.4139915585800087
1879211747,1.4102577886573404
2092773100,1.4095078240844767
2091183732,1.4071440898941625
1930141335,1.4004357944031276
2092017370,1.3973882256268708
1433215263,1.394961598154875
1427815721,1.3914893039705316
1432622982,1.390290782925696
2502141592,1.3891596586357209
1434222243,1.3866259576846227
1930235983,1.3853201395205477
1433596734,1.3823118724122874
1879136023,1.3816399254284948
1880509394,1.379373955893857
2502079777,1.3784990572695262
1434188551,1.372556103082028
2092890127,1.3721010665803304
1930163967,1.371525494417988
1879180713,1.3620933439470528
1879858742,1.3580528183732825
1433616141,1.354041530267957
1880457634,1.3527631796859074
1434320761,1.3515826799952422
2503767182,1.3441437302196755
2500541797,1.3409429529735564
2092919360,1.3319010783843461
1427791747,1.318644031797308
1879796834,1.3177051545168808
1930215862,1.3039481258922143
1433105571,1.3034642324968375
2091278492,1.3011158517618862
2092872947,1.3008254440319345
1433800415,1.2998048091468848
2501729401,1.294442130125439
1432684464,1.2914580120506638
1879786531,1.2899923514715632
2501882615,1.288579741808186
1433882174,1.2877887531612087
2092953355,1.2787247288872807
1933514202,1.2720869906146415
1878592051,1.2687495671660372
1432641281,1.2650873560233244
2503587865,1.2629955456201813
1879143033,1.2566083964719301
2503674523,1.2524967340642805
1432634592,1.251139597616895
1930960724,1.2489917241035784
2501807717,1.2477737804131555
2501476241,1.2413291860865365
2093087820,1.231914462245135
1879144144,1.2200390747096042
2502075067,1.2185886887401938
2501302705,1.2167251493807765
2499501600,1.2093603207528418
2094664670,1.2070348125448556
2092782055,1.205459683992437
2502988502,1.191994570420383
2091988133,1.1871366334870712
2501315432,1.1767688287106268
1439483001,1.1722935237758392
2501706055,1.1683537212547779
1439321142,1.1671357064766006
1932430441,1.1597419219587626
1434192330,1.1539996519322588
2092925490,1.1536593746863977
1434447024,1.1528916199450836
1932636863,1.1447435329463451
2503453451,1.139885969906731
2093064587,1.1348614349448232
1433185493,1.125222858705472
1878587037,1.119989864809179
1930988207,1.099759462122908
1439486270,1.0925986914698285
1934318625,1.0796143691864073
1433336350,1.075598188384317
1427733180,1.0712739409787022
1932571185,1.0630843322354029
1879829767,1.0571412830443048
2095404921,1.054676837993905
2499819090,1.0546746828405582
2094679125,1.030772903958555
2092767931,1.0262514910543448
1931594502,1.0259933298120147
2499546363,1.016403258892865
2502287237,1.0152145960585959
2093078772,1.007781959861431
1879802075,0.9976498655976335
2094556274,0.9963348550055546
2094660043,0.9956104472350162
1879801145,0.9849759587146919
1934323135,0.9848972596910858
1880495803,0.9845921066297298
2503742561,0.9827878459293163
1433797363,0.9812208951511515
1931644470,0.9780819676318487
2501594203,0.9765151390660813
2502960784,0.9714612455087805
1427894905,0.9583966231899452
1879774842,0.9574489416824418
2091993834,0.95267879224263
2503210194,0.9447347235761305
2500242072,0.9438578391065164
1880425273,0.9425718949631502
1879784183,0.9316689477365436
1880445050,0.9211906582637088
1934295297,0.9175547811611645
1931693192,0.9164413490698274
2096255124,0.9131925613622799
1427634153,0.9084975606896051
1879893354,0.8989906296573996
1879199815,0.8937662557887363
1878572677,0.8920134938470863
1879154265,0.8918254118727644
2093941090,0.8869066813583681
2501896081,0.8843013940923045
1433271214,0.8693623646557894
2503664383,0.861972601816035
1932479042,0.8611207055998436
2095399291,0.8566269333544219
1427587605,0.850644900721792
2092990863,0.8472571090556366
2499854203,0.8454422630786859
1880459573,0.8435353384423334
1427679360,0.8221629490234295
1439368335,0.8197089117686293
2093924425,0.8097776458195833
1931621805,0.8067095419289074
2092760642,0.8021981738867922
1879860741,0.7960981555487199
2501551951,0.7885327199064041
1880444560,0.7787561738116138
2501262112,0.7678367431734755
2500363464,0.7676312502902172
1433703774,0.7618815830545203
1930253787,0.7618368231612068
2502956792,0.7569546482236551
1433471552,0.7553170904701568
1933512482,0.7527395157432393
2092792003,0.7521625202862917
1432635785,0.7480278072749476
1932560435,0.7414281724509576
1879883790,0.740821176325236
2091244587,0.7404560217819434
2503296557,0.7383009186702834
1879158251,0.7381039188040702
2091959542,0.7329033366185185
1932506565,0.7287671046814244
2092934223,0.7271155313296415
2501004413,0.7265315369836759
2501242995,0.7230872078376044
1879188771,0.7194202954620433
2096226943,0.7145694599748587
2499508827,0.7015956849766175
2092876343,0.7007176028508402
1932648021,0.6999220868449233
1427722075,0.6981715104003199
1932444732,0.6900289753834711
2502644795,0.6699001578363084
1879896272,0.6658909315520858
2503321694,0.6649866714016066
2093884592,0.660960045349068
1932643402,0.6520260197030658
1879224385,0.6514258776741945
2499283755,0.6508710750437138
1932565187,0.6481783984071633
1931616813,0.6469384716828288
1879125197,0.6426971434594287
2093058397,0.6401567066578349
2503349300,0.6372595848796055
1930155057,0.6349924226434651
1930185973,0.6260202002693872
2091246440,0.6136136356207381
2499739493,0.6038493790287479
2092810844,0.5985697907378128
2502657644,0.5959451478329046
2503119187,0.5950976378036281
2499771952,0.5887984196872044
2503127493,0.5879791588193254
1433191674,0.5873660250287579
1879882645,0.580264096443175
1930234011,0.580145530223537
1931645057,0.5786801545365098
2503131707,0.5768441063149373
2091975984,0.568812115302787
2501680833,0.5674933124561639
1427802851,0.566829644909826
2093973217,0.5634145654248931
2092069217,0.5486656892846513
2499286345,0.5457216327953587
2092935932,0.5420777815994062
1879833644,0.5396017887450419
2092016123,0.5348586877826418
1879855174,0.5346134190705959
1433791590,0.5330484036752642
2093019367,0.5282511903167847
2092766115,0.5267106035435932
1930937742,0.5243333045113392
1930929097,0.5241762174800983
1931003663,0.5183590930021826
2093878380,0.5087047377163976
2500551200,0.5001318108298665
1879179653,0.49828381366876195
2500384043,0.49407183796457677
1433287292,0.4926226648750784
1879171152,0.48850098537630093
2092894567,0.48800270518049915
2092814124,0.4860509327886464
2503201077,0.4823361329282034
1931641962,0.4606448065277972
2500108472,0.4595891345355698
2501280794,0.4594833740364977
2501544902,0.45662589393600855
2501472364,0.4542766435601308
2500567790,0.44526718434429285
2501839464,0.437959290470538
1932627363,0.4336675401218046
1933492860,0.4331320749194763
2499890140,0.4322378009029961
1931688451,0.43113941379511994
2503422932,0.426595899956405
2503380130,0.40393249362857303
1879835164,0.39735461978607617
2093072075,0.3956796985700249
2093991275,0.3950001876628407
2092797621,0.39333568429260574
1434507223,0.39308442371358193
2094677502,0.3920461718258676
2091288534,0.3877203291260555
2091246713,0.37994309190538167
2503346200,0.3733065227406461
2500852943,0.37200410828333447
2500947195,0.3687746959800958
2095363683,0.3596146250948759
2499650720,0.35447630738226316
2502711275,0.35390879110199114
1434383565,0.3466119231781732
1934307945,0.3400038148509613
1932468557,0.3386598601033196
1932518852,0.3374878097796483
1878600965,0.3356440286466966
2092022860,0.3323733966674461
1932609990,0.3304076189692111
1879845435,0.32646579774894574
1929306871,0.31015178124529535
1439580687,0.30273172662690656
2501819262,0.29273397366602255
2091220224,0.2911291769729508
1879809035,0.2904579490409524
2502030823,0.2810062009894247
1932533012,0.28024111600745955
2501573822,0.276735927833571
1879879570,0.27408222520810444
2501406364,0.2659913115120993
2091224802,0.2641140917733613
1879778774,0.2613640900084785
1432847273,0.25874354238573744
2501692424,0.25185168932883856
1929306775,0.24614572062413487
1879793064,0.24062668498300696
2093938124,0.23414651530269276
2091961550,0.22948214195084388
2503230862,0.2271548439599565
1933498127,0.22512408457457125
1930202261,0.22360461268185122
2501221147,0.2169243169961927
2092833500,0.21433090624945156
2093908291,0.20903357509137024
2092845117,0.20892600990776514
1879137553,0.1999633914637928
2501722664,0.19259020118870857
2499334794,0.18967939258326386
1930201220,0.18456761913735492
2091218615,0.17234535272904683
2500623814,0.1711090192620524
2501797185,0.16709255291863934
1879856592,0.16200180078827014
2499526674,0.16190818969328966
2096245027,0.15892965485300223
2502476613,0.15705124915813068
2092008822,0.14833774345811532
2094687144,0.14634409861943487
1933520017,0.14006560086451533
2499281044,0.1333667884629311
