user count in community:269
Topic id:2,Representation:0.5688873791491712
userid,score
2500287420,3.0524942557903914
2503063872,2.5781551182400593
2092878423,2.438149171979107
2092798582,2.3066807639635925
2093920205,2.2479942145056926
2500829612,2.1003621228105605
2500837612,2.0426922025276717
2095479251,1.9702085977384423
1879782727,1.9615328493331647
2093857540,1.9382103166243854
2499893771,1.875289407228329
2499813827,1.8730064266584667
1932629334,1.8569460972046572
2503083920,1.8219383135705742
1433895692,1.8179206904175162
2092859724,1.7290624480493553
1879864620,1.7089241341913795
1932644784,1.6964039321240572
1879170853,1.6940459233838472
1880511512,1.6762042905484489
1439337317,1.6485027163353747
1879903837,1.598127660626211
1932596190,1.5913131867117754
2095461977,1.5880094599507384
1930978947,1.5876793635876123
2499695035,1.5873955781234068
2091183357,1.5836432686027635
2503889664,1.5636690309611068
1879842480,1.5603837359731656
2500361373,1.5452890866544906
2092900103,1.5432371346933498
2501004944,1.5385429150842949
2093893837,1.5323821945630114
2499546570,1.5298494793363326
2092847575,1.5162719666728721
1434729014,1.5079677374697091
1879808641,1.5025778158779495
1879874773,1.471223496663153
2501903100,1.4650873559296675
2503476074,1.450737085006022
1932549094,1.436967391577898
2499601542,1.4363690995187695
1439573285,1.4247707433563146
2501022980,1.4240204790754756
2503242393,1.400389702503477
1879154743,1.3891663705928068
2092928791,1.3876464813735587
2499608952,1.380541316633397
2096190817,1.3792197764865708
2500179830,1.3584945823641672
2500474501,1.3492072130936184
1879197517,1.3141216354050207
2095355170,1.313483914070478
1932517127,1.3010718690266803
1427842754,1.2346028706475949
2092911304,1.2070492547017888
2092069681,1.181094048540729
2500139762,1.1792516550810077
2091975575,1.1766213565487313
2499312962,1.1561858511959058
1879132153,1.144039698200166
2502991402,1.138651175836468
2095490497,1.1296971727150886
1433421914,1.12969656171667
2502531812,1.1295947383529306
2501478364,1.12775391281807
2500521623,1.1263841754431883
2503528392,1.1220301777396502
2091248085,1.1186094846135781
2096248387,1.1170321524757636
2500248664,1.0962699601654626
1434581652,1.0928486386936105
2502536111,1.0907186274025957
2500325143,1.0894654092368699
2503480892,1.0881618614321524
2503665121,1.0867876255351905
1879828017,1.0833269287513472
1434598107,1.0744372271373523
2091282944,1.065933537956707
1931024270,1.0644583150256846
2092892882,1.0626026974624354
1879231235,1.061360820365339
1439508610,1.0421545811035724
1879835235,1.0373421158087546
2094660474,1.0370558556977514
2092885884,1.0317120712526018
2499341444,1.0260858448285235
1434546357,1.0239189608061514
1427827193,0.991709533575826
2092807483,0.9692838519703956
2092827407,0.9643129231233051
2501566832,0.9571424594455555
2501601415,0.9444700823318034
2092795221,0.9435948023068409
2502292307,0.9431189250379448
2501149557,0.9294275577540091
1879783317,0.9264522097388689
2500413730,0.9263542185315611
2095443221,0.917014168217481
1879231473,0.9164899690045388
1932518693,0.9086349755571904
2501786493,0.9047247079237982
1932621981,0.8996734461400536
1931002243,0.8987453443490372
2499653207,0.8910346400199537
2091947957,0.8843382317053331
1880456667,0.8799327916417673
2095407751,0.875192026350403
1930226681,0.8728827508004746
2502346864,0.8674327909781908
1880536547,0.8637317410431691
1879144342,0.8599932460020888
1932499864,0.8514257284476097
1932618814,0.8485288734150034
1931624827,0.8437943361711374
1932489493,0.8423855269598918
2093980364,0.8408653060287411
2094580910,0.8370448701023249
2093875384,0.8352945854222468
2092898682,0.8308741964480951
2503791860,0.824790974628538
2092788182,0.8136071414587105
2502895714,0.8075953564436567
2091980837,0.7884905912738888
2499897594,0.7856190339445178
1930171180,0.7837095227444614
2093007252,0.7772800718577759
1879815701,0.7698111124631232
1879905132,0.7685988595246568
2503694160,0.7612238573981538
2500382151,0.7515008143710766
1932640463,0.7460098362127231
1880521111,0.7457314371321916
2092015275,0.7455436820410839
1929311095,0.7436375168516889
1932449565,0.7377908968158543
2092946140,0.7326406858130949
1879850863,0.7321698188753778
2500389924,0.7295656528041818
2501508790,0.722025828211854
1932444720,0.7153822299811922
2503180171,0.7118760610270936
2092770940,0.709490334400284
1432678663,0.7062946214537935
2500387940,0.7043289904090344
2093936724,0.6866892355417468
2093975224,0.683691148410053
2500570347,0.6787177631502409
2502813454,0.6732578429570252
2499427265,0.672476226927416
2501661277,0.6700647634834344
2500487094,0.6681802714642068
2093874874,0.6652519894066709
1879793504,0.6651774551018924
2501049604,0.6536980558356142
1930952943,0.650658898387924
2502562710,0.6388050361261928
2502277593,0.6298782725762241
2499884494,0.6215410198430765
2092856627,0.6157409410316306
2502067570,0.6111866457288885
1929310913,0.6086855806805811
1878604502,0.6079921123542903
2499878377,0.6028337816981906
2502443290,0.6026412870837607
1933554442,0.6024875924176132
2499502237,0.599924216809211
1932625815,0.5997594890878539
2092769907,0.5974751872554306
2501413833,0.5968530183133924
2500467523,0.593704574754294
2092903995,0.592730498445344
2500809563,0.5905647267348119
2502034863,0.5903789525518683
2502181382,0.5896622315261053
2503116461,0.5788988993675124
2093004503,0.5661115707077261
2500204154,0.5625097406499732
1880526522,0.5582131453898845
2503380420,0.5539967921728384
2503831170,0.549659342277306
1930940482,0.5471448397164572
1930217094,0.5441217182914018
2499601384,0.5428191881784921
2499336282,0.5418262342064613
2501690192,0.5390658963214647
2501857660,0.5384310019945413
1879778934,0.5352667158671279
2500337507,0.5352026210404137
1434001361,0.5331387797385994
2093879035,0.5324151785622175
2501372632,0.5281257517797541
1879768667,0.5193995936336361
2091190291,0.517531930578029
2502159697,0.516051010458908
2501710725,0.5145654481539526
2502313537,0.5139747167149504
2503639857,0.5125331644743335
1879834032,0.5062184383837139
2501587522,0.5055077385843928
1879163237,0.5019107740119257
2501511095,0.49898828908772097
2501435435,0.4973928662227842
2095433500,0.4971689474584244
2499348442,0.4967548313541231
1933517945,0.4845893148161718
1433295302,0.4745931671465973
2092816615,0.4732176770784204
2503141247,0.4656013797857117
2502398787,0.46480647343589193
2501542111,0.4544458813422441
2500340807,0.453107807986477
1930935141,0.4471734257184939
1932510840,0.4436433304310517
1434351980,0.43826228438419856
2093876867,0.43542249467992944
1880444193,0.4233917925525297
2092781660,0.4075687209082549
2091204850,0.4000097751845361
2502720544,0.39940563089288655
1432873234,0.397600714209375
2503698832,0.38072171845956027
1932457121,0.37981036853532024
2499647033,0.37421198122189103
1879785770,0.37137255308394174
1930252125,0.36911623052465575
2095418863,0.3631688161233443
1439657935,0.35659857566332476
1880436902,0.35391485318564797
1880531900,0.3369320141330576
2503852894,0.3340209334837164
2092056352,0.3306521663483879
1932474750,0.31618661473213144
1878603280,0.3132679504981931
1934319807,0.313043353175601
2502530070,0.3070102006590986
2502989862,0.3053937839934642
2503186604,0.29923941626782813
2502631264,0.29899401896465616
2501917672,0.2961638029238797
2502783080,0.29472409452343956
1433942014,0.2864967760265248
2092082714,0.28184178279893146
1880447607,0.2773277892944912
2501923120,0.2762845236464124
1879906035,0.27027599622412735
2501159582,0.2632153937316666
2501875130,0.2615470092162731
1879801004,0.260276515891126
1433387630,0.26001050986628227
1933510172,0.25551722725051607
2503095484,0.25363917362388966
2503819321,0.25327877890093975
1931683367,0.2519210898591611
2502832545,0.23881329259635373
2503245194,0.2376308566508685
2502823695,0.23540167413069152
1932579397,0.2135292216615409
1930965037,0.20939800082555707
1934304161,0.19377957950591276
2499319144,0.18942831926709228
2499600914,0.18250635747334865
2499874094,0.17711113250516655
2503030942,0.17123837059159677
1879171767,0.16745360635625284
2092092363,0.16688500327864245
1433801823,0.15449038832292927
2502758985,0.1450407680295931
2501435522,0.14016794841400151
