user count in community:1288
Topic id:8,Representation:0.5990284146878008
userid,score
2096194874,48.18309558219659
2091276410,39.67220714311698
1427813545,37.96358100538249
1432931987,36.98319750295117
1427864280,36.30692888730983
2092967152,35.978734412808336
1433618733,35.88837913748691
1434533624,35.00064303142839
1434595832,34.82091173791881
1933585151,34.8208106423743
1930941787,34.43748123904843
2095468007,34.36378754676512
1433656880,33.6634685423249
1878574743,33.589511068703196
2502903684,33.43408581922451
1434632771,32.77538772151979
1433138157,32.744998096985015
2092902070,32.63323542099045
2503294012,32.6207899499648
1934322223,32.49169228618784
2092899224,32.48605459188665
1434162690,32.36524786699886
2092882723,32.361549326303546
1432604335,32.341782363317826
1433048100,32.28789285099698
1427898074,31.962866262029
1934317955,31.811286312368857
1433753262,31.76272415563134
2503914134,31.699274490973163
2091268085,31.51904344111425
1433443917,31.446782056138893
1433370203,31.362174616846566
1434022202,31.352678344964616
2499556945,31.166300983932874
2501775247,31.14479805031074
1931680373,31.006762342435827
1433861701,30.867863279665
1434580724,30.677499567072417
1433143691,30.614566093274917
1433175237,30.533630475769687
1427872764,30.439973928909307
1879808064,30.403092618235778
1930980985,30.15656124347779
1433964490,30.03721133469998
1432644924,29.8793234537656
2499468711,29.86528940203453
1929308073,29.771085482148028
1930215957,29.738085653784996
1879884353,29.716902395869393
2093974727,29.655574541324242
2500708681,29.50060896760961
1433313435,29.44629078842093
2501070782,29.443265737522623
1930157255,29.41223851801328
1879796272,29.31035727573167
1439371750,29.175026617283905
1439645633,29.143127537009793
2091964065,28.920138502514767
2501687305,28.912804231810284
1427677814,28.859114516813037
1880501655,28.69376081085879
1432871933,28.630264293028475
1880518493,28.627671466071376
1932552267,28.53246488418512
1439348691,28.434128179599227
1931606862,28.433989069586744
1879891340,28.430823476130946
1434415820,28.398757190719977
1930959090,28.383972933373993
1434640582,28.288814183799076
2503161037,28.11505804425279
2095359503,28.046652310376896
1930192842,27.989765401465334
1878582623,27.807622541880125
1433682370,27.68884908927498
1880466244,27.684300359467528
1879913164,27.67304791415786
2501379905,27.64889173830862
1880470240,27.617531887431014
1433391875,27.484233312934442
1931021795,27.46911256325275
2092881521,27.43187992241472
1434755350,27.416346598087152
1879239245,27.370217271583424
1880492550,27.324835297271257
1880450404,27.266006293814208
2093880341,27.212276188635933
1434378324,27.17781357467336
1432651591,27.080194437548275
1931629244,26.978553239626894
1439590941,26.936999285803186
1931693431,26.88599166876485
1930249892,26.795437799042585
1434153472,26.755649227355157
2502355817,26.713038429577182
1433878912,26.65143929512789
1433654304,26.569823256042806
1434511983,26.535576815182488
1434335341,26.46906183659158
1879172860,26.449225728957153
2501858094,26.386996172285297
1433318164,26.299287104013096
1934306130,26.19781024237627
1434640054,26.13285219622292
1433652795,26.131645156168297
1930186434,26.064904702649724
1439520770,26.03051384520657
2500650924,25.998386989056083
1433117594,25.92182561114815
2092799485,25.86521527499735
2092802273,25.84297401852174
1879192565,25.817838572578346
1433356432,25.677994479741383
1427639247,25.664190724478075
1931624743,25.634695091786043
1434437771,25.62603742354899
1432714760,25.619374173077382
1433372185,25.58907034322248
1879820780,25.52141068923451
1880459485,25.51095271465175
1879163373,25.453490117243124
1433290767,25.42643913557332
1879221291,25.360720392603636
1439573153,25.329410530893867
1879869544,25.23218016789059
1434670970,25.20314991657966
1932436162,25.177692526312224
1433087100,25.15869633460238
2092947293,25.122417990118418
1439471085,25.103900102124175
1879146041,25.02320996556279
1932565493,25.01615676689363
1930947125,24.876489823460698
1880456277,24.853355651896084
2094555047,24.838481366868344
1880489307,24.82415865991546
2092881510,24.81892015998503
1434288600,24.773474297494953
2502659424,24.772898503982738
1434337702,24.75866855057005
2091979702,24.741829516226268
1433982342,24.689634719050247
2095420657,24.649681593703228
2095422983,24.632426944473938
1880506345,24.5864350646021
1432910457,24.57456909210625
1880485711,24.551873012196513
2092843663,24.545565414091158
1434605193,24.488136137927174
2501975964,24.396600825720448
1433439357,24.394333866574577
1932451285,24.386641427045998
1932442933,24.363736666901712
1433266572,24.325409627294054
1434483427,24.299363210259727
2500443985,24.29668893565805
1433255704,24.240084008439844
1879863907,24.229671758009413
1432898205,24.146994171173024
1432765150,24.13300123064686
2503683470,24.09748340953121
1434521743,24.085965935715404
2499392765,24.05319279205036
1432828334,24.034461049046968
1433263533,24.009750357611612
1930218083,23.981578262418342
2093042107,23.953354890717346
1434646351,23.923729583341963
1433588610,23.914896284023524
2095449293,23.892801370122054
1439349140,23.883655968113878
1934299441,23.839157337667327
1879137537,23.786278332415105
2092015760,23.721054143301355
1439607235,23.707089545524795
1433451200,23.67793713940286
2095400005,23.673109614918623
1432693372,23.667134585958085
2092885143,23.65992281270885
1439386254,23.62610136060717
1930940591,23.62196175080233
2091211512,23.596811531833957
1931658890,23.576774266039557
1427763785,23.56237742318952
2092923457,23.522155156359105
1433045643,23.501541708782398
2501017590,23.479469815586
1434497893,23.45952812017613
2499376610,23.452796936578324
1931622525,23.423355017648475
2501131224,23.413905392149836
1879877174,23.38980008215019
1434394605,23.315483070367907
1931015983,23.30479374966226
1931621485,23.274888585683495
1427825430,23.22137736864936
2500374671,23.20064235023693
1880533571,23.191916194542834
1930149375,23.182127958885363
1427622133,23.16178304776917
1433275452,23.150558139100568
2502742093,23.09158235909225
2503467064,23.072242920255604
2503329332,23.065761873952077
1434266707,23.05303743845537
1879879952,22.947698805355458
1879130915,22.844691985060493
2502062802,22.813019897302176
2499482903,22.808423939032124
1433846335,22.80168789327263
1878573891,22.781802519804582
1933495833,22.77233475902006
1932470910,22.737433019585566
2092917577,22.736052663370852
1879147302,22.70948582538789
2092893934,22.701862149094783
1930941135,22.701153330844946
1434195145,22.6694882244985
1879772351,22.666503650723886
1439364990,22.65851301332357
1439462707,22.648960435184488
2091972922,22.561129175913084
1434293755,22.49634422470457
1930150582,22.48478856566747
1934315825,22.46220118829735
1439458191,22.35832816105187
1879228947,22.349212499031157
1432760514,22.224493206134916
1427717997,22.217931208039563
1879200581,22.180560439710206
1880495603,22.176466410429764
2503238690,22.17352523092995
1880503444,22.120977075314418
1930234462,22.10923648671654
1434057295,22.08135424615814
1879136063,22.078640563094698
2092760703,22.047533980721507
1439397993,22.035171436699247
2092078510,21.994380056808104
1433762481,21.960340134422182
2094616307,21.936505106516112
2499773623,21.935883917921466
2499608320,21.810721924005335
1434165024,21.773315941417806
1879152533,21.76866599106212
1931676937,21.766840565292693
1880493887,21.637723099084948
1931024700,21.62581696882389
1432703175,21.60705593617947
2092929857,21.56676919972982
1427877191,21.564181226403164
1879792741,21.502054130154466
1932566777,21.48184408495248
1433360685,21.464270589876538
1434701290,21.409693629190265
1433489530,21.345285267225762
1434619817,21.3279081526485
2094550853,21.26383417240953
2502664942,21.22614610481637
1933577105,21.18575105893686
1433529834,21.160009204885142
2093087137,21.150804718049685
1433116653,21.083530943722916
1434742473,21.050807210382583
1879777144,20.971246711817905
1434419602,20.966069517650293
1880464900,20.961388430467235
2503665290,20.961076410430305
2502415547,20.95910301747863
1930185765,20.948315427709215
1427794842,20.93772987056621
1427601244,20.931636632602167
2091186372,20.892102795793644
1880519770,20.871508200113094
1930227151,20.86298138346358
1427685475,20.756436929019717
1879231097,20.713245429248545
1879171170,20.701797199640087
1433553163,20.655532746705795
2500958670,20.58629684441884
1879238465,20.57415140187804
2096205803,20.557836563150495
1433070857,20.53444710437065
1432715825,20.506973942084414
1439423814,20.481481724339638
2092885913,20.476765690422184
1427652963,20.474136929639275
1427882435,20.41575744041833
1879127944,20.408556784722208
1427764695,20.377877947864224
1432627977,20.37034089495762
1427633167,20.34598768156465
1879903644,20.334162317360875
1434320201,20.332879039943528
2503558894,20.273627768267207
2094673267,20.273286382000283
1934309293,20.26213045551342
1879778060,20.2614323204309
1434724153,20.238131190448115
1931673051,20.19652906785952
1434115290,20.195196604114994
1433442590,20.186456496672548
1930225521,20.128777415322023
1880475094,20.125655662329986
1433628257,20.124907117072162
1930930244,20.11593147043104
1930181620,20.059936495799736
1433507123,20.039393605241877
1427731544,19.94531358737338
2092885947,19.914745395948085
2095416411,19.910836041145036
1879233294,19.889790309464708
1931595361,19.87617479426166
1879778344,19.86839131549947
1432875094,19.84443690997181
2093057384,19.81320554838269
1433285502,19.804119408304693
2501303245,19.76489833157399
2091201693,19.69289901953681
1434378705,19.68721917881624
1439558562,19.641951192785555
1932452212,19.597026886697822
1432665233,19.566726923866803
1879886572,19.54705996417531
1932497395,19.545987297626326
1878603271,19.525811462459938
1930243812,19.50115652645167
1879154000,19.473186269266627
1879778684,19.46753370798364
1432976944,19.420380169317724
1434762314,19.413120562447112
1434364475,19.403458859917485
1879153000,19.395692799586698
1433487104,19.386973923389213
1933553585,19.369317170079626
1433657400,19.365566226164447
1931626865,19.324634655442857
1433537083,19.225552227843366
1434514324,19.20477819081008
1434451581,19.182194074331218
1433086265,19.119377691308063
1434465331,19.10857420047305
1879194187,19.097945206440112
1879875302,19.093136554161088
1427877127,19.08116023611347
2092805935,19.063186391209193
1433886074,19.05232828116366
2092803963,19.04785380014926
1433872814,19.046002563061407
1427603960,19.02094468053587
1439589664,18.948717285395954
1931696122,18.926786102385115
1434009002,18.916586869076728
1878598480,18.90731830134401
1433022504,18.89644121320403
1434563757,18.895963549149652
2092922701,18.885529282738805
1879132970,18.84230145092374
1879849525,18.82231285485514
2503903980,18.783070761803426
1433209532,18.734728272173133
1433212801,18.666753299510557
2500514505,18.65762704888969
1880520660,18.652377519667006
1878578622,18.60642205298214
1439542342,18.585139369736712
1879866267,18.567911927190337
1879810531,18.560114369584625
1879864870,18.55480424277264
1879848164,18.531581021028327
1434160101,18.526919959856944
1439426074,18.494080378739227
2092793725,18.47315587305883
1434205013,18.46722190793663
2499783000,18.466840761618883
2094603981,18.461398267951807
1932614415,18.45436015889456
1933561810,18.440986454010776
1434692513,18.43431473058908
2092042875,18.406530177935032
1878592160,18.39898310413863
2094549997,18.379955805830495
1879901184,18.349701042945227
2092773250,18.31407798723203
1879824747,18.277013364733527
1433738334,18.2748161041724
1879135977,18.26756674083538
1930240721,18.264538268903234
1879779672,18.258032149694323
1433638014,18.24353690698778
1879893504,18.23152104627346
1931632767,18.192461431285725
1439530780,18.163089558945483
2499586364,18.156866193244703
1433287103,18.145025192426036
1433344383,18.117052991647626
1930949297,18.107571805258793
2094675184,18.079051857395527
1931617397,18.074553275148666
2095463791,18.072171077704255
1931006744,18.062960875204876
1433035470,18.037946885393396
1432869167,18.01790544735931
1433942433,17.963811583718257
1433830517,17.956189367012897
2093021023,17.930690970400082
1879203167,17.927451017238802
2502744111,17.919570451379993
2503898797,17.86166814298384
1933539015,17.847348604806747
1930233195,17.830807158437132
1433649001,17.82816054356713
1929303875,17.823660942954856
2503784342,17.82008831690435
2091197467,17.789404343749062
1932558083,17.788020575064223
1439404747,17.77022939386306
1879854067,17.76910466031664
1439317363,17.76534409251721
1434722114,17.763811803711945
1433454290,17.74902063785359
2501511785,17.73636406226999
1432776161,17.71826552062966
1432680574,17.71764866468273
2092008882,17.717625190471182
1439504291,17.698072182136585
1879811593,17.671958137224266
1433499435,17.646797488503417
1434029642,17.641054440403924
1439539882,17.638930663684924
1434613061,17.631882836793604
1427715021,17.63121503038255
1930986901,17.613722373219193
1879193650,17.533080769461833
2094618890,17.438721856516363
1932469323,17.42364488811635
1439564002,17.41551185997998
1880453451,17.39999397419545
1433036224,17.399777126244125
2095352907,17.396783914798256
1434734343,17.381470004589037
1427753861,17.372389473582686
1433055292,17.370761664319126
1933552790,17.334761986181388
1934323297,17.304929882519644
1880547814,17.270118407882023
2094621957,17.26845895403777
1433510192,17.259165429475576
1933532717,17.188343401062063
2092037190,17.171730297301306
2500887494,17.156254656115976
1433402950,17.14883368100887
2094579473,17.122282703062986
1879198933,17.121439761160797
1931626621,17.11875210537065
2091239271,17.116042053542472
1879773475,17.110319509684
1931647455,17.108589361401094
2095461312,17.10718759061694
1932461307,17.054046520155982
2502116051,17.048854790022805
1434016761,17.033050928009
1434422064,17.03008824317912
1878600597,17.007500439632903
1879247165,16.980099223463423
1879202984,16.973635520891293
1434261005,16.968054526343224
1930175691,16.93146010307824
1433961657,16.911374481883268
1434419580,16.87098324482843
1434612054,16.8629288209805
1427598480,16.846366346615298
2093937587,16.821893453991827
2503583472,16.808733984833896
1434204134,16.796158077008027
1879795123,16.793483004326127
1932580627,16.783920991245534
1433179100,16.76289816600817
1439497251,16.759813353024583
1433063245,16.74815299126921
1433646900,16.743610559305854
2499657887,16.72795136181148
1930233010,16.72711851460935
1879883460,16.710186563050595
1434551502,16.70598944681247
2092922593,16.691427130659328
1433033533,16.68521130843912
1433318045,16.68251045006641
1434019230,16.68148476637092
1434727094,16.66962037933059
1433642632,16.644478630484596
1930145462,16.5813534374348
1931025653,16.573349016421975
2095495454,16.57078949305704
2503622612,16.53015725667853
1932433465,16.4983683843704
1433958992,16.49805311220067
1434346725,16.497662924206324
1433127597,16.493344215633716
2092020381,16.43990214418354
1432857914,16.43640792456304
1433480703,16.399690614245763
2503117574,16.39553640009869
1930184137,16.384689301961192
2093946072,16.367666174593946
1434687935,16.31289105678105
2500694027,16.308290902052505
1879819712,16.28869816204044
1432923947,16.281978746387907
1434531724,16.256765921146485
2502803060,16.235780367213156
2092982291,16.202167627025226
1434299874,16.17725154541063
1433971892,16.17635760620289
1932627221,16.170237255811713
1930144527,16.1690419417826
1434598652,16.156713272490407
1434371813,16.12081196439113
1879837801,16.120567930071974
2092853285,16.053356870486894
2092764477,16.04291304924643
1878585634,16.039843154987697
1433155985,16.035466639621387
1433777772,16.029124921875457
2093896374,16.015513969259427
1434498015,16.014154341287817
1879874592,16.007669528645383
1433635083,15.99396943187506
2093904952,15.993416709699272
2499247473,15.967100440415695
1434680412,15.95476184113007
1433502061,15.954227140474764
1880516117,15.94843546719241
1433440645,15.939342824643205
1879223171,15.90928988124155
1878574661,15.898979868534074
2092939625,15.896092190730647
1433950091,15.883737723589705
1434258320,15.86166579490238
1880490650,15.83829646744613
1879232961,15.821420531424984
1930929972,15.798633917915193
1879811301,15.772634651091263
1933580971,15.762086047356712
1932551005,15.740312683876553
1879134747,15.730546339379298
2499475165,15.721589506634999
1433640483,15.708192944540635
1434602584,15.69041568187884
1439621227,15.690337610517737
2095396381,15.689541669439402
1433182373,15.616681502487909
2092881184,15.584504542345408
1432648212,15.57261970993521
1434233155,15.571050744781683
1932573863,15.55859982292342
1434451731,15.54771712824584
1931655382,15.526062722663418
1434700155,15.525990307556771
2500846440,15.516564210549726
2092785022,15.47476055279382
2500759072,15.460823068076467
1434266192,15.457875421182958
1933585353,15.451160314481132
1879835951,15.439931197150438
2092827491,15.435705304916981
1434723177,15.427724401033302
1933518872,15.419271210520078
2094699383,15.410138218454666
1879880930,15.355451762244808
1434003162,15.315357582846703
1930204741,15.302203195776173
1880478810,15.291240129876684
1433027452,15.289171359650632
1933511237,15.24850833347238
2093959215,15.246509401602422
1439573570,15.245477810084704
2499504637,15.239470147249426
2092918757,15.238642398084478
1434624975,15.238243985304315
1434257055,15.222515304261778
1932637814,15.222080792024181
2094636907,15.21062310587815
1880477991,15.188937634232891
2093966733,15.153369998981056
1433914252,15.123389952565963
1433086425,15.110935701393078
1879873750,15.070678361994215
1932619445,15.070642577318013
1433303824,15.058770385266135
2499545522,15.031062426308708
1439534550,15.01759471189572
1433962217,14.981028287498207
1433051460,14.97369198785099
1433831743,14.969043982477686
2501519087,14.945589563031033
1932525067,14.941113003131846
1433583394,14.92598540515732
2092848943,14.916446070621927
1880529093,14.883478461840904
2094599521,14.859271896502541
2501881030,14.858263849364649
1434650911,14.85244897117211
1879833060,14.821311001185661
1427721785,14.820035799241275
1427631271,14.80414577752183
1427856044,14.78530582402349
1434110137,14.771871110994322
1879825804,14.725268397931158
1879900432,14.724759411139454
1433765237,14.72422511035008
1433995350,14.717281428145299
2093971490,14.706502159923
1427710465,14.704525411845207
1433358522,14.692160873925323
1880514232,14.67728756473034
2500128114,14.672672603099207
2503675373,14.654803444838466
1434427107,14.64039794356624
2502913340,14.623076864032157
2092043451,14.53806207344794
2091238614,14.526480263929864
2503811271,14.512357731385821
2092951260,14.497962450681849
1427767664,14.478978100821571
2502308180,14.468632406028222
1934300683,14.409789481040574
2091245335,14.405508217899458
1427827025,14.403587290177704
1433300844,14.387004043624463
1433981645,14.323462073898298
1433472471,14.314064712059135
1433153413,14.30582074337231
2092880077,14.304028764992278
1879837012,14.266907689724524
2093962317,14.182769895612019
1433406647,14.168369955568181
1439501521,14.157128890637448
1434459051,14.140041208444545
2092764807,14.11669592987275
1433136073,14.091735602835096
2092844294,14.085055845412697
1930189870,14.069474121293206
1427749604,14.007699817480189
1933552995,14.004294431950786
1433008470,13.987773943886369
1433789132,13.982838876841232
1932633150,13.959028976590258
1880498913,13.941195220734379
1434419771,13.927262656744693
2093008442,13.91236612749417
2091275437,13.910691675213178
1433365913,13.868922820259789
1433672402,13.865314020178749
1879882684,13.860919975922712
1880458174,13.85298654324318
2501620755,13.807817801158471
1930942152,13.801404084038086
2500473457,13.793044323728946
1931026004,13.792578087644905
1439510575,13.771189156349935
1934302773,13.695006149955585
2095391200,13.683108410937448
1930235327,13.66187334493471
1880495091,13.630277594815094
1930247051,13.617464272067249
1434437727,13.584566723977638
1879883090,13.569824894285484
2091986991,13.529846064885952
1433048350,13.521494199349092
2093922584,13.511357140986775
1433855447,13.464418459770018
1932596437,13.462688733845946
2096204654,13.45263326462247
2093085452,13.412285917339348
1434567067,13.385756750398318
1434350942,13.381582096701685
1434609220,13.381450950339145
1434513602,13.368155352651703
2092975351,13.36414506495079
2502886265,13.362410432872887
1933587957,13.35357658770947
1439369572,13.342450039803964
1433655842,13.313169906131131
2501633981,13.304783522151114
2093861905,13.28597326601261
2501783861,13.235044282463424
2501211582,13.234794768521073
2091258122,13.23448968247748
2503237427,13.217989906708633
1879792035,13.198761505276028
1879200853,13.188209502065325
1879176630,13.172884702837825
1434215890,13.159683876763658
2500177344,13.155108981200518
1932605322,13.079164175296704
1433205471,13.035201686253385
1427589977,13.00500833450352
1932521922,13.002003154867104
1933511847,12.9716711150259
2499596257,12.970292998165135
1879811777,12.954219194972119
2501324422,12.927711514957172
2091979743,12.912295605800043
1427825320,12.90135031169161
1879838672,12.897345495819266
1433567930,12.876028747019289
1434526570,12.866525273033623
1433150711,12.85638597802476
2502457091,12.808480422590913
1433680664,12.790494361130834
1932623795,12.78000762748463
1434694951,12.76787682153514
1433387177,12.765768411130459
1878580163,12.739063871162648
1930187985,12.701434324602758
1427733943,12.69046337431603
2093072735,12.673837465388516
1930950275,12.667631075221069
1434197362,12.660771854427038
1879808285,12.64652518059288
1931632687,12.625113615384846
1879786902,12.606938881515987
1931619017,12.604488134585312
1931594822,12.574891724944978
2500245155,12.556783421074618
1880542203,12.554460498243403
1879851630,12.522732951244295
2091284582,12.519136712950756
2499263467,12.490329832490339
1433188740,12.474081517186123
2093863851,12.43120050912511
1931671897,12.400913197704483
1879166025,12.399502503025154
2092844531,12.396826834956443
2095403717,12.37989168293742
1933600954,12.334040024055385
2092858593,12.327416001949407
1433222831,12.225611773022198
1433533977,12.106948351003686
1932459677,12.09660052294516
1433087902,12.090758873123844
1434256930,12.08956068255314
1434373103,12.062780616220335
2502816970,12.059611879387226
2093974751,12.042944878515437
1427668517,12.041460997829734
1930177944,12.020872960428234
1439360804,12.013952777450669
2092850682,11.99499174595342
2091219345,11.971110412022618
1433144204,11.946101114971473
1432889673,11.935872445961659
1880481584,11.91256012740735
2499851572,11.842914361999044
1433681503,11.838927793029491
1932494680,11.827900543617728
1432659420,11.817697392904577
1879218177,11.817275612941952
1433582734,11.813270464456203
1879147973,11.803129613438767
1879904224,11.781902719670903
1880497674,11.74990174712291
1878588223,11.725693801824963
1434386092,11.718116047650945
2092840940,11.703683095327905
1932460691,11.692747726484342
1433182957,11.655282866004274
1434501485,11.60644988784662
1434676802,11.599060518527313
1434301724,11.582425353482984
1933581927,11.570256756053256
1427781257,11.53655019261689
1879807083,11.522990540853298
2502620407,11.504314206868253
1439339567,11.501931638575304
1434444892,11.497156712506778
2095452301,11.460524706819562
1879789762,11.44814143770518
1879156082,11.438907403027978
1434667501,11.419584505508729
1930148015,11.372078167734841
1930140851,11.32543501274318
1427764885,11.323938886510707
1880493775,11.263683882175664
1879127255,11.263594347357825
1878581055,11.24924797894316
2091959265,11.228316389960563
1930985693,11.215837116927508
1880523550,11.194455134702288
1879225615,11.194395000221737
1434760990,11.185262888093781
1427793024,11.184157271320636
1934301372,11.163961543206124
1433740551,11.119851557841441
1432631611,11.113618908325549
1879831652,11.10991227286391
1879785390,11.09140872878766
1439364292,11.063927391935664
1427727480,11.022774223002669
1930230667,11.007055986215397
2094607472,11.004366180925892
1930152042,11.000667426297447
1879792804,11.000175724084901
2094675495,10.973760933559843
1934316980,10.968699962887323
2091992141,10.964166081422817
1427764763,10.956756219131051
2096190774,10.943194131792191
1878589740,10.922279807796357
1930978365,10.920525932612067
1432627840,10.899517004024268
1433262197,10.893216506855236
1433114135,10.872104682789988
2500605093,10.861524006302389
1427886984,10.791733384759311
1432669251,10.78626745733881
1427807683,10.78032736082239
1434684397,10.722881006817037
2092915017,10.603527120335313
1880456560,10.573896148947105
2093060952,10.537818079862957
1434159320,10.514643619865382
2092835073,10.491902244499501
1879774433,10.48277481685062
2092023721,10.476423833418087
1427627952,10.390528220822157
1427844971,10.388152436426886
2092978174,10.378478954253572
2499885020,10.361412622376552
1433553182,10.342745246186315
1433795281,10.331983839847195
1930983260,10.324620581584693
2095390855,10.297330201559719
1932546171,10.279359916844495
1933496395,10.243413549314795
2500799591,10.183718643695999
1432941235,10.17468580599147
2095452030,10.161770842540554
1879223201,10.147666006854813
1433496763,10.124332374543918
1879910195,10.072978791120907
2502505194,10.06368199542912
1932477845,10.0326311920128
2502728503,10.01134137994564
2092063881,10.00861047752034
2502402680,9.983295449072145
1427739495,9.944238921349124
2502422823,9.912536174945558
1932652390,9.909898553227237
1934301022,9.90511545131549
1433821847,9.904254612458855
1879778661,9.898619196568543
1879839424,9.869195183705044
2093077187,9.821562981510592
2501674540,9.81221859393686
1879897894,9.800728220011948
2499612703,9.785676983716314
1931006864,9.758181929286495
1879166217,9.756642248820237
1432681090,9.728182995496365
2499526114,9.717586913245471
2095380191,9.69562270376461
2094636725,9.685113801631697
1434093142,9.637203097687333
1930167294,9.594772134245678
2095402962,9.567518881290875
1427704773,9.467711352678586
2502091393,9.415101709743341
1930949034,9.3925378002653
1434629094,9.35905448134419
1434695170,9.342724562006346
1930949574,9.336732833281248
2501625547,9.3224743328495
1434636581,9.314401318424874
1433508693,9.310449099147345
1434174565,9.301818915664875
1879826633,9.2955285610589
2499845773,9.292003339293283
1879173663,9.245241870800015
1432917292,9.185350492536644
1434139633,9.178093037598435
2091220405,9.175710946310137
2094662132,9.136909599721385
1879774634,9.134613644431624
1879136522,9.100250943762529
1433417000,9.0505189039094
2503221055,9.04037057312213
1879140447,9.02673938811173
1879783257,8.953353143494876
2500682831,8.92790841030647
1433349305,8.860920407670008
2092769813,8.849593050644472
1434594472,8.807473760112353
1932455451,8.770623195492789
2503779085,8.734988000070992
1427843737,8.724742695080566
2092926527,8.681850635942345
1931637655,8.673247233232072
2501207662,8.661310131272765
1930159575,8.635612335033606
1433688270,8.58409367775155
1879878294,8.577388634142803
1433566070,8.546297163569124
1931598421,8.512676135484016
2092769707,8.509812537122567
1879249461,8.48725099460852
1879165595,8.48214364318587
1879845774,8.45564076724779
1930183645,8.450465808043479
2499753134,8.430058398801314
1880531947,8.397398178841883
1880471054,8.38669552943604
1434706431,8.367659460097428
1880469415,8.27830377336922
2500306681,8.27141664619407
2500736757,8.24713768395843
1932595365,8.210904050017566
2503580077,8.205104526113274
1433002360,8.193688899370496
1434381404,8.167111814115783
1433973177,8.164663769236089
1433644764,8.154446272478017
2500943220,8.119432719019512
2503470310,8.112919790523812
2500245295,8.015171135512167
1427877877,8.008236924978746
2092091944,7.993567670885656
2501835982,7.993094597710373
1879199307,7.934861105530433
2503886211,7.926345049593718
1427846302,7.911538966974415
1930162204,7.787672838744996
1433139807,7.768392432744234
2094627935,7.756645726915067
2096188802,7.733541442769746
1879126180,7.694096824162471
1433471202,7.691009462422948
1931001827,7.6773689498711555
1433166203,7.635675171170774
1931000225,7.6142402126573305
2092879140,7.614195470040476
1879894472,7.594617882665848
2092841441,7.572555875982566
2501916985,7.5601254035395415
1932635941,7.556290576651877
2502214953,7.54792429759101
1434152683,7.545115655815638
2501958674,7.531428964092693
1433912694,7.525502500675527
1879191967,7.51847108424125
1932512645,7.4780157513099015
1433462462,7.460470038898064
1930249613,7.444377442356484
2499255987,7.424042040216204
1933574590,7.3930775220848295
1930939970,7.390508901207124
2091194375,7.346676306300487
1931593524,7.34511656217742
1931673893,7.3312623541718915
1932640903,7.3223136891377125
2092810204,7.320004354582769
1932596071,7.280036971350576
2503900537,7.257502781675903
1930984042,7.2484189625647115
1931003157,7.20217813301057
1930187510,7.162392611888564
2096228203,7.114451893060626
1932516144,7.0809813576344505
1880533001,7.077042919571513
2502041924,7.073821477411896
2092090004,7.067438643072344
1879812715,7.048586694756484
2095426313,6.98897269257836
2092917182,6.975693144661847
1932534517,6.943388202389581
2092833523,6.9400498244312026
1439337172,6.93325864239948
1930153461,6.9067846424296695
2502149597,6.866533134954532
1427654820,6.866223454729628
1931593835,6.865084451324015
2092037512,6.852767393493812
1879844420,6.799195815621432
2499275172,6.7612866069985476
2092826104,6.724308988212565
1879862882,6.662606247642846
2499718764,6.654773464440987
1878589707,6.646150109019718
2093964404,6.622546543565883
2095379683,6.6220004400200825
2502123412,6.609996549212777
2092091991,6.596055114065192
2092870637,6.5953345829844245
2499262997,6.577303993990161
2092942635,6.572264553518455
2092845305,6.5495954880087215
1427635110,6.476825312885356
1434452383,6.47664905648824
2092969551,6.449028963792241
1432745315,6.448039659048117
1439459363,6.404995554205829
1433103593,6.3955172019292
1931020000,6.393458929108981
2093932767,6.361697700979761
1433389131,6.346948245246992
1932441711,6.322584784563706
2093889821,6.320871172062366
2503806417,6.246074708884586
1930179205,6.223318406935506
1432669377,6.214938838392969
1931600752,6.2116027712204485
1439464803,6.208541464611861
2501357973,6.1882385888706795
1880530042,6.164085239909552
1439548877,6.1591434690737366
1434092364,6.1506998229363266
2091236677,6.033306457152885
1931007435,6.032814421025018
2500334647,6.013703232289944
2096255647,5.969013972590062
2501517245,5.968213035747417
1879197591,5.9256133201150645
2500934104,5.9144636261098515
2499669922,5.909705658554788
1933495383,5.900644018008715
1879865537,5.809386586756465
2092944792,5.791507300949687
2501734700,5.778684769549722
1933597771,5.769645104403595
2503457482,5.765523805057966
2502930392,5.741649911961805
1433999762,5.705232760194526
1433305140,5.633376856565446
2503665815,5.584869307622081
2500451855,5.554223634077918
2092789777,5.541126126605602
1439435961,5.508885836046941
2501860217,5.4837392901757545
2501600630,5.47216264784267
2093012983,5.444805065147057
2091950935,5.430367662190601
1932587267,5.3713443465739195
2096239854,5.357594761135295
2092968710,5.310082297023161
2502869134,5.293977223376974
2094590024,5.272610866314612
2093886055,5.233735469844443
2092937872,5.171114906409675
2095466893,5.13506534021858
2502701871,5.1236145559427095
1433050905,5.102321369155185
1930996945,5.099041826864592
2499678684,5.050413486762458
1434492385,5.03646912977005
1433247434,5.000868705505427
1433428505,4.986686287283942
2095392941,4.901232360504024
1879138491,4.895900172911905
1427683692,4.877962874521729
2092842021,4.873900132523194
2503747125,4.8500314935638515
1879794247,4.847374248536635
1933581934,4.8111279691928255
2092818977,4.801770359887257
2501195984,4.798864114082344
2499374314,4.791286241747178
2502497955,4.760083988695282
1432670765,4.758493515043771
2093860541,4.75268966974131
1880526554,4.7313462113140385
1433408435,4.722517360300873
2093070951,4.697651440874219
2503593514,4.636978282928754
2091995304,4.562268931718034
2092806310,4.559909293387982
1433080745,4.556343715047467
2500487533,4.53770908865793
1879130154,4.50138882249804
1880493903,4.467088712249954
2501780563,4.444430481542053
1433579780,4.42498375447691
2501497311,4.410696083782234
2093930331,4.404758619896423
1930198433,4.38930392056582
1879835922,4.362336286740718
1879238233,4.336887499174131
2094554303,4.325605011917029
1930165604,4.3127757728021265
1879125957,4.295784565896931
2092005474,4.2892451976415185
1880427241,4.239395585150938
1434014573,4.218988599175764
2499639740,4.209931038346349
2500956394,4.185512885096519
2501251910,4.17428070706544
2092871904,4.171454886767305
2501553183,4.157179470175152
1427833624,4.152953892969454
1931696994,4.149718011587885
2092928542,4.107574995722739
1933583520,4.0734576928010755
1880483524,4.038845841563678
2501489740,4.03269994690741
2093021794,4.032611620715892
2500223840,4.0323269364334555
1932525815,4.000998454063082
1879799667,3.9883616238869584
2093040277,3.9840331922991474
1433012600,3.937882029962237
1879809257,3.9374599822339325
1930963992,3.8550948689407774
1433133064,3.8164820590279964
2499229470,3.801156258874058
1879900895,3.700609208697633
1434383267,3.691277831015941
2092024830,3.6144228280532222
2500952314,3.5565780540591088
2499754113,3.5095318269151567
2091212702,3.4722029088717137
2503262895,3.4687544510750974
2096253264,3.4685644557587216
2092974352,3.4587293072202687
1932488864,3.447031233417605
2095363443,3.3652571481726157
2499282852,3.315011568746047
2502024280,3.2846817484135946
2092897105,3.242636649983495
2092992887,3.2287219866961028
2503619391,3.154413059636223
1930951112,3.1455096218300866
1879782977,3.1416500766553823
2092937727,3.140034462353794
1439369701,3.0255437859868497
2092075372,3.0204434954796984
1433849561,2.994813834832804
2092082904,2.987723955193614
2502610987,2.960169473470228
1439410773,2.893316019480624
2095399965,2.8610203808198618
1439543862,2.8344969644690283
2091998693,2.821257391249212
1432682655,2.809333535003571
1434125727,2.7647584339221383
2095378383,2.6868476218269453
2094564717,2.680954962437562
1439433251,2.6705953765420216
1932642635,2.665785006321141
2092891304,2.6605802701521615
2502623215,2.6131693126335955
2502991524,2.6008780754336622
1434014663,2.4316571225639114
1433669240,2.3885805224940535
1879831393,2.354859937789431
1433569557,2.3323162770431605
2501472264,2.325739494370055
2096203500,2.280223095527645
2499325834,2.2469858316323035
1879826624,2.2168230922943843
2092013854,2.2049517683964557
2500915872,2.1346920889287353
2499703897,2.1294972586008245
1427648915,2.081557352666665
2503363640,2.0735807774349277
1879248323,2.0410488697936358
1933567327,1.9433920478074773
1879775220,1.9394436996255133
1931028632,1.8985864752850679
1879805851,1.8916809923971054
1434134645,1.8501643033150157
1931605047,1.729462107726047
2093077203,1.7236715199161383
2501842837,1.7151788942835868
2500933944,1.683119872575002
2093088695,1.6674473783838262
2502136912,1.626499449451044
2091973640,1.5537358492340085
1433211285,1.5523716609286606
1879179283,1.544954832189964
2501294722,1.5431457244677147
2093942545,1.5263050579128792
1434210211,1.5023254539658173
1880461271,1.483414256904111
2092878961,1.414068275396685
2503560303,1.362066117633656
1439647563,1.3479650489696933
1433622504,1.3463334548807033
1930141602,1.3140154810808888
2091276900,1.3131172301384901
2092015310,1.3115649423232345
2093012963,1.3101016599312498
1880469721,1.2719640321500296
1427860251,1.2031748959591495
2094596284,1.1776044854982448
2503853552,1.1632586477122437
2502339380,1.1534256413673207
2091258130,1.1489450469752167
2096191031,1.1181562460120942
2503135672,1.0792908355836752
2499538263,1.0607746197278294
1433166775,1.0571234907356153
2501523005,1.04277679691481
1932516241,1.00899730007503
1432764915,0.9916783933685985
2092965600,0.9761706879378373
1930961211,0.9730672054751562
2092015890,0.9728147628659212
2094561684,0.9481141153195327
2092844674,0.9445606842783635
1879834327,0.9202670970749866
2499553210,0.907871738394182
1932518997,0.9012888497243036
2092890450,0.8947541610620333
2096214577,0.8910470618369514
1427874617,0.8875470905977927
2502641794,0.8607680901887297
1433147017,0.8045185627458977
2502304037,0.7766671124567182
2500532662,0.7747351002075005
2501621927,0.7288777282602528
2500988907,0.7225528426193785
2500217044,0.6794426215291612
2503088435,0.673704992714598
2095421932,0.6350777336848762
1439541671,0.6304620689336489
2503907305,0.6112989377484935
1427624332,0.5924380309966667
1931588713,0.5848044114414105
2092043054,0.5597953094012011
1879905811,0.5517678732811437
1434069935,0.5362695701555015
1932640544,0.5280204164417647
1933560115,0.5149385413325231
2499437350,0.512653588663648
2095445444,0.4808061955576482
1879149400,0.48028970264423754
2501855275,0.4532108719168895
1879818481,0.43959290722015604
2501550985,0.4386770473717988
2092842951,0.4385975138294531
2093080813,0.4334261002235635
1930243914,0.4162125669768621
1439397575,0.40890750334072257
2502951552,0.3725651974666094
2503221244,0.366414087766474
1932637635,0.36349462691534695
1930157224,0.35130536280137226
2091189990,0.3474691930023228
1879908695,0.34377739069521573
2501525920,0.3428981779610069
2093077621,0.33349690940071663
1433652352,0.32699426700784195
2502949832,0.31874031826624094
2502594271,0.318726650010009
2093069085,0.3154489533503739
1439334465,0.3096594856518567
2093082187,0.30525202740795976
1878592651,0.2988454874905782
2500280402,0.2953460394748314
1432862417,0.29501070412493546
2092953250,0.2803334945583304
1878579784,0.2757596322786945
2503113721,0.2749962527397371
2503536890,0.2649035009240147
2501876201,0.26361184751450023
2092976763,0.2632784148715524
1932629640,0.2622878792678889
1933589672,0.2622705389280967
2499709700,0.26155154919033985
2093058715,0.2515460316083639
1932484777,0.24542770347689838
2499284581,0.24202125030202526
2500241993,0.23901486498799399
2502350611,0.2381654352189774
2502781277,0.2353446852504362
1879242762,0.2345388424159569
1879863017,0.23182842280251406
2501875722,0.22502500000269707
2093904494,0.218630285407171
2093051244,0.21832401512586055
1433575931,0.21561201370716146
1930228604,0.19958309249849837
1933526775,0.19272758549113994
2499224092,0.1798386087923201
1879825677,0.10765065330709367
2500672331,-0.010243046481867267
1879144275,-0.35934718297650486
1878580627,-1.0184534831239327
