user count in community:728
Topic id:7,Representation:0.32597803011253673
Topic id:9,Representation:0.5324340398337757
userid,score
2094615725,24.63287352401533
2500112881,21.62688043031337
2096235440,21.332206684659667
2093976291,20.300891310637393
2091963181,19.370391028723013
1930160965,19.065806361818083
1931695010,18.378055429234756
2092983305,17.685038110979598
2501862952,17.58515237210918
2091246095,17.46032324968662
1880495980,17.38853511539035
1931603433,17.028787221531562
1931692703,16.82097907395514
1879187927,16.650952474655675
2502125414,16.514044608335524
1880441747,16.512047632573996
2503922437,16.277493718084948
2091217625,16.170923161822614
1879850912,16.067557465933092
1931631517,15.92576748409115
2093853084,15.825541769524964
2499398920,15.616855395227855
2095382490,15.462727096695378
2503037367,15.446440966975883
1931644244,15.41522588020095
2502212842,15.384058184746054
2503347380,15.360725832788107
2501733850,15.275493280846106
1879134702,15.22790546920433
2501023050,15.177629423823262
2092796927,15.149963884794975
1879158780,15.147214088141025
2503480364,15.037158445883623
2093014960,15.003463634830077
1880505410,14.898555123884595
1439559653,14.891183600263627
1932544014,14.851133095947647
2501634180,14.847820342744043
2094693872,14.7586513932062
2092980850,14.716616896874871
1879226900,14.70108620817266
1879837335,14.661799922716568
2093048603,14.619410058043439
2501438970,14.600654681317177
2500261152,14.556203631294203
2503663570,14.539893002405865
1879910222,14.435968948089823
2092759867,14.432158633750547
2091196781,14.422905446953372
1879190683,14.372274872047432
1931029115,14.36603400742281
1930158577,14.353317182154012
2501320521,14.315712257303765
2502260182,14.290284427780374
1930987564,14.27861138097808
1933499583,14.278522296008346
1880447343,14.263341933089107
2502400832,14.250264504825424
2092983405,14.221411891052243
1931589911,14.221390730863916
2499852404,14.19222068678655
2092799887,14.109464421810072
2091288401,14.106758217623753
1930185800,14.07539451625791
1879824254,13.983362572230433
1930963487,13.928318580690327
1878593253,13.84796017899329
2502018002,13.821281172965788
2092843825,13.814382877998245
1930184022,13.801334870347118
1879177922,13.780328366239246
2501506624,13.77478469308606
2092041250,13.715918639105944
1933549537,13.631788452974217
2096210800,13.620509099960525
2503825925,13.565186991996944
2095419604,13.56343661653354
2502967742,13.500137160843874
1879791684,13.485289872228272
2092035013,13.48425683109938
1879866594,13.457269043898695
1930962165,13.42943540815453
1933555927,13.257001438716145
2091973917,13.107739224000426
1879833773,13.095258675765269
1879191524,13.084093032904336
2501164590,13.081559222209009
2094662201,13.065236421506231
1930179873,13.024700246637225
2500395267,12.996099962856487
2500134894,12.993525888466312
2502479894,12.956769676080297
2092880315,12.946888292267353
2502495632,12.916951312898737
1930200275,12.897964269120962
1933551953,12.84367957223452
1879822043,12.839351581443864
1930182033,12.784971454699221
1879167282,12.776663887510722
2501396690,12.732825311092334
1929308284,12.69072713486641
2500461237,12.677360238166228
1931695724,12.663361931509655
1933577854,12.645069737104027
1931665515,12.61796963381286
2499227700,12.614206914300572
1879868954,12.57767027881009
1931695465,12.549592900633991
1879132554,12.546210057119065
2503316200,12.512935743667724
1880455751,12.509908387971397
2499727654,12.497432824861981
2502510552,12.491958303535991
2502248924,12.479466714014984
1933545592,12.45050777756574
2092786855,12.402462431567898
1931637965,12.362103663092565
2501192554,12.346279215112713
1932480673,12.29945380898975
2500249442,12.279287622591998
1880439531,12.231792078922666
1439661151,12.19132375790295
1879152354,12.182567138450313
1931013371,12.180689476498124
2092866564,12.120516881712897
2095468692,12.089457324702256
1933529773,12.075029050342202
2091955683,12.062376260059718
1878603930,12.042819093585662
1930181673,12.002681752594206
1930190333,12.001248399384348
1930946052,11.972836696788887
1932501041,11.950695979965289
1930981344,11.876085712393477
2091961241,11.784057120676952
1930159475,11.730105180340843
1879167284,11.717675456814394
1931007300,11.652618428930861
1931022071,11.636972220609554
1879184891,11.634465404345672
1931631153,11.6143851798537
1879829814,11.574329464368766
1879131951,11.570335503373538
1878598725,11.552286891740284
1879883554,11.516840436149817
2502911064,11.504132896446883
2091261983,11.495670052646757
1879778165,11.461960888695385
1878600102,11.42686130596427
1434644694,11.371711708209812
2092040421,11.321248784927512
1878589902,11.310261330250961
2091190935,11.30484663574457
2094628457,11.296536412454097
1434067313,11.289446521592009
1931013615,11.281770098921301
2502151372,11.270978199684667
1930955163,11.19992590260891
2503317670,11.162714793567535
1433773952,11.133961366276584
1879161364,11.086188418161035
2499419362,11.079104813264165
2094643512,11.075569400396377
2096246351,11.074618847156563
1879893372,11.073369681340775
2502329427,11.051929588271435
2502046457,11.018515313937506
1934316595,10.98576877767697
1433177705,10.968538912452594
1880490382,10.958164045533406
1880512234,10.943670121598581
1878600095,10.942504630519377
1930164563,10.92183684152499
1879165642,10.914569967940922
1931588945,10.904409899748371
1879906454,10.869622484856823
1879159204,10.863998077527167
2091979883,10.849387830377333
1930184464,10.84847962864157
1930203735,10.83473900929949
1879135063,10.777335195055832
1879840390,10.76999080394285
1879821341,10.753212362659145
1880438737,10.749254297460526
1880456851,10.74169159238288
1879144233,10.732407486196673
1879784384,10.732324181388709
1880482500,10.72895880373116
1932602591,10.670134640010142
2091268201,10.654189030686084
1879241347,10.625943307230964
2501771443,10.617541117523778
1930245924,10.591197500052498
1879216820,10.541962847544648
2092900830,10.540794726871468
1879803447,10.514657065368858
1880495581,10.493767828304161
1933514340,10.487271168970391
1932515814,10.453902106079424
1879859300,10.437205446121004
2499331600,10.43080497881308
1879769624,10.428904402504118
2502485223,10.402929591909285
2093975642,10.398075615810834
1932521605,10.394499760275968
2499598291,10.348541227253444
2503560890,10.343874997009813
1880489170,10.339502326629027
2501360132,10.29189809318868
2093954281,10.27360556413607
2093875633,10.268220494317891
2091980411,10.230559598389647
1931004287,10.226368878780287
1879145304,10.20904920406336
2503595342,10.190932086530132
1880445802,10.184624566195748
2500636463,10.165443153244702
1879130773,10.132413525220743
1933563930,10.117982253353066
1932481025,10.105633849018112
2092009734,10.102968570873529
2093874080,10.018392345896354
2092042382,9.991660000956083
1879867475,9.991158347975887
1879128485,9.98674473286111
2093953313,9.938429146901779
1931612277,9.914323147942959
1933536933,9.879875050927524
1930964107,9.87702590273355
1933520211,9.869268279553207
1878600022,9.86749891033969
1931597402,9.838784403093177
1931016713,9.829855772588978
1931692911,9.795520124327787
1879789243,9.788742707388955
2092023305,9.781659062656912
2092079667,9.77464493809742
1931026657,9.770272866320685
2500102300,9.768680536768079
2096233354,9.765856395496087
2501313312,9.748978394668171
1434027090,9.741952171856392
1932487255,9.72620833706608
1432615223,9.725426178894587
1932495682,9.711437493904365
1879132341,9.695323698589293
1932615813,9.666921742477058
2092014043,9.661272485447457
1879879900,9.618526119987282
2501976375,9.608283812661972
1879235807,9.600459234358132
1434320270,9.594496151845537
1880453730,9.580875206146786
1930228875,9.502317620893757
1880438121,9.490649721518459
1879783334,9.4900865011167
1433730670,9.484649489730032
2503718362,9.476491416232832
2093058563,9.476098557135892
2093064593,9.454454620903798
1932513987,9.426289015420748
1930170303,9.420922414387734
2095355493,9.41637093793799
2094692403,9.414969816984488
2501820164,9.40873427624512
1930185404,9.39232000199783
1930985172,9.35513892613746
1930162171,9.321946475394064
1878603672,9.321431041693234
2092002471,9.318524574975019
1880476691,9.310092538855448
1933524865,9.303096872410062
1880518952,9.288807762488977
1879819834,9.278043426856803
1930973615,9.262993949791909
1933539125,9.258395844581205
2499752952,9.236939394942333
1879868464,9.213860079145833
2095353173,9.182052068775597
1879886022,9.133243710798643
1879787132,9.110523247581774
1879214934,9.105239595121887
2501397475,9.093079965906357
1933552577,9.02175233318336
1433535571,8.990283796551704
1879884063,8.990220592266862
2091251351,8.982316552719247
2091195882,8.975315784533912
1879206624,8.9729105179941
1879788654,8.968882504619474
1879141271,8.966426949230744
1932537842,8.96331446920696
2501739170,8.935917722255882
1930208400,8.918009846883548
2093880161,8.910790640432925
2501079954,8.908763432120459
2500845182,8.79476147241115
1930170917,8.793807595811304
2502580220,8.772360138326587
1879189505,8.754670753178978
2092012817,8.734236949613486
1930933862,8.727651574138912
2092820791,8.706965454678215
2502493942,8.70171438266575
1880515873,8.621591418724512
1879203007,8.613803896027916
1930229084,8.594456495231547
1879152222,8.57927857539334
2502943922,8.573947116458333
1930195304,8.56527290402813
2096268410,8.565030550697559
1879810105,8.557832718745493
1879168322,8.532055702189215
2093882975,8.528523800663981
2503113282,8.522533944519099
1433449762,8.511778140916473
1930948532,8.471080779092595
1931643607,8.468188351784718
1880464601,8.466116923521263
1930148717,8.45779929695348
1931645525,8.411301467107085
1932528183,8.401895157405463
1879124404,8.391269352887292
2501492133,8.332142374207589
2092991924,8.328242484975219
2501332567,8.320964843206959
1932493351,8.318194610435413
1880501860,8.316178744808127
2500192753,8.312985990645721
1932609614,8.230703422352429
1879870751,8.162771657356762
1427784422,8.159780007285256
2093881132,8.131420339417277
2501984814,8.123838380123365
1931681182,8.076131824381898
2502189602,8.067607037888973
2092846763,8.04959002615323
1879157655,8.03735473888029
2091233253,8.03210827964591
2091980637,7.988333378935506
1932451173,7.956947218204341
2503730944,7.956217667919771
2092836400,7.936539249532412
1931635160,7.913206013465522
2096217024,7.8825201239503775
2501869350,7.877972150449142
2092037605,7.869725855555443
2502946162,7.852330361985956
2499678904,7.840054367147729
2501647282,7.815368876823345
2500742460,7.8073632142298806
2501387331,7.789569911015342
2093890502,7.769939802339081
2502550090,7.76973695826389
2499327250,7.766987666540057
2499225250,7.743394100276278
2095397854,7.736902523215995
2501849684,7.691482681478097
2501247791,7.6519144130501635
2092011654,7.631315028059241
1879135974,7.578766100999071
1934298125,7.578150114383041
1931653711,7.533888829448858
1880476214,7.527453539267956
1439384105,7.525194521673969
1879796211,7.524548401443583
1933516382,7.5159011047900695
1878581697,7.497702655539043
2095416123,7.497267709386487
2501083502,7.491870633940287
1933580592,7.483918471184364
1434101331,7.479989257274253
2096192761,7.454135513355303
2500173540,7.430571003722362
2093897572,7.42939122054018
2503614080,7.415002504925241
1879829054,7.400173456992022
2499252610,7.379113004896896
2499278381,7.376937984602798
2503706070,7.371816093244446
1880495925,7.344411705741219
1879144040,7.332761369253028
1879232687,7.2994767192214685
2093045167,7.293320843487581
2501600154,7.290552844519567
2094593862,7.280722938435267
1879809500,7.247291637339199
1879152674,7.235175480680402
1879884332,7.232623161084155
1880435071,7.219973777628499
1880500922,7.1926051538429645
1880483890,7.169408973316992
1930986447,7.167693044674491
1880485512,7.152372234316245
2501137482,7.089448638656176
2095342650,7.089131800441077
2501105680,7.070443111215999
2502655892,7.062203503180585
2501997684,7.010514581793366
1434058297,7.0099964504977175
1931608205,7.001416066339212
1433536422,6.994137362059626
2501972181,6.993009915717101
1930178401,6.991789132316701
1878576931,6.982362624159958
1930213147,6.9720232361178525
1931670162,6.92746791322409
1933509027,6.898094361506091
2093854050,6.887710488516889
1433066175,6.87808212122988
1879159682,6.820613230897607
1879202903,6.812088547530406
2503387512,6.811615895926042
2091257375,6.785736292007574
1933504941,6.712557852140366
1879858492,6.70727192368652
1933496767,6.678427839993432
2095353882,6.666398890326666
1878598662,6.655775774098794
2500108750,6.5878836403448275
2092081557,6.549987689357495
2092848593,6.5432844952605205
1879828145,6.527325406179664
2096225232,6.4768165201282475
1932544055,6.474708641129102
1932529424,6.47309739981471
1879820652,6.437379140274388
1879888574,6.412941695062205
2095409990,6.380203604132899
1931686017,6.369113122176046
1879782177,6.312971482939872
2092900257,6.306648841938868
1931653523,6.245702009918926
2503875614,6.241933719081663
1930192287,6.2236066164102475
2503801560,6.2212904255652415
1933539210,6.2118612702920935
1433540682,6.186278100892057
2092766434,6.157888811411375
2499894410,6.144369545637877
2095488680,6.067230450417984
1930137001,6.066261248081446
2503781934,6.03943800501003
1933525284,6.0259563106114475
2094574934,6.017171223188891
1930981623,5.975099455803127
1879130027,5.973571810916027
2501084820,5.956167797157676
1933516945,5.846560357691976
2499401532,5.735895765196513
2093864801,5.70126180299233
2092834967,5.6940626444798
1930939512,5.66115152606235
1879185201,5.651782257602952
1879125257,5.6473772031579985
1879163690,5.632968051424998
1933561047,5.629812353211568
1931007301,5.559845108201916
1879223355,5.558709493152855
1879787230,5.542243765322622
1880472362,5.515570069464147
2092843623,5.495298924099381
1930166017,5.488795552744392
2500289942,5.481597836441843
2500431790,5.456821525638615
1931639655,5.447240003517583
2092833410,5.41714906809746
1931695603,5.401782854551275
1930999725,5.3890823718637115
1933571484,5.247045431379991
1880507192,5.227152951829319
1932625971,5.2049193634658355
1879861654,5.197917848594209
2500949670,5.191207835856893
2092004764,5.185593142956327
1879854952,5.180221752097721
2092781454,5.119726508940062
2501903510,5.093473033572113
2091963423,5.093093849315494
2499627434,5.0894195428211235
1930170175,5.037241502096019
2092035125,5.008129593877341
2093875080,4.997178998885347
1879857592,4.9445543137614205
1930983107,4.938136073349268
2503721670,4.912025740770183
1931007702,4.905477368366837
1930964742,4.901707521973059
2502850787,4.896508719266103
1931625193,4.894001607802567
1931614960,4.880018162736986
2499670200,4.873372243884091
2503181132,4.8306123617271535
1930969647,4.825264968705934
2502798614,4.820518829710643
2092055212,4.746651713582182
1930188773,4.736920583979355
2092845101,4.687389953269181
2502172155,4.640462680173986
1933535043,4.640296368521335
1932518294,4.554789103157206
1879242840,4.5466183843821595
2499337394,4.525840092977456
2091226041,4.501912807326092
1434396997,4.48674881702855
1879825792,4.47761541917181
1879241994,4.476398610452923
1930955110,4.468762581777084
1879889292,4.465980494850363
1932496987,4.460770771417285
2499416443,4.420810348109594
2501313393,4.407191407390318
2095453584,4.389413613548292
2501639274,4.3394591449405375
2501037764,4.3338687671609595
1878587424,4.309185763625302
1933508182,4.3085619839374525
1930939385,4.3018386739465555
2503697704,4.27177458623923
1879191175,4.266557609066051
2499571614,4.229551171509208
1933505705,4.224781567232753
2091254467,4.1874900335062755
1879787604,4.185372760672672
1880445302,4.178977225579359
1932635287,4.1634329667266385
2096189110,4.158139956492722
1879160037,4.154187365936769
2501598005,4.1459198717830725
2096226142,4.1031741003370925
1930166371,4.096504728942538
1930144851,4.078426874819835
2499619937,4.068618948113221
2092956573,4.062923282198436
1930216093,4.058405693733078
2501067452,4.038946026720548
2499313470,4.0207559979626275
1879222304,4.008520163740975
2500864964,3.99821366794644
2501372450,3.997670512917482
2091260015,3.9491464000105516
1932562641,3.946662320139498
2094622793,3.940268680098093
1930937163,3.9338511529478692
2500594534,3.9217457812269685
2500566270,3.879763139953143
2091955927,3.8518027812075917
2501935887,3.8383527402428284
1931695922,3.8348621286390205
2096260444,3.813925555216894
1432717803,3.8118436866572214
2092016344,3.7980341814545664
2094565175,3.7846698281142332
1934310327,3.7810928720400243
1879794433,3.699164783538336
2502909394,3.68636436263225
1880425714,3.683091789836754
2093087693,3.6494717710890976
2502455647,3.6349291246850512
2499372704,3.617474898395157
2500981702,3.5972221465848087
2093882642,3.5690388064398357
2501822534,3.5007163151615996
2092054787,3.4822189684738314
2093940752,3.454476073460131
2094632774,3.443257056130287
1933530363,3.4051114144757753
2499278701,3.4011228794879846
2091241523,3.3680657641210447
2095406634,3.3654096139596783
1879807693,3.3557187241197477
1880476657,3.350115277657362
1433560262,3.3410644338691586
2095440244,3.313820269382243
2501332462,3.287907194011569
2091231384,3.2659881730965328
1930993201,3.135912271243674
1930987015,3.124663277953733
2501735680,3.112161843001578
1933495237,3.094983876885938
2503874871,3.046831899420462
2499617080,3.0447658604813617
1930986005,3.0345977692425623
2502280120,3.011807384002134
1932503285,3.0021948440666293
1434276055,2.993017961898836
2502026574,2.9814934311363155
2500269110,2.974208107164761
1880441582,2.9590477891250777
2502759577,2.9386367803555995
1879240034,2.9271229819053874
1880448182,2.8773152524668983
1879195522,2.87563344430255
2499699754,2.8397760967179804
2499859982,2.8241115623120328
1439489482,2.816154847652533
2502955270,2.7909876698783895
2499689910,2.7900322456769944
1934324004,2.7248946057354826
2094589934,2.714369960665512
2094578404,2.7140899794803066
2502420660,2.6924045934782375
1931017850,2.611059569842822
2094641604,2.5886185900840983
1931687151,2.5734777186666236
1879215667,2.571050524188389
1932591132,2.540354110030547
2502736185,2.4566741242786425
1880510250,2.4533120314114982
2499780760,2.447247352245128
1879244874,2.4236241385748496
1934296573,2.413285016110123
2500185892,2.3934085805356933
2502091300,2.3668115571719164
2501706190,2.3584265648458964
1880482667,2.353661898156907
1434707841,2.34751914602813
2093071201,2.3036020693356707
1930935605,2.2891298343130475
2091202082,2.275188688278948
1930974137,2.234952637734907
1930202531,2.2300288016741696
2094649562,2.176135468725657
2503628434,2.1683021359381502
2499312354,2.1664914846108827
1933595357,2.156563137703251
2095353392,2.1232374190140693
1879810977,2.1225404234140397
2500961214,2.1184579319546737
1930969745,2.113724027345867
1934319377,2.1073645254706146
2502559843,2.099018851577339
1930169233,2.0757266500932277
1439534114,2.06466339495197
1934297453,2.0598177926559176
1879231327,2.0347375719709415
2499886002,2.020706888845587
1880437670,1.9834350806922072
2503471987,1.9527515176720152
1880479014,1.9357147565055897
2092080231,1.9163782013480768
1930160675,1.8888469493803162
2500597742,1.8845597690722182
1930215441,1.851379561225662
2500252480,1.823978926058696
1879878382,1.8036513679958954
2499762930,1.7495991361795233
1434688680,1.7415835972952638
2092797045,1.7406964517439292
1933546087,1.7326011096434482
1932512871,1.71799805303164
1879217884,1.7000742448850539
2499232910,1.6678600532998802
2499702803,1.6670670967140104
2093093094,1.662882550059476
1933543481,1.6274735386689503
2503885802,1.6222185663679283
2503069673,1.5813121117719335
2501097014,1.5468335877048762
2091993497,1.5307267551402655
1933572800,1.5089563813353517
2095441474,1.508702174921721
1934307130,1.5083729605669993
2503678080,1.50769908672009
1931594057,1.4705691671637955
1879835964,1.4643771089396809
1879823051,1.3794866287148957
2503624493,1.3671117017512175
2502524632,1.3634702939412298
1930993521,1.3323626852712747
1931644251,1.306053282255309
1931688383,1.3004508056266064
2499558370,1.2744429695187474
1930180411,1.2351895611722248
2093016204,1.2291354014874254
2499593254,1.2010799398916787
1931676901,1.1691080242675027
2095439577,1.166893794159638
1879126680,1.1429695470140988
2502718800,1.0808699461770979
2092088124,0.9429153556128893
2092028927,0.9335076195386687
2501467152,0.9087806580913362
2500829892,0.8844055383145629
1879874324,0.8480782611609599
2501573235,0.7607826828752531
2502519273,0.7266692610232423
1433212563,0.7253528219238332
2093853430,0.7139467552087164
1879142951,0.7099553225598817
2095376487,0.7000965032551736
2503068864,0.6800076575639894
1433350923,0.6603751906593435
1931682197,0.6366908126787688
1930930971,0.6340586439997409
2499616520,0.63364398749145
1879192224,0.5941600951254684
2092921521,0.5677797015932009
2500857874,0.5501123404468085
2500990120,0.5265069686771899
1879806622,0.5162215488131595
2501208250,0.49772457477650756
2502214751,0.4974259263489143
1933591622,0.49689449621070103
2501807622,0.49327554593489553
1880483383,0.4815075308477307
2092757155,0.4618932612788361
2502485307,0.4521680107813014
2094580687,0.4497951954168175
1934320245,0.42250564223634474
2091971523,0.418731637857108
2093023244,0.4140352374697809
1880533134,0.4090744016692777
2499346223,0.3963530096554305
1932637481,0.3776103239357784
1934307703,0.3641569335204997
1879128362,0.36150662651276233
2092856491,0.36005610252223874
1879871287,0.3484922628723123
2096201335,0.33117438329767135
2500283183,0.2971284658841541
1933504091,0.2896538375023058
2091222152,0.2751379472503775
2091246527,0.27366529025269165
2092026823,0.2585195712436127
2501008625,0.21179045035824487
2095365521,0.1913015486561624
2502397640,0.18342068307927667
