user count in community:3009
Topic id:9,Representation:0.7402313108613092
userid,score
2502972784,174.74525650721742
2502453835,169.78807378395905
2500117303,163.68523175269078
2499368071,160.5219266329865
2502294870,150.88490059284115
2501950561,146.89595653584263
2501669253,144.73380089973702
2093091603,144.65644501135523
2096202780,141.38026132889775
2092852901,141.10681427101952
1930982315,138.9213761666231
2095450235,137.38900574339576
2499476163,135.4922723895084
2092890315,135.4212766121556
2502746283,135.2379568591181
2499718200,135.06558759373084
2502193122,134.938541102781
1933501672,134.4249003705769
2501473964,133.52590097655357
2095402500,130.96887662502692
1931607770,130.87384930934587
2091984891,130.8360805710875
2501343091,130.82498232908014
2500342980,129.60777444365303
2092768147,129.34581412877424
2500178713,128.4452807261003
2092000993,128.44386055831941
2503210297,128.08259005597805
1879861454,127.84198562659493
2096244485,127.80023548186635
2091241342,127.4028222922082
2091995703,126.75025605895202
2501792972,126.67895009186498
2092824144,125.80539981643868
2503739834,125.57192310613306
2096218634,125.30324170772514
1930172525,125.1107191277873
1880434252,124.92291481186152
2096259843,123.72143159232647
1878587233,123.15739944424752
2502919853,123.00664161114977
1930174345,122.99438283623952
1879184517,122.99424068761579
2500866724,122.75834458786844
1930253957,122.61685667247704
2092914461,121.97449162782904
1930229825,121.67564719661783
2095463592,121.57767995772035
1880536125,121.42108980061933
2095456702,121.01451929336821
1434718541,120.99577934246526
1933500587,120.96147235125022
1930985463,120.90647188579709
2502927371,120.53786375654809
1878584035,120.19458806388789
2094650971,120.1213241006765
2500109674,120.06310948580895
1930222465,120.00454548919434
1931666521,119.86525328104554
1427862181,119.78077696440332
2501179443,119.66077693460467
2091212663,119.64842257851548
2091962443,119.3237630075337
2502824085,119.22384951473641
2503819547,119.13302389483592
2092069575,118.50449530043943
1879868534,118.37898231039787
1879904025,118.17901948728611
1879911894,118.05815382889915
1931590410,118.03139147925543
2096187871,117.94856769203471
1880435202,117.91089084534417
1880521683,117.81056271080267
2499540550,117.80631558266647
2094610030,117.40763958052842
1879174047,117.10479982406193
2499646840,116.89950861405742
2502081387,116.85870867164333
1931024783,116.13832448700872
1879792962,116.0959621419066
1433305461,116.08852614381804
1434000397,116.03943851242776
2502643273,115.88625831761485
1879159893,115.65624736612926
1932549361,115.28870896076137
1931615354,115.13986311542065
2092833354,115.06677423392486
1880502731,114.93304181242446
2501390215,114.88667716519804
2502723563,114.71464416988886
1931627153,114.7039985859196
1880495271,114.66557126800154
2503324842,114.42661340568814
1879844885,114.19504467565649
1931620197,113.94641942550474
1427716044,113.87067346305196
2092951285,113.85622191537193
2502768851,113.76328285242208
2093003253,113.51845884044069
2092039132,113.45788244092005
2500476697,113.40063825675547
2091195395,113.38163527198324
2503365995,113.35066256944671
1931655655,113.30416164932483
2093050194,113.25301473082061
1879794964,113.17059133718149
2092848075,113.03164454401643
2091237372,112.98407308382852
1879171053,112.81425300460496
1931026140,112.7739644218748
2091982014,112.61989758450461
1879856344,112.5290440057855
1879834875,112.49787314085518
1433554382,112.05534684553909
1879775550,111.91108774850228
2091984467,111.86055928392527
1930154233,111.85074584631289
1930963823,111.7953174186269
1880521735,111.43750983511116
1879771370,111.17714409248251
1879794900,111.12004108002853
2503735491,111.09029167415137
1932645275,110.90251446730315
2092066705,110.90196020088356
2095400730,110.8044255551712
2095403241,110.40949243737677
2092038275,110.33657217182072
2092799092,110.30451023957214
1433158597,110.29797570295162
2501793810,110.14728664677773
1434351692,110.05233447815884
1932534394,109.89563638540945
1879796033,109.67136500481345
1879168733,109.43597221439916
1931631663,109.3026564481801
1932459383,109.07934543456257
2091260101,109.0742340116353
2096244891,109.00704340016749
1930978814,108.55091730173868
1930943243,108.44507498860338
1932450391,108.19184961593523
1933526635,108.17042138523469
2091963164,108.04363148547121
2502047610,108.0063864904449
2499711222,107.79593775858618
1879773981,107.61631141164453
2093954513,107.57184747712196
1433996671,107.49100314918172
2092808473,107.48101004831867
2093007033,107.47812485751722
1933572564,107.23027169967138
1878584127,107.22139453699076
1880476793,107.21284826630774
2503130940,106.77324930358249
2502140135,106.76178573471941
1433594093,106.75892939842853
2501321532,106.75368014114117
2092878740,106.49083708299112
1433057603,106.43316602751904
1879162233,106.42649571627265
1932645644,106.31815445906415
1930248343,106.17242012911282
1880526592,106.02951568783627
2502656582,105.96145920962766
1433341422,105.93961492125773
1934322984,105.6751868774871
1434392503,105.60365072839589
2091181502,105.48754695563181
1930165571,105.47750455780873
1934320697,105.47322445897497
2093076580,105.45910197668444
1879808471,105.37193866713439
1930196420,105.34144082164376
1879840542,105.22713046924096
2093860037,105.1977249051569
1933491755,105.15963252481276
1879194432,105.14063129981986
1880449090,105.1298498050853
2500127067,105.06997002541489
1879149511,104.84973283599403
2091950920,104.81249065552188
1930140941,104.80305950451489
1439331640,104.75694880597959
1930953171,104.68625961684761
1879856853,104.62966724247867
2503185300,104.59897628497257
2501582641,104.5979920839676
2094685961,104.59101128451697
1879135361,104.58586668249141
1880532555,104.57199519966838
2500199512,104.55737528668178
1880447342,104.53437645526063
1932457627,104.42307830008329
2499585702,104.04932553697921
1879843533,103.97132177832106
2094639977,103.80503086371631
2503414640,103.7310246161716
1879230850,103.66619468216436
2093967510,103.64863585601049
1879788732,103.63573671148544
1880512827,103.40845906636996
1879166904,103.32459324231489
1439385562,103.23903657595487
1930969033,103.17092597588626
2501715910,102.97811640505891
2499529310,102.97457416804781
1933575493,102.9541938188266
1434750034,102.87322087394153
1880534213,102.7984621842465
1880453697,102.7498239019063
2499601602,102.66038047861446
1880469012,102.62091692874326
1933522340,102.57078335437554
2091183973,102.27254508401424
1930225351,102.19511606746995
1931658225,102.13078596796204
2095404001,102.11657354784514
2093968013,101.93675694604937
2093083712,101.93476111327524
1878582655,101.78796342417398
1434766840,101.57117957267715
1879861982,101.55027116475087
1931641951,101.50414603303045
2503056460,101.39725072230023
1879156641,101.34077054959893
1879900374,101.08161021155342
1878577960,100.98095654000501
1932568343,100.95013108895135
2095437317,100.78818674534243
2503789574,100.76086905785363
1932505013,100.75765574218919
1880526935,100.65385632645605
1879894420,100.50350811255387
1879816730,100.48063520651158
2500496697,100.42323608359911
1879148511,100.3432093889476
1879165097,100.23755805808352
1879145080,100.14396662932357
1879806462,99.98012931050035
1879779583,99.9642880866481
1433636373,99.92237108793509
2499488247,99.84078915400293
2094690957,99.78168574041408
2092806983,99.76218901557574
1932541573,99.69072262196143
1434747404,99.68611785951016
2092025971,99.64755674394333
2094604510,99.6408021565881
2091201194,99.54434193973707
2092994290,99.47740466860846
2092063751,99.4295882250251
1879784077,99.33028011944397
1434184805,99.30224099674759
2091982001,99.20453989794734
2502668812,99.18842660504995
1879823630,99.1706542072636
1933561393,99.04633905961673
1878578202,99.04083033158408
2092914524,98.88060705353956
1433417231,98.84382090662997
1433345865,98.79927726356948
1930225993,98.75602208143168
1931011233,98.74834447058188
1879196597,98.67705142254806
1879176622,98.55991831152315
1930158634,98.53612306954037
1434510235,98.52460895910501
2500162972,98.50269895288793
1879154851,98.46981377859935
1930162215,98.42869062098558
1932548213,98.34106177734687
1427860691,98.26884703836157
2092775851,98.25837546958846
1879182765,98.24877813369463
1932542753,98.21764617636717
1879803475,98.21185853412409
1880448245,98.19955861944999
1879148700,98.19827860569087
1879840017,98.1975890718346
1930188835,98.1763556079316
2501953781,98.13299327946469
1439386423,98.1246428418553
1880512414,98.12001543247104
1878585421,98.09099282575504
2092967043,98.08580834656013
1931015301,98.0406182461816
2501698365,98.02542230934478
2502509532,98.0132108443641
2499218784,98.00571549541358
2503841962,97.98162721556663
1930945923,97.93373138987062
1879169997,97.91645995513777
2502260154,97.8962631401914
1879813564,97.79061113576493
2503415980,97.7811246152231
1434310311,97.75528034639146
1880531513,97.7202619519413
1879838747,97.69429945680407
1879802911,97.65857882923956
1879806221,97.62619425778556
1930187431,97.54230678357574
1931606564,97.47348327663272
1880439182,97.45825327616076
1434419542,97.41489148198154
1931691851,97.17400858249715
2503539557,97.12395849698157
2502731893,96.9821681895327
1930955494,96.71821034780443
1434747630,96.69321261423845
2500114310,96.63362866578758
2502835711,96.48264695963168
1930953733,96.43442742391638
1930160684,96.42386337974048
1879810073,96.34316061761268
1879903355,96.15751100369145
2095485922,96.01217643126735
1427672811,95.96192780655672
1880495045,95.95787775247337
1930990001,95.84547125326816
1931619101,95.81029268810295
1434083793,95.63718386024743
2095368283,95.62077639423708
1930177004,95.60535287605134
1433933491,95.5568480259619
1930207641,95.50738250367202
1879797891,95.48352674927649
1930244925,95.4511292215948
1931604093,95.44874460604619
1879777331,95.40476891375998
2501491620,95.34689580835764
1879232854,95.33851607060947
1434634922,95.22734448699539
1879190741,95.14570789542859
1879899837,95.12167434176102
1879835433,95.10184517233311
2094644051,95.02998963364541
1434081092,94.92742499764063
1880507755,94.88494576561999
1439362620,94.8139607024227
2500809501,94.77802320547681
1880466742,94.68785527667116
1879802041,94.67083525998093
1879189555,94.62834388191182
1879169402,94.48324298804938
2092907515,94.1068830590347
1932495905,94.09372838753612
2503716041,94.08070409892385
2091977392,94.07931502395401
2500289390,94.05888959157875
1931686391,94.03981739677955
2096238664,94.01501422873166
2499553550,94.01024842262609
1880457192,93.98950345416391
1930940283,93.9257630679109
1433764400,93.90219448821529
2095453897,93.86825379268672
1933549441,93.83037506430365
1879789757,93.82074239266899
1434559737,93.81494817410243
1433833077,93.76746806216877
1880541425,93.7596181425935
1427869902,93.68470176118178
2092880551,93.47533171501469
1434190202,93.46412270568476
1930196863,93.34380361628838
2094675562,93.30443223722678
1880440770,93.28227066307612
2091993037,93.264136010504
1879854537,93.2468343275018
2093870940,93.20241477482834
2091966895,92.76161264340332
2093046393,92.69487552927033
2094651713,92.655198951661
1879902582,92.63726099013536
1879200053,92.627652821046
1879154083,92.54939917668347
2499575284,92.45236661005316
1433899854,92.45205511519596
1879890940,92.44118485478529
1880478602,92.42619462200047
1930992041,92.40963588440142
1434338352,92.38530186248505
1930178262,92.30949965207743
2499590433,92.27353388421825
2093085513,92.27108339156642
2093026454,92.1766429671586
1434224753,92.17260582461921
2501439933,92.1647850379538
1879134392,92.08645399703046
2501465292,92.0636903437013
2499282211,92.03689531294148
1933562353,91.90557154208658
1879828032,91.8689825952461
1931626407,91.8235239912016
1930220551,91.80315040898921
1933510195,91.73651477143939
1880528621,91.6803822008142
2499486102,91.67469209155358
1439320732,91.6668632622705
1931641727,91.57321780040151
2503847682,91.52720989704386
1434732715,91.493669179639
1878580667,91.37460370291129
2499600715,91.25921789104812
2503390892,91.23261158004277
2502502294,91.21058689187076
1879812695,91.14516755054505
1933529375,91.05713718278336
1434768663,91.05229544990374
1434460071,91.02378587409677
1930927003,90.97986408191953
1880516174,90.96350277395
1434341077,90.90901815894107
1931590945,90.88886292604386
1930994834,90.82723969097471
2092971103,90.75929085291665
1879816440,90.63229043534325
2091191900,90.60728301921272
2092066853,90.59453634506413
1879195004,90.58692515736018
1878577095,90.55247213048575
1879850750,90.47246197382754
2500941035,90.45253870006925
1930938422,90.4431690669866
2093028210,90.34790819773173
1879179924,90.33675278053762
1878586877,90.3030359028387
1879793210,90.27535427337634
1880491875,90.2648732943354
2096207992,90.2621644989109
1879837990,90.12203954721713
2092963791,90.0794399235346
1434585263,90.0300320157438
1930228001,90.01857927927337
2501468972,90.01550818503404
1434510764,89.91574927929098
1930164693,89.84261280337722
1433830194,89.83529142781951
1434333017,89.7624374743336
1930969773,89.75370176643946
2093967037,89.74686949266815
1934319687,89.71346223383857
2501797422,89.68895154428483
1932585327,89.67355730200833
1880450772,89.61008152276382
1879141351,89.59941491165362
1931602815,89.53861126131011
1433665610,89.53746966062502
2095489587,89.45754043225223
1439371020,89.38419711702892
1930982635,89.36691131732657
1434498742,89.36070734199775
1434711685,89.30807832117729
1433872087,89.25784317439305
2092922295,89.23527089843799
2096247543,89.15857753833632
2501670035,89.14935433823031
1433447725,89.0181740558614
2094629835,89.001328929089
1879908067,88.84497292142744
2091986543,88.82664195588714
1932568125,88.6155223203611
1879137657,88.60481500596391
1930156640,88.56035487157264
1933505515,88.50369234611497
1433727052,88.48831875856261
2092003205,88.46058040129171
2091282502,88.45112428355466
1933601152,88.40009722129611
1433219737,88.39702173810862
2502545480,88.36678539633692
1432785024,88.25477765505612
1878586385,88.20411474455902
1880450407,88.19692736864563
2503628165,88.12865664298084
1879225737,88.10259489085826
1879768804,88.05553979761194
1433631280,87.81526838360831
1931599557,87.7923387126554
1879231355,87.79173316236295
1933502477,87.55234608118454
1427701864,87.54498766867059
1932496917,87.52869212535052
1879849895,87.51340881818186
1433219630,87.51162626187988
1434420081,87.47425042328587
1434263584,87.4586258995089
1930195211,87.40995259877164
1879867287,87.37463755769879
1434162980,87.3097895174801
1930233401,87.30440681181757
1434595863,87.23395859004316
1931673484,87.20921701919258
1439591115,87.18834527274086
1879898995,87.1865894951627
1878596574,87.1741220509504
1433481133,87.16703954847013
2502955872,87.11886048243963
1879872902,87.06883429435098
2095391795,87.05949703438398
1433647611,87.03221104491594
1434114220,87.00803895431223
2092780115,86.95530583039803
1880488485,86.91766453146094
1879899142,86.89055236488751
1930948044,86.8831102911953
1930138403,86.82497392468063
2091988750,86.82022528116201
1931672847,86.74347447710649
2092067403,86.72298975932738
2092908945,86.71769392415239
1880428513,86.65558364017055
1879156402,86.61598276656314
2095377410,86.60963010260751
2095453721,86.5097916611337
1930956663,86.48554784063809
1879189223,86.46759384203345
2502781687,86.44811806036365
1434717217,86.4366333282462
2501580822,86.43055825933516
1434421631,86.4259879818473
1880451182,86.24035382033654
1433341277,86.2377981109655
1427682987,86.22786550520547
1879215861,86.18292432884469
1434531735,86.16593203863629
1931644995,86.1163384450813
1933536517,86.08098882764357
1433758267,86.07992127962149
1432791601,86.06237834067069
1878578191,86.03685765661018
1879786732,86.00443398396635
2091252791,85.99631120711695
1879140324,85.98282235536496
1930944562,85.95164344016374
1427890455,85.94502032100269
2094639653,85.9121022269646
1879200961,85.8554192026613
1879831662,85.8204093290971
1879894654,85.81651780440586
1879134130,85.74526075657411
2094656850,85.686389783472
1931602441,85.62778417045128
1934322592,85.5714375111695
2502445640,85.45527400159295
2092958540,85.36012000535003
1931657053,85.32292395378676
2502850823,85.22663900674114
1879876820,85.20724038061418
2095349894,85.20507272980645
1880510905,85.19626136067475
1930183927,85.12616153954441
2499211421,85.09654541994647
2091956291,85.04858633267828
2093966457,85.02216940725542
1433063440,84.92732038630588
2093031417,84.85868969263181
2092043947,84.73269349662438
2094679910,84.67066465185707
1879227784,84.666446102621
1879797051,84.6474336917839
1880497114,84.61564149027939
2094698452,84.60951990665927
2503922934,84.57918988220435
2502073210,84.57904503490933
1932526457,84.54871889638372
1879193925,84.48291147860776
1933503817,84.4722113081375
1932556065,84.45872728232087
1931685907,84.42358441924353
2499230872,84.41818418590576
1934324023,84.41455626288118
1433575465,84.39244582346589
2091276944,84.32339541419451
1433714461,84.26065367254088
1433668467,84.23290303373847
1434769525,84.20718696690109
1434771544,84.16506151805127
2500991640,84.11679613200378
1930950300,84.08270865149731
1432805264,84.00002002929
2499826160,83.96424402073099
1931645227,83.93673341670703
1879194601,83.92237410072208
2501616304,83.91683027250279
1879812770,83.90443210611902
2503583390,83.84375369620709
1427864260,83.7880285494848
2503623450,83.77234760093611
2092077323,83.67005909658796
1434426213,83.66540742938774
2092884813,83.66286833374511
2095393265,83.63275899722917
1433305747,83.6184587220589
1427731845,83.56594245697013
1932453091,83.4721026470346
2092054937,83.42288165315587
2092903445,83.38064402217452
1433864152,83.36344093748372
1930253297,83.34219237842686
1879884724,83.28698508624248
1879200502,83.22772680610655
1433503065,83.22056239842927
1434491204,83.20740467396529
1933528515,83.08467835621859
2501762335,83.07946065842967
1880501330,83.0793920556456
2500527117,83.04491738720192
1878581001,83.03336810871791
2096262830,83.03015001114288
1931013913,83.02637418599217
2502599653,83.01687015435725
1434763932,82.98981760881132
1879243234,82.97287851330654
1434721137,82.92576753690773
1880494010,82.87917647299994
1930974695,82.86821229936861
1879173071,82.66632066415188
1933543885,82.5966144070939
1433668703,82.58389922211025
1432674253,82.55386392037681
1930183113,82.43158526315564
1931656571,82.37502410483098
2502441550,82.3432574622577
1433229632,82.29539010017848
1434536551,82.26111794022373
1434755755,82.25874388724407
1433691375,82.24878734667858
2501810187,82.24290431205416
2499446312,82.22036221221266
1879824034,82.20798093848009
1434137012,82.1216751441043
2094605064,82.11021036965951
1930965767,82.04379564730729
1930239843,81.81055601449572
1879880354,81.77352980257092
1879151193,81.73436769620042
1879839551,81.69021839078403
2501038712,81.65299878885952
1427830533,81.63555897840428
1434440064,81.62628748131343
1879888805,81.60962051944837
1433518063,81.57230303955377
1931610907,81.37745916815703
2095368143,81.36510254970607
2091250017,81.35155101521732
1931693170,81.29719586729229
1931626655,81.28260494310119
1930155762,81.26613633845017
2091270821,81.26454893896758
2499703585,81.23696859321065
2091181713,81.23087017871282
1930222534,81.16012889137872
1931665431,81.1159741402507
1878596054,81.08246821029378
2092996530,81.05612467574541
1879142160,81.05548093821878
2091216573,80.96845984972497
1930248475,80.90553107716885
1879223590,80.88591091560416
2092089121,80.88467112051868
2092053641,80.86998386620428
2503865540,80.869828928448
1879224264,80.85726083711037
1931002392,80.85261926031394
1930950260,80.76119702545294
1931661997,80.75802910060297
1880477453,80.7341522594146
2095378413,80.73178678211636
1879184040,80.73174835872223
1878604512,80.73060757535826
2499205517,80.6793698205498
2092895693,80.64942204696492
1930978534,80.6076538179427
2091252947,80.60328102664604
2091969387,80.58785359597408
2095489837,80.54765351598886
1933543465,80.53870463154011
1879878010,80.463035777159
1931594170,80.3830647269958
1929307083,80.35736519442511
1880526357,80.35493789309044
1932468067,80.30779764753733
1433141692,80.23020684011715
1879777673,80.21837052011615
1931640457,80.1868744513816
1434544513,80.12431501370274
2091208623,80.11995000370568
2501209342,80.04688162816201
1879805097,80.00151285508365
1434639643,79.92402528107205
2092790393,79.85497318819652
1930965995,79.79212010340007
1432947320,79.76943680872195
2092879621,79.72673448740032
1880511241,79.72199952159147
1433168190,79.68713866846616
1931008083,79.4516307917598
2095414645,79.43165248163834
1933577791,79.43083573964134
1879140633,79.39028792766777
2502198263,79.26216391379732
1932638224,79.20305134001111
2093022531,79.20222195883714
2499722571,79.16488188939974
1433595894,79.09798081766795
1932448024,78.92095864757209
2096185780,78.81645677499996
1434564321,78.80282725623702
1933514114,78.75976528908633
2499846657,78.75781865328999
2093960491,78.75086864696912
2091224645,78.73233418479005
2091246714,78.70603132687806
1879202050,78.62002968620968
1930207171,78.6067265279023
1934314961,78.60221802236236
1879137674,78.55823052454942
1434558484,78.54474898088557
1879901255,78.53297580214418
1879126995,78.44605859938468
1427855105,78.42872387455829
1931595353,78.42847759275982
1880501980,78.42331232537128
1879899610,78.41501131878941
1433385411,78.36369446924783
1879241531,78.33758193180212
1931658307,78.28642040652862
1931654123,78.2851136649454
2502336984,78.25927457006757
1933585211,78.13441255623829
2091261215,78.05315406102767
2503749404,78.04701751079325
1930219773,78.02808285711754
2094662377,78.01831929568998
1879207284,77.96531458139478
2093882415,77.92140265443113
1432691295,77.88730161748425
2501353714,77.8172939751296
1933565513,77.74398280841632
1930149725,77.65588962903125
1880544120,77.58813893425672
1879855071,77.56949807318153
1930930292,77.56812842265956
2501965674,77.55102492644602
1434732514,77.44904003232911
1879210993,77.44167636898817
1879153037,77.43161950808755
1879803624,77.39399562173098
1433294943,77.3767038604497
2091197941,77.2997169071704
2502178591,77.24029493426912
2503768020,77.23891650297743
1433609564,77.23483393218115
2502822742,77.11432423830587
2091973893,77.04061868487219
1879241701,77.01094938652804
1879828401,76.94661302045813
2501384551,76.83523308309982
1932498447,76.82432646350951
1930228511,76.7841276094491
1433562093,76.62093463875742
1880466722,76.59781037370142
2092038660,76.5542075666448
2499631330,76.5525452333613
1879844887,76.4977332082618
1930226962,76.49069447963507
1879139004,76.46975575183426
1933590363,76.43272817143306
1433935884,76.40006676095142
1879130233,76.39850450173307
1433070232,76.30379122413495
2093881290,76.29492796685106
1880438257,76.22247599777079
1879146051,76.18486578321831
2095383675,76.14542462396345
1932552691,76.1355639342107
2091978871,76.10189010824166
1434641584,76.09068938312025
1931012665,76.05420024561927
2502909364,76.02320453293312
1932603082,76.00951367635797
1931592705,75.95811050437536
1930932124,75.92178882279033
2095461623,75.84215706883097
1931629247,75.79157190529477
2091275554,75.67786594748085
1880500567,75.65533318627514
1933491244,75.63411683852391
2091968363,75.62492836464799
2500801210,75.59603726414775
1933578004,75.5770576958442
1432725934,75.56270595578273
1879187595,75.56090495358906
1434532894,75.53171896306664
2503365964,75.51544439369499
1930928551,75.51201557615498
2096257452,75.44503356520649
1878599187,75.33851646697367
2096203173,75.26650216677345
1879126244,75.2561720198129
2502635747,75.17499933683588
2092883075,75.16284692344563
1880442022,75.15444993575521
2499701364,75.0498607532141
1879770063,75.02450772168778
2091963161,75.0233688168294
1930166385,75.00560397158533
1930165005,74.9486230755357
1427758353,74.91232789174852
1880503964,74.72363670074387
1930196033,74.58790328065163
1439462111,74.50888256024402
1434119177,74.50546429469475
1879170940,74.4605243857264
1932526717,74.42200391633668
2502742444,74.42103863376379
1879797933,74.34209430665274
1879813020,74.33986203265262
1879144844,74.29772907637941
1934311923,74.235460787247
2501954140,74.22118628505055
2092824721,74.17540300407487
1878581232,74.16090970464967
2096185777,74.14442738986143
1878594043,74.13546081334496
1930164227,73.99365340365867
1434654963,73.918028742534
2499212230,73.83045636468206
1427785057,73.8169922120688
1439434345,73.81008685355975
2091955361,73.76712792362888
1931603865,73.71339676859814
1879143957,73.66337467971177
1879790140,73.65759791210623
2503516244,73.6559283428321
2502691713,73.58146724228142
2501852257,73.57899991429963
1930191663,73.54023930506602
1434066772,73.41471100008897
1880507394,73.38752810352034
1931638773,73.34889339279756
2093853633,73.34884360847232
1434228821,73.30687433706831
1880445213,73.28587381629315
1433596983,73.06410739860401
1439626837,72.9773185907625
2503803340,72.92512337341853
1931679971,72.87545992017533
1931017185,72.82306182245455
1931677815,72.79253967204272
1434029707,72.76439472201943
1434447807,72.76426138095289
2500299700,72.74183280688797
1932541935,72.67861886778924
2502731733,72.67372620608126
2095467563,72.67318212992335
1439506484,72.61608701877978
1933509284,72.58486521175554
2091250994,72.560448979944
1434182501,72.49599264351299
2092031893,72.4716293125103
1879841224,72.46948185888812
2093864421,72.40655429806893
2095464937,72.39541329008425
2095384362,72.31333976143456
1931688484,72.24535529784481
1933592057,72.19978317196522
1930141241,72.19794267242516
1434593852,72.18141862530146
1933511781,72.17009443655023
1880514311,72.16317514506814
1880459165,72.15959878046783
1931592542,72.15733210941403
1433959054,72.15189172960427
1439451013,72.03767974690251
2094602937,72.01690260447056
1930211141,72.00065356845751
2501670285,71.92817724758126
2092814872,71.92495157413752
2094676253,71.90588197528537
2503473880,71.8226998998308
2091998937,71.76605926497916
2500850970,71.76231827433578
1433606504,71.7564089587655
2503823792,71.7247928670562
1879912241,71.72126955506218
1439387340,71.68272112711412
2095399021,71.66710836224874
1879189547,71.63627227750912
1930996643,71.63520344757738
1434495821,71.54242422803104
1930940544,71.51657200718593
1933516660,71.48312749195034
2092918875,71.45650259380503
1930215614,71.35985894999372
1434642151,71.31927194633069
2092864580,71.26113148847479
2092861690,71.26093030842911
2092938840,71.25592365131902
1930145571,71.23901256380763
1879832410,71.22526639903056
1930207255,71.19572068349095
2502092911,71.06548337959602
1930963421,71.04629532871438
1879785245,71.03510270239819
1879812475,71.01319725106036
1879857984,71.00708261031858
2091276091,70.9953217349795
1933501687,70.9667794444455
1434660360,70.93048093511585
1434643147,70.91287085742528
1879204481,70.89795732116801
1930939505,70.8466472972234
1931658070,70.82858934339454
1880481251,70.81641260420966
2503261990,70.81530189748757
2500110331,70.75496405223258
1434542493,70.7515606802984
1930164047,70.71978647055103
1880476520,70.7120542405204
2096252547,70.69341084486422
2095370230,70.6848873198297
1933541191,70.64624645528383
1433943210,70.64499978025354
1879150034,70.60416016224877
1932648625,70.57449953032794
1932563445,70.57020812856626
1879212093,70.55701663059936
1879161247,70.53688861821207
2501886235,70.53479658432376
1878577443,70.50904469453025
1434730644,70.46215641602925
2501094995,70.46210133496938
1879138273,70.40698239366324
2093000957,70.40668037578156
1427716985,70.40554995216411
2094655364,70.37263876340867
1433478450,70.31159076124507
1930994542,70.30572892237218
1930183377,70.29498851268364
1880509377,70.25576112499361
1930152335,70.24215257142158
1879908932,70.22411675705084
1930172921,70.21383557883463
1931021683,70.18137889580677
2092951443,70.12469769587366
1931588261,70.05383465319963
1880535191,69.98987113864455
2501931757,69.94522136934941
1930236085,69.90281953555098
1930949072,69.89713217434148
1879900004,69.8847942716974
1880544771,69.87497959481279
1933561427,69.86823432646231
2501655084,69.83142261012912
1879232197,69.82302072123153
2094582245,69.80908438847433
1880443695,69.74335480143903
1932629414,69.68790191500996
1934302332,69.68711679497791
1932453615,69.66941078327956
2499266922,69.64036187489903
1930245992,69.53792300844901
2091214637,69.50418099625062
1930939995,69.497481558655
2095391501,69.46576753699823
1932505485,69.42209825616116
1433845555,69.4213469991312
2095474875,69.41148400137148
1934323725,69.38894244154947
1879132835,69.3794411655074
1932584891,69.34519186127308
2501749652,69.30726799036522
1434203610,69.28758522184944
2501567841,69.23981003145225
1879174594,69.23134195761972
1930246545,69.177664409621
1879843151,69.14206769292906
2502307687,69.12357822218615
1427605041,69.09148371541316
1879894863,69.08194690062471
1880511843,69.0445836198717
1878576484,69.01077469030967
2091256597,68.97899389671927
1879890220,68.92646472909712
2499517262,68.80501721598806
2092790224,68.80013734516018
2093956093,68.7868574672039
1879890132,68.77489008927446
2499290194,68.7712184611448
1930196795,68.7428958446344
1433302311,68.70812911368637
1879815304,68.6326205259518
2093066435,68.59285657432147
2092979117,68.58375178716986
1931670622,68.5483855645951
2092995194,68.54500195134283
1434504367,68.53749448314112
2092876215,68.53517087532683
1879167280,68.47772647926243
1432735085,68.41284519064162
1434193271,68.35033163177124
2503318490,68.34784806382106
1930149441,68.3078811370566
1433646237,68.27952859301001
2502078922,68.25235756892904
1879812904,68.22061032581803
1433310914,68.20682360144828
1879896024,68.19963401612627
1880441331,68.17865796302016
1879870332,68.13125537670172
2500398013,68.09346632877987
1933549843,68.08714212434793
1433646922,68.08453857695481
2094619862,68.08302710696576
2502514097,67.96963293944921
2091998194,67.92351855807871
2501943412,67.919264570259
1932500584,67.917217493523
1434273737,67.8258022588403
1933589542,67.79180893779777
1930981352,67.78977705209648
1439551730,67.74291471587861
2092825207,67.65806631780684
1931618645,67.56819678633511
1434456800,67.55730218074275
1931693722,67.52418315919842
1434139611,67.4924600028361
2501439690,67.48055704987681
2500148685,67.47074640573314
1434348073,67.44824307769949
1880451887,67.44816162666679
1879860222,67.39293466753874
1434419591,67.33534059636476
1933521987,67.32064095072516
1878579107,67.3108850923257
1929317197,67.3088876489038
1439482777,67.30751142231551
1879856112,67.2668600688371
1931028585,67.1185416632717
1434744771,67.11325988012281
1879234001,67.07374382452737
1933493623,67.03372393424065
1931013757,67.02011487709726
1878582551,66.99575190243544
1880543295,66.9789664298978
2500174005,66.97026375309288
2093877881,66.89171857260699
1434199081,66.87713744069353
1434283474,66.85865789883822
1427900227,66.7768307132533
1933497425,66.75864914236243
1879133002,66.7541284558745
1880476042,66.71935723473763
1879151823,66.68004474273233
2501524180,66.64023511040737
2502535787,66.63697777119563
1439597407,66.62614820452595
2094568234,66.6062552835213
2503731217,66.54425995197336
1433685875,66.51777515763126
2095346133,66.5077167355566
2092815833,66.4865105781344
1879176392,66.45374488700628
1439502590,66.42509809810113
2092022164,66.4135273817581
1879781792,66.41116952121394
1930198160,66.39132566650683
1879199610,66.36658033789064
2094632757,66.35344777734751
1433298592,66.35273521805365
1931629201,66.32194167703436
1879815392,66.3036013858016
2503862422,66.28630750108984
2503385734,66.27100618070904
2502168854,66.25528547746791
2499445673,66.23905842749348
1879768104,66.22755683482207
2501385830,66.15845103487146
1879848224,66.12805690554508
1880483995,66.115629822279
1434489412,66.04255560235529
1439532923,66.03089747010789
2092033437,66.00495481839772
1933511405,65.9779827723965
1931009925,65.97649431065223
1930197052,65.95595132762311
1879191871,65.93069192726801
1879882765,65.92899225313244
1930948903,65.90130664904918
1427616882,65.8743600776668
1930966837,65.86565920431222
1878603625,65.86542246058448
2095382730,65.86098144980312
1433230401,65.84521855145789
2500340490,65.72074506286954
1433032790,65.72052835257625
2499511530,65.63359469939606
1880443285,65.63088161610186
1433245247,65.59207328578367
1932522361,65.54800912117683
1879128395,65.47873283587008
1879847300,65.47295362126908
1880497102,65.45637077398158
1434138737,65.4561858515403
2502471393,65.44441365877024
1933546391,65.42545815104326
1930148975,65.3728598548878
1934307022,65.3123872881171
2500851610,65.27565560708766
1931646343,65.24540844256641
1434345395,65.18296184026735
2502530682,65.17194293526188
1879855724,65.16279411715371
1880461842,65.15054275775552
1434596923,65.0928203441003
1931633151,65.03821776021431
2095336533,65.01284258983655
1879192453,65.0024460535373
1427798572,64.99503320676496
1933506795,64.9404646033833
2092030383,64.91126231795744
1879775944,64.88599111706658
2091253535,64.88223214266071
2091191752,64.83650600803809
1432725760,64.81808763597476
1930970873,64.79531060744971
1880519011,64.79411266852568
2499874662,64.77979847697293
2501252461,64.70203763190564
1880426505,64.66340484387138
1930212753,64.62236425578105
1933496003,64.59281876220457
2503675931,64.55834697149386
2094560147,64.55370537516093
1434282604,64.5530938740974
1433962915,64.55104072708863
1878584581,64.51539080405011
2502371533,64.49856523579142
1880427535,64.49120121387153
1931003013,64.48024210111596
1933525414,64.47831336237972
1878593964,64.46513394353538
1433059564,64.34172754732165
1932446255,64.31642551998996
2503652512,64.3088114695755
2091255017,64.30600957362357
2499534042,64.2831899748199
2501846295,64.25257220114348
2499670265,64.24917580544417
1880474951,64.24195424603589
1930140375,64.24051943932493
2092857993,64.21086069348353
2091948333,64.20834551223584
1880520570,64.12035137552934
1931639725,64.01898581251662
2092789061,63.98671097584723
2095350585,63.950519249278
2499664711,63.9293601963037
1930186197,63.90603448159982
1434720022,63.89578792505615
1880483405,63.88951602332648
1879191701,63.855209668737444
1433072795,63.84607569351606
1433378471,63.82465308040726
1433385627,63.81593666768511
2092857535,63.8108647463376
1434502651,63.76647920577218
1879824454,63.724182225072454
1880459891,63.71833298276256
2500413904,63.643338759799555
1934313973,63.62854803537861
2091228570,63.61720795413736
2092029500,63.58107888280007
2503620760,63.580394892328805
1879151935,63.54948438238116
1931588647,63.548290397421056
1433228560,63.53959956207814
1879769734,63.500536379506194
1439345361,63.49981225958693
2095410027,63.48201350675277
1434508174,63.43270345492947
1930180122,63.4285243791427
1879135213,63.408782825177646
2092815185,63.35898968047305
1933540517,63.358476490474125
1930148371,63.34736212053007
2091204570,63.343540672713594
1879223875,63.27581488723722
2093978867,63.179538855461544
2091974085,63.115465893450285
1880504060,63.06818663726296
1933491181,63.04505494976665
1932428662,63.03749775941606
2501607020,62.98979675322749
2502586772,62.981528021237736
1879841014,62.957938871194905
2092836355,62.93145421166307
1434000117,62.91290383640101
1434715795,62.86952782502185
1932548365,62.84580434738494
1931638127,62.81652672762961
1932538882,62.80329053792491
2091976587,62.76943440945069
2503066912,62.76520404597352
1934322781,62.756824600074715
2093962521,62.75636754514675
1930969505,62.75167272253418
1934311760,62.71318380456671
1932452561,62.71080536153654
1878602370,62.70862120144781
1878575471,62.670774117248165
2092073525,62.66647341827679
1880534613,62.634614529237126
1879217103,62.62216001335481
1879845963,62.621369054625106
1879824354,62.62017716037475
1933532702,62.60865736895762
2499573814,62.58065932059107
1433684545,62.572687650687385
2092785067,62.55423115658064
2091204184,62.545516584617346
1932620974,62.54417154414845
1931671902,62.54360057838246
2095406713,62.539341706371154
1434424964,62.52239592997883
1931622455,62.42468171434842
1879187432,62.37878665470109
2501161275,62.31491454235499
1933521107,62.31013224229995
1879161730,62.30976440595555
1879903515,62.23984542504531
2093867161,62.10907831715672
1880479080,62.101200569272734
1434143190,62.06921597491054
1434282653,62.05609351127561
1880443441,62.053431318316555
2091989041,62.03373517152368
2093990220,62.003749822873324
2503351750,61.97975491178809
2500203413,61.972802566054995
2502082510,61.950061756238355
1879162870,61.93510911362459
1434618061,61.93487830360293
2499883642,61.91578347955539
2503931324,61.89848102741656
2092917647,61.89281581542027
2502316690,61.88991372952884
2091239712,61.820780420287626
1932470601,61.797283759397764
1880527400,61.77796825921562
2092984265,61.76963825626227
2501282453,61.75119374763112
2094559220,61.74099868584921
1433596194,61.73981948507922
1434029531,61.73148753746204
1932513320,61.716871461383725
1878600987,61.694022722049475
1434425714,61.662922691520265
2502160832,61.629385831582994
2502850240,61.61875547661257
1930170022,61.61603294753478
1931660912,61.61221739048606
2092939483,61.60854125394854
1433277800,61.599751530490614
2092087977,61.59627025145972
1879234880,61.59506752032274
1878574921,61.58413964044547
1879135231,61.57688081929349
2096191451,61.57328480913328
2092072103,61.56112744162176
1879132813,61.54140859514699
2501440053,61.526971232865556
1433601890,61.43419804988814
1930175220,61.43409110962676
1930145635,61.43033573538962
1433265597,61.32113167124443
1433135800,61.279139300791364
1879878690,61.14173362256097
1879804230,61.0748365077566
1433713134,61.071499913415074
1433521667,60.97625645799777
2502294542,60.94869222464135
2500953563,60.90473176657847
1879214020,60.8519146918406
1427854112,60.817717761992526
1427751511,60.80210087253877
1433999665,60.80123957623494
1930249087,60.79974777498544
1931592151,60.71304868161889
2500104713,60.70789260481472
1433639300,60.690779745243454
2502462454,60.68961055498108
2093079835,60.662151792391946
2096257231,60.639277487238466
2500730630,60.63384238277582
2501965622,60.61056741726532
1434022643,60.60328793347778
1432663931,60.55880136354763
1879241787,60.51926140083562
1930984960,60.51590846614404
1432616984,60.49788840174358
1880436792,60.49684430129301
2092818393,60.48483093844247
2502401514,60.46487915349731
2092991893,60.43781955715812
1439430370,60.42113404213542
2092091702,60.394762368719036
1879894060,60.35681485721921
2095453367,60.355127832085415
1879204733,60.35424700277875
1879847921,60.33616480873066
1879866563,60.3110463558139
1932519405,60.30950731763278
1934307724,60.30116820412791
1932517774,60.29819227648016
2499760460,60.27825250475395
2502452763,60.20518353588627
1880490507,60.198170815644566
1880529157,60.19442839259625
1879886464,60.14738295320722
1434366115,60.08707996212294
2501680722,60.07897870195762
1433658445,60.071292969123284
1934297260,60.01903800281148
1878573973,60.00659046000077
2092763133,59.94732998915977
1934301070,59.91238164452541
1879131197,59.905486335290895
1932449774,59.853925565414826
2499895204,59.83350800853366
2092922035,59.79718241890006
1439520395,59.79199178519475
1879811431,59.788300827563816
1434426421,59.77206603982834
2502022884,59.74655194710348
1931018977,59.73225676084563
2499241432,59.728066327531806
2095367872,59.69737729223666
2503441821,59.692747741222476
2092926110,59.68672914406819
1930936075,59.674949847524864
2092020053,59.63805843256633
2093931387,59.63068913144944
2501037812,59.5777294221357
1931022651,59.57543070276959
1880532087,59.44805071541354
2092868741,59.31494459434748
1432936420,59.294486855221734
1879190432,59.1913704586385
1434198271,59.144201898235764
1434655804,59.008907219452055
1880512672,58.94525805732722
1931692594,58.89861967948891
1879911024,58.88978176398063
1433855575,58.8638356165386
2093053971,58.827547844189326
2503916172,58.800695013736274
1880532025,58.69435682555421
1879802107,58.68352741391386
1929311842,58.65921359371047
1879908332,58.646251567781555
2503041264,58.60282231145477
1879837111,58.5552631969562
2094671381,58.543816709831866
1433392064,58.529237486253564
2503383480,58.51099465111454
1879155935,58.46764447455603
1879169925,58.445783441257255
2500185220,58.384521714880805
1880518065,58.31531521238018
1878601113,58.313552929817284
2502365924,58.30451970231028
1879802454,58.28051317787661
1432645403,58.25817064981736
1934315867,58.25391779547882
2503478215,58.24044226449192
1879147780,58.240251312004816
1434507202,58.21347933543141
1929309203,58.2021823460061
2500645250,58.19300648129658
2501789540,58.182982080594456
2092045355,58.175319153433925
1930958424,58.11483052988879
2093900827,58.09725586911598
1439422443,58.05818875805301
1879886614,58.01756727920193
1930954471,57.96888129882089
1931008345,57.93915420752038
1433390473,57.932663748130274
1879159590,57.73647710131668
2096226313,57.65166824308473
1930188871,57.631253888958334
1879234602,57.60551778711037
1879129987,57.589727615486154
2092815062,57.5888048231821
2093030757,57.54866196037283
1880513130,57.540827273770724
1433424017,57.540363672961696
1930976787,57.49268935799969
1427590831,57.47634347009175
2093937191,57.341691010744235
1879139463,57.33861462214814
1931010185,57.316148102093706
1932591893,57.30099625106103
1880502085,57.27961937086555
1433903955,57.224133255730244
1879134031,57.21225703792709
1880530547,57.20622753402585
1933519427,57.19340647193427
1433518354,57.182821278759086
1933518853,57.18063979366389
1880522272,57.16324135546096
2500552377,57.144910484931
1879187742,57.09208982042204
1930988275,57.07725883022383
1879793953,57.06642268511115
2503738814,56.971459753763256
1931622151,56.95063144392252
2092846992,56.81291485138011
2503892540,56.80564988739081
1931006322,56.79698824081035
2499815750,56.77258903173549
1930981985,56.69636014687309
2503846183,56.67602179782563
1933498845,56.67215263710122
2501244310,56.63899069146676
2503131957,56.606308805433976
2503589982,56.59046316468468
1434420062,56.53722128806051
1932499622,56.50051940282849
1880456647,56.49151891585893
1880538780,56.4315970948398
1879136302,56.428978762223075
1439358541,56.36335467600305
1878591313,56.3283338291154
1934322437,56.269755710604755
1932456487,56.252739229121445
1880455814,56.2514322492871
2093083860,56.18036958307038
1879160491,56.176960431496795
2091216905,56.15383907461146
1930997573,56.12853989166009
2094623895,56.112329271348976
2092822234,56.104410680218926
1879145085,56.0774184681856
1879207801,56.07142593764556
1439377027,56.067014604931416
1933591323,55.99631136806866
1434388940,55.93945409137863
1434566994,55.93244331187615
1879791110,55.91574599522218
1932634004,55.86968807576901
2091181103,55.76056230895237
1931695150,55.726094484390146
2091955322,55.72569972000373
2502729377,55.72077297335312
1930189123,55.684376249803506
1880494383,55.67895787864476
1930958281,55.67695738012653
1930216252,55.645550786538855
1879233882,55.57672129739604
2501392185,55.57278181343958
2091237521,55.4904511938686
2499595081,55.41453257013288
1931617721,55.40315736510577
1427699837,55.37106726701825
1434541951,55.363633989111875
2095391671,55.32804915958655
2501004621,55.26705537907874
2503575883,55.265362254606735
1879188362,55.237421947785315
1434767884,55.23665604263473
1879836104,55.15571099600268
1930999350,55.155460284115755
2499843982,55.15039632816061
1932455594,55.14486912081858
1931654175,55.11243884916841
2502895124,55.11144058839646
1930148957,55.10652559670586
1931648751,55.10229586127099
2501605592,55.04571473683582
1880521572,54.979226505480476
1879814304,54.971341832626145
1930141311,54.87973898467711
1879232271,54.87066937068675
2502892431,54.82315018217913
1879843600,54.77894617427918
2501034280,54.77233979520363
2091950140,54.76993642531594
1878582611,54.73173142664609
1932566162,54.635112924098976
2499547555,54.623295425234105
2502160831,54.61606795831288
2096248911,54.609713279781204
2093029673,54.58875272625217
2501894420,54.57681347099762
1930203011,54.539297222110235
2501353045,54.519303550438636
1930193667,54.451953405872366
1439619540,54.43309798197824
1434125854,54.41575481912439
1434088937,54.38806013896889
2092842911,54.35474236466725
2502496910,54.35225745863718
2091209730,54.344148012104974
2501295122,54.31764999220062
2092943774,54.31446463184877
1434015837,54.303388224811854
1931670540,54.250812317852905
1434559965,54.2389046281857
2499563234,54.234408086416714
2093947391,54.164939236914336
2501962860,54.163619405228324
1434704997,54.163000460156894
1931694330,54.16229492580227
1433852991,54.15223013777002
2093867465,54.14461042041253
1879793421,54.10701583156387
1879146780,54.088396878368506
2091235064,54.003867434028955
2502498080,53.95914818818294
1879811904,53.958397061160404
1434618582,53.905212321468014
1879211305,53.895495594122
1880456120,53.877821869674285
2094594650,53.870692621316124
2502349134,53.84354680079285
1879157282,53.84128080561476
2499433780,53.82500787765737
1879774441,53.7983749240083
2092998852,53.7633866643303
1933548690,53.756885006455995
2093991530,53.75154288742292
2092053755,53.729436526123415
2501745235,53.67917459214189
2091248795,53.49209265852458
1933529521,53.44482829835557
1934313423,53.42473456185693
1933517301,53.41234345322694
1880535341,53.384429089437006
2092052657,53.33007877867497
1880427695,53.31744064546412
2503180127,53.311307077202784
1439442072,53.26201900570651
2503381431,53.16534362181689
1879167103,53.15384598014102
2094562911,53.12703142855549
1434476397,53.12113089492693
1878578405,53.11806610627419
2501430114,52.9879760706785
1879235277,52.946262207839894
1879248705,52.93152681761009
2502068934,52.9156873828331
2096274065,52.87008626452716
1427851377,52.85503798296531
1880433130,52.842484937004876
2092933560,52.833674195870195
2499494677,52.80396956585381
2091250091,52.7827897032119
1932640877,52.760663900364136
1932637202,52.64015328459314
2500775855,52.610885141975096
2499732414,52.55946596288363
2096273181,52.475890409162645
2096216827,52.457639795924074
1434037477,52.39886010835338
1439398441,52.34537627417294
1879133105,52.32488366477974
1880503622,52.317796244355634
1427871170,52.31127532338205
1879905101,52.304629303684386
1932441291,52.22413744420528
1930149945,52.13332052716073
1434720681,52.056236881376456
1433711954,52.04744505840756
2091264891,51.95818643587883
1934322373,51.90506770043562
2500146585,51.88627556076585
2503079482,51.818680641986795
2092857115,51.780649188432754
2094626040,51.777976725614025
2093919637,51.7461762533823
1434117060,51.695355984651265
1427864321,51.6680796674123
2500168913,51.642325935590584
1879875315,51.61603936582184
1433138330,51.58423831190818
1878583483,51.57536517818371
1434517001,51.5364418715378
1880434772,51.53478792366463
2503233495,51.531450717363896
2503767942,51.465927968250526
1879870794,51.46135164550868
1433742643,51.44104345635029
1879203637,51.43782887749003
1931664044,51.43699115948834
1934324777,51.43269398462737
2503472983,51.393625002875254
2094552514,51.35368776969245
1933567755,51.28414274403189
2501965344,51.22312948474958
1932427615,51.20944744660121
1880456420,51.207277641713006
2094694375,51.20146342441209
2500857540,51.17672390907687
1879183745,51.144285224357624
2502167824,51.14412168756774
2503605640,51.13670314269899
1432724711,51.13600120710996
2094633823,51.063155926816854
1931614801,51.04474013773061
1427608695,51.02538520188904
2092892404,51.01621336189193
2502106120,50.97285732317886
2091230723,50.966962041306395
1434289237,50.9488456106211
1930228834,50.859475602993015
2500266107,50.799550600475804
2499729510,50.7928350756913
1931026637,50.742476262414854
2092756995,50.680028148932166
1433068453,50.66618397361543
1432836790,50.65276929157842
1934312607,50.617447661571234
1932459477,50.55860219890508
1879165430,50.537698328834814
1879878254,50.50581028612667
1879130405,50.48974609567017
2092999530,50.4254557765023
1427733671,50.38885452103398
2503761563,50.36032734625778
1439475123,50.35296894513239
1427841315,50.34342980591495
2091996213,50.270115803221714
1880476943,50.26023328663879
1433730470,50.24614441486702
1432702731,50.226659593918725
2501972392,50.217354538262605
1930970155,50.18516169024876
1879167022,50.10016667870462
2502421872,50.07747936382316
2500217594,50.06047121951318
1879813224,50.04871859974777
2092842581,50.022933244474935
1434197324,50.0116631727642
2500383762,49.97874119228133
1931674083,49.97631616550629
1434461050,49.948851028790344
1433210537,49.908109657676896
2501665382,49.871265203805926
1880442072,49.86215962773627
1879221370,49.741342879043
1930242275,49.6568180328837
1434448551,49.65230018355468
2499238152,49.640590347728114
1427602503,49.603527281675134
1879149213,49.58186215959145
1433128597,49.57272912928154
1930973831,49.56642121364512
1433578515,49.52797646612607
2094582137,49.45087034618847
1433583043,49.41628888097873
2503535262,49.39214888351994
1931008920,49.37886801034925
1427656354,49.36931699582594
2092794371,49.34345019159897
1930949627,49.32801631916293
1930944465,49.29973769183281
2092823411,49.23453462025525
2092756274,49.225358455371726
1879882734,49.2164851523144
2499764350,49.21332941683338
1879167552,49.1951227473489
1427592300,49.16870876703232
1879159552,49.09245598831729
1878595062,49.07047545413085
1433535591,49.034989807281306
2501899404,48.99094565249798
1931017420,48.90806172247816
2092050097,48.87127314075354
2096212252,48.80865442705975
1432602970,48.77106529570965
1931668791,48.715973340761494
2503329080,48.65167255091967
1930198071,48.639243655442336
1930238760,48.550159172655206
2502668945,48.541835017378794
1930227733,48.51902789914381
2092913191,48.51211256083068
1434054744,48.47739600195945
2092775241,48.45301575717491
1433043994,48.41247126119866
2091269851,48.304582226226294
1880523237,48.296351318630414
1433875892,48.292738641826716
1931688311,48.29105645706689
2499236320,48.27441143293055
2501282543,48.261280978822725
2501496503,48.21575536031642
1932500973,48.21319858431579
2096272905,48.20242829646292
1931028313,48.18448947582547
2092083621,48.142768041311136
1934309274,48.10233649779662
1879872130,48.098187450264724
1933565622,48.02188648923694
1880505975,47.952173240047124
1433800261,47.879359446149316
1933511611,47.842924795503826
1433144307,47.74811563242924
1879231743,47.693886986612476
2500155602,47.66116860682774
2094577274,47.65979604710525
1433467250,47.65169117058024
2094676837,47.630999633142636
1879176385,47.55500529069913
1932461857,47.54297102165679
2094584252,47.48814096527438
1933593281,47.48605514511648
1433300397,47.46809118859732
1879183200,47.45811796085485
1880425094,47.45421480439074
2092922662,47.45335354507385
2500243043,47.44149754991347
1879888392,47.423656976688825
2503588042,47.40881021827447
2092897401,47.356500645032376
2093027000,47.33812992205257
1879890827,47.329761827020405
2501248034,47.312675548609505
2092858925,47.270092863121285
1879216587,47.26314979811928
1931681844,47.165303891829076
1434178744,47.15845539301795
2093061554,47.14760593206761
1879801771,47.130671918238185
2499590492,47.12152746336778
1931691605,47.089963679703025
1434040484,47.07570876361733
1879201371,47.05097141081923
2502240043,47.043376267218925
1930179875,46.96243487000052
1434539925,46.94788322954862
1879810662,46.8925500073942
2092043787,46.88909983966721
2092064013,46.87221749125023
1930200011,46.85734099333564
1931638380,46.82868008579455
1439369912,46.751992377236384
2091184465,46.74199763108409
1932642990,46.71133251674886
1930947453,46.6635403538232
1879177731,46.632099508195545
2091954005,46.593114675201356
2503717070,46.59305659823031
1879771057,46.57712520846172
2500406050,46.559416156993954
2503873401,46.5234659339376
1879224927,46.51504921315636
2093867111,46.49981300882338
2500904052,46.4997693831058
2096252302,46.45293892580271
1880517107,46.44032911230797
1878592927,46.429473368167514
1932589155,46.401711797438274
1879883942,46.34744110598271
1879902534,46.335116662767945
1433163723,46.32730430520443
1930229561,46.29949352014644
2091968342,46.28508785484804
2500991562,46.25401874702937
1880494774,46.24264191907496
2093906730,46.19739056831111
1432954130,46.17536418736185
1931622735,46.16396629571034
2091289171,46.15187362761917
1879893423,46.1380118859546
1434243861,46.13274657634947
1879150955,46.07771440786169
1433751803,46.05128282761118
1434463354,46.03276661251449
2503868812,46.02672318187755
2503005447,46.02137365331387
1433560783,45.996456603656
2091969695,45.96652881666338
1879184551,45.9571687676529
1879172017,45.9339037338965
1433368557,45.931923257721955
2503245234,45.864691540305934
1434477690,45.740618497481194
2499278570,45.72535317438609
2502232464,45.72270472102416
2499281561,45.714301378139155
1931639727,45.69888918577067
2501690592,45.68631689921692
2500895977,45.680357100616085
1930983443,45.67453642198666
2092041122,45.66813705843692
2092872953,45.65050052704708
2502139984,45.63189601623168
1880491662,45.607574248584214
1433758735,45.60173254171491
1433399264,45.57888316687388
2092804167,45.56554744439725
1433781027,45.50542663654656
2501174514,45.49300189957203
2502950784,45.473351075786404
1427603313,45.47219147800472
2096199951,45.4581034657255
2502479774,45.43084652203341
1880470582,45.4160928584425
1933513035,45.404240019741756
1433857384,45.33360116914425
1439332734,45.29675089308494
1880429174,45.284310302475454
1880472232,45.27448033977256
2501859655,45.24068634184246
2502822723,45.232669373812335
1433673030,45.15017567054329
2092866067,45.11190497234566
1879225765,45.08714657570155
1879774574,45.08593071570985
1879865350,45.04723080329151
1427612513,45.04185966576657
1930251763,45.029863836887124
1879213093,44.9509670418293
1879217593,44.94593172218913
2499412165,44.891483288385075
1930162385,44.86791829252831
1433653314,44.817341191284804
2499257310,44.8129307416715
1433039047,44.77890733595588
1930947445,44.75165031987363
2501272335,44.73742999777296
1433466462,44.694499160898566
1932494700,44.684085314029915
1433353080,44.667583337407635
1879893545,44.6675405724909
2095413343,44.66024669720269
1427893767,44.63817243449599
1434482170,44.6309793723829
2094630197,44.62959482607805
2499491592,44.606616438021184
2091265383,44.601759855558356
1434642433,44.54977355452569
2502053444,44.547935316977515
1434339064,44.47674292588851
1433657347,44.445881808648075
1879146145,44.41152925245614
1879220321,44.398297860225696
1879864903,44.352951718200714
2503380480,44.270352221300705
2094679580,44.231973938787185
1880506252,44.220665511109445
2501536430,44.15487098991591
1930970327,44.11376866764056
1931667255,44.104946708006395
1931662031,44.089716490776496
1930214073,44.039873971313426
1434527361,44.01053221077604
2093018750,43.993085566857125
1434096183,43.968115101126855
1878594980,43.946605011407804
2092896924,43.938123109051034
2092811361,43.91568282192763
2095488793,43.84134968327431
1434645745,43.77753723160291
1878584853,43.752675606014115
2093915881,43.74015402651843
1433496890,43.735136314758314
2093086902,43.716607242794225
2502577127,43.69894793495538
1933547367,43.68598129773972
1434682553,43.685129934764454
1932512560,43.67874934499949
2092944627,43.65271554033578
1878603547,43.64966391478862
2500706622,43.62573328924444
1930237825,43.46036520361651
1879783072,43.45473248697524
1434734410,43.4101136056117
2502895320,43.39420371339011
2093891965,43.37773580337933
1930241967,43.37508005424229
1879791924,43.281135711779285
2095477823,43.27483211153722
2092018555,43.22663178709953
2092076261,43.19873182982564
1879903004,43.17876273579448
2499480752,43.045976034469604
2501234240,43.01439136700058
1880511060,42.96661310868216
1930951603,42.91988489740273
2502265414,42.888124565537545
1433483257,42.79262042892444
1879838604,42.780110112805964
2095425003,42.777463558939424
2502393684,42.70438863476235
1433032465,42.674285164933735
1427757742,42.637033235772414
1879155302,42.6242208907874
1880540874,42.621627633727336
2499232403,42.617256910438094
2503018191,42.602083710498405
1433304605,42.53107111773368
1433130224,42.50874453390532
2502636873,42.471617628075805
1434717900,42.451340340347635
1434669562,42.42572080264175
1879807004,42.347817361005546
2502464201,42.27991504596098
1879168340,42.27163794923195
2093922244,42.24222410338681
1433027131,42.20779009213565
2091954860,42.19390106120945
1434604293,42.18850141001365
1434555724,42.156863811932496
2093078171,42.150886128350336
1433571440,42.133841976581934
1434452683,42.105928528812186
1879876312,42.09820732665878
1879178187,42.08861539760207
2091198004,42.08587591137458
1879841305,42.06422737796744
1434557285,42.049453927637565
2502443574,42.04616681366917
1880475155,42.031116241387316
2093978254,42.01177928924393
2503035440,41.980926856152955
2092920133,41.96004489300994
2096269170,41.90677608699935
1433144245,41.894544206043655
2095363637,41.83496104734128
2499226087,41.824368614754555
1932517893,41.82378727166706
2092876611,41.81922090120715
1879154217,41.78246303803683
1932477583,41.74611976964696
1933597263,41.73267540324528
1878597327,41.68763713316065
1433718850,41.65843468318114
1434386065,41.57149807038989
2091986131,41.495842130058655
2499655780,41.47718010939794
1434533667,41.44709568486037
1433368312,41.445297607818986
2502366982,41.439252708051676
1879155530,41.406746302065265
2095430435,41.39864202345175
1879168807,41.372946565887574
2093917370,41.37194360475257
2092821731,41.33287459761601
2095405365,41.325064356548566
1932563453,41.31984187276886
1932622561,41.318297252440004
2499646710,41.31397418014236
2093048151,41.31259451232072
1879813484,41.302988648470745
2096247613,41.28423778319909
1933582313,41.25135103439694
2091997843,41.243819923235826
1434410281,41.200888721611776
2500200731,41.17479964564689
2503498813,41.127809013885596
1433242512,41.06671556860583
2501585892,41.06504493676524
1931669875,41.04971259054581
1879203352,41.03854401873853
1932432055,41.01624143601495
2093876592,40.96591931709374
2500211607,40.81635044328599
2500265754,40.78752848379701
1434177157,40.74779403243308
2093945821,40.692590169248085
1880506000,40.6867394845947
2096203591,40.685456525382996
2094697551,40.648900725460486
2095464127,40.59302345041904
2503084312,40.566620776693945
2502447274,40.554126683115555
1879235340,40.521059365105785
2500953042,40.51198816544577
1439374924,40.496816071936586
1879841492,40.47005101355422
1433329774,40.41567896706544
1879820723,40.40997843640261
1434764827,40.40017791611071
1879769781,40.31427828114909
1432622324,40.29621190717504
1931633462,40.27845195301367
1880537700,40.27303723994383
2499651060,40.23254084510515
1880501890,40.18079032419134
1879800564,40.152530413081
2501011200,40.13505301342239
1930994552,40.1055243707057
2092863863,40.09694652427073
1930209777,40.00893789881174
2499477321,39.912311600473906
1432804503,39.886964076491445
1433075185,39.835957574877526
1879227964,39.80437809792029
1933516095,39.79540242705208
1930971255,39.737456551353254
1432662141,39.709791039497674
1878583115,39.599518418832304
2501159280,39.57397959202209
1880518163,39.57068595713195
2095434091,39.532653967794715
1878585281,39.47890626887696
1434564737,39.444384203067486
1439332807,39.418292772438626
1439407052,39.39709450381789
1434339604,39.39395425745049
1434258574,39.30638698855477
1434483330,39.28150653149688
2092837295,39.26866392269349
2499677377,39.204753417643786
1434544483,39.18373270722886
1879240773,39.18292050140305
1879861984,39.165018009007184
1930187851,39.15023579041964
1880488502,39.127929277621554
1879822001,39.11248783428434
2502503880,39.01458893992474
2501626682,38.95491744814101
2092010880,38.944294413514896
2092756964,38.913493538109854
1879174481,38.907496111190625
2093858462,38.88686539929525
1439497600,38.85231763620781
2095425921,38.845768942733585
1880544807,38.80789216932245
1879166127,38.761163753231294
1878602162,38.74678399104272
2501703010,38.71819170962559
1433399202,38.671347278147344
1879135614,38.64918706710879
1880438183,38.63628164576782
1932459814,38.54982291983264
1879852660,38.44277979502888
2091999621,38.42587339814003
2094696493,38.41327182883324
1879155741,38.40311478104042
2499565614,38.40186921211387
1427714217,38.392964806271266
2500424603,38.38496778115687
1432895575,38.364647398409495
2501052660,38.34747548548287
2503772045,38.24510291648072
2092775401,38.17122641358302
2092849515,38.0944345668542
1434452853,38.032386444935064
2095362597,38.02533627085447
1433582030,37.979445836012225
2092867693,37.929314957444994
2502648425,37.902270748381106
1879199295,37.866302734736564
1432761741,37.84305223307448
2095458867,37.78974543116639
1434758281,37.7893821040571
1879912771,37.784612634076105
1432981687,37.77362508216813
1434551585,37.74960475292536
1879129565,37.74122898893248
2502015954,37.66702845131975
2501003480,37.65636380641569
2499399392,37.63167541691379
2092803773,37.613594454249956
1434362572,37.612421891186116
2096252117,37.576010300742126
2501907501,37.56893123421612
2502478215,37.508795644980424
1879220504,37.49761515422446
1880507833,37.47105437267865
1434032063,37.44315060937878
2094555297,37.404998341503074
2093049490,37.31475140551356
1433504873,37.2752811905793
2095355697,37.23026827553304
1931593950,37.124551507073825
1879858787,37.024306235577654
2500298964,36.940988095096344
2093970330,36.933526110924674
1930201665,36.847081333475764
2502181702,36.7204419034857
1930226091,36.71500159579027
2094634580,36.70915385036934
1930155393,36.695431261869835
1880424747,36.597685772342764
1933564873,36.58136701031793
1439370650,36.50967809727696
1879183244,36.47707924376003
1427591573,36.45779006165459
1433393804,36.45762401472039
2499742414,36.423005609986475
1879818790,36.4098237972529
1879204533,36.39963665139023
1439498664,36.23771651430617
2500984840,36.20903879046475
1433447874,36.206544462260645
1933500367,36.19957709347211
1879131770,36.1682068343348
2499394864,36.14322843068271
2092970917,36.109947404332786
2502026802,36.10100700442407
1930154655,36.09692353094796
1933526915,36.089789910872874
2094640780,36.001442576057265
2092049037,35.968145280191806
2501726952,35.96454468161292
1433134215,35.91041786661542
1439584702,35.88254581039659
2093863414,35.859995932327784
2499215295,35.814948837268894
1930148211,35.8105906347316
2092058795,35.78403553941049
2503567480,35.67738801180378
1434650910,35.599556669271635
1434660721,35.47260251172634
1434093435,35.457283101880186
2095461514,35.44074036875233
2094670014,35.43352605655872
2503549720,35.389510544110884
2502174845,35.37487845326658
1931636617,35.366217683000045
1933521051,35.29306974986529
1879198502,35.261004651445525
1433430875,35.138748053498446
1930976177,35.11535192925622
2094669121,35.1097773118787
1879789970,35.0766278469537
1879838192,35.0138246103992
1879154673,34.95117992161524
1879153543,34.94750221110052
2500961500,34.92266207312562
1880514180,34.90671425927526
1879146667,34.85734536219113
1433539910,34.75486946066205
2499805230,34.74323704017706
2092903047,34.712792701137055
1930222963,34.658475806371534
1439615295,34.63926855596603
1427835531,34.559117645964726
2500192650,34.55783439279978
2501743761,34.43426883377183
2093905824,34.337417610486135
2093937187,34.30941404220095
2502828810,34.27641390090339
1434424903,34.245926916754115
2092013871,34.226571407351564
2503630092,34.10762124981746
1427654367,34.051540497119916
1434711242,34.03059156321324
2091288993,33.979243828373875
1432947450,33.97564312013341
1929308107,33.90640963690075
2094610225,33.82354086043553
1439596052,33.801150619906025
1931639737,33.796157925158866
2092771202,33.78388259714738
2502304210,33.761124621273915
1930217551,33.710369909393734
2502647937,33.666852977815466
1880451972,33.6647911339163
1434533641,33.64552090605056
2093962151,33.645281419220204
1879835622,33.62726309195007
2499497915,33.62347710021229
2092803667,33.55964851492656
1879870634,33.55387086067863
2091198994,33.502182499900755
2093971667,33.48744216032003
1930139031,33.46010599651053
2092995855,33.45479426121435
2094597582,33.417965866307384
1434190651,33.34076343104239
1432612955,33.33086734844527
1930252473,33.317052910414574
1934301905,33.30491213958578
2500600360,33.29240805985104
1434231522,33.275965072411964
2094653980,33.24034753928338
1880496205,33.18664789462025
2499360415,33.17890155129515
2499596977,33.17742760738504
2499388704,33.111665557229195
1879139245,33.10393457983635
1433638020,33.079436495242305
1434605320,33.04445215460359
1879795537,33.01223816061741
2500183222,32.96853832277329
1932482801,32.89547932048066
1880529565,32.85253784555756
1930973967,32.84250298366583
1932489642,32.8064553337779
2096243505,32.592902191117545
2499288012,32.545288466545045
1427837635,32.54304843862113
2092011162,32.4559130581946
1434307681,32.43709519202999
1880457402,32.399417966929704
2093919124,32.390350398504594
2501296983,32.30146942507457
2500151964,32.201936280043135
1433386395,32.18728911274271
1879809534,32.13709069563083
1434731981,32.131129674896506
2499557423,32.09670284083294
2502282002,32.08346612329315
1932581550,32.074141150678905
1427848567,32.00121036869959
2095437153,31.99796486066868
1878587204,31.963248856440952
2503473304,31.95980774379401
1932542262,31.948611733723823
1879823803,31.923579275363814
2092886751,31.90922419902207
2503711534,31.865305342516283
2093876511,31.83216634108867
2499664302,31.81551022632312
1434465751,31.79666537583088
1432702001,31.74716420611722
1932625944,31.73780198829562
1930162164,31.64694109569987
1879194917,31.63955974196484
1427834320,31.630707181573293
2502085930,31.499188171760125
2503759152,31.461354675357303
1932527695,31.426155247945886
1878604481,31.40197586498271
1880505813,31.38559718644384
1434002732,31.35211632466257
2503751580,31.33074351876601
1879840867,31.305392487626218
1434402060,31.276786052327996
2501135384,31.215836767519086
2502930653,31.195900584084523
1879770454,31.186343402917707
1931687261,31.173234492631533
1933525430,31.171422347469893
2092873110,31.139074156496182
1434544810,31.124560276898425
1930243203,31.11708041423954
1433502264,31.101810878615385
2503303150,31.028361681536495
2094646635,30.99634714505179
1433162625,30.918548362895972
1932590597,30.905971905265105
2093014723,30.895986442064885
1433428820,30.886440142275006
2092787267,30.859190551063712
1879862424,30.845565512889756
1932521945,30.840761213167987
1933511965,30.837332933075
1932499721,30.806550513229574
1434269131,30.731608844723173
2502314732,30.711006861298326
1933570794,30.70534537949317
1930966635,30.694173846074847
1933496913,30.64328756786704
2499459190,30.624402970436382
1879197002,30.623618069857674
2091198831,30.539630654196326
2092960804,30.40167079150239
2501716040,30.395006449165262
1932448843,30.393331886486298
1931683174,30.353134423743064
2093971127,30.320855639869073
2093884365,30.313758109163015
2091288237,30.276869703216605
1929317141,30.26567276338104
1434145857,30.227854542444717
1931696723,30.158692164877536
1880452731,30.040296129518023
2500167733,29.861771764421103
2501520672,29.799625015877368
1931635527,29.724477705491328
1434186564,29.713883701921123
2501508910,29.683693796543526
2500277503,29.667901442886777
1930226754,29.659831017237597
2499339590,29.629704315568024
2502859053,29.52397716304467
2095400011,29.505742744683175
1434515530,29.457192173264495
2092794503,29.435391893399924
1433960787,29.432601794927717
2503564502,29.419776192385157
1879147112,29.294768644352168
1880496345,29.26023194383849
2500514233,29.17142970169836
1880531821,29.061484323177897
1934300967,29.06080347658083
2499818804,29.030970990507726
1434566265,28.96653204413901
1879128591,28.85567684042496
1933553492,28.829487105780004
2095432621,28.8030645611068
2095366027,28.792280811119085
2095431923,28.77972061967608
1433014400,28.765614097420535
1880426713,28.744509282149057
1439414042,28.703746881493952
1879230497,28.661631690921045
1932578094,28.62587530818981
1879840172,28.603691365186037
2095376597,28.443828522844854
2092058925,28.44034562123857
1879829462,28.432647566439126
1931016063,28.415674816573766
1434552554,28.399793650841918
1930958893,28.344544293303947
2092776450,28.339577292378838
1879826700,28.329284107028215
1930186090,28.28578262853065
1879887034,28.284916426965122
1879145580,28.27044126794151
2502231512,28.22530706474328
2501331684,28.219418782393653
2501597622,28.153648983058034
1932610080,28.125749668409338
1434104447,28.077801577907316
2093889262,27.981609378644897
1433558991,27.969614907235332
2096218723,27.95751573191462
2092022200,27.927035766694633
2502913592,27.920815933944542
2502235304,27.87473778166861
2500156195,27.799705448156793
2499300257,27.795970157332704
1879224677,27.750237351984413
2503851520,27.713545861291067
1434476591,27.699631090457565
1433119823,27.607356994434554
1433739244,27.524118100217233
1879151930,27.424503365604636
2501417297,27.384819681114106
2095475884,27.373006506601968
1433128943,27.30033656731509
2091989561,27.277932709654124
2501751000,27.243353795025865
1880530810,27.205798506162136
2501308223,27.20234177412065
1930175471,27.199571537206193
1427626355,27.145139786326375
1439563882,27.098928577252
2501217920,27.076911143644768
1433579144,27.073421512859188
1933579024,27.04037381817948
2501578225,27.003646732059053
1427662425,26.979202011113827
2092091527,26.959537945506806
1433710540,26.939933342984457
1879770050,26.935856246435943
1931002220,26.902151494456778
1931688225,26.863166732536147
2499759602,26.847186673888164
2091201847,26.77498895189725
1879162604,26.746846525147763
1932590544,26.710339744730014
2094594120,26.68369601789157
2092793435,26.66585973821236
1880446442,26.617680866051387
1879128653,26.61319082632557
2095406881,26.58892283066146
1931608247,26.5842415652204
1879801550,26.549413482822835
1434675543,26.524435916403554
1930229253,26.459987147581018
2091953365,26.435716993826443
2096207725,26.37628954179281
1879238341,26.34623772796885
2093883525,26.285026285928126
1434226220,26.27891035839251
1879878740,26.263498814114197
2092903852,26.141456386384455
2092022550,26.11230147972716
1879146695,26.033912265194786
2095419411,25.975828786103985
1931619820,25.947353399695928
2092017483,25.87700036714831
2502974982,25.79039195675943
1879155643,25.739236412279094
2499688291,25.669765474509187
2093987732,25.610655593356075
1880511160,25.571228519058202
1433801405,25.53322953679147
1931026347,25.475839333639378
2094584300,25.4657327620554
1433088241,25.457115509209725
2092053352,25.409510619784832
2501738297,25.381758106915523
1930224192,25.36792979981316
1434694457,25.341599812519423
1930172151,25.321343484002654
2092084755,25.31672532298484
1879194397,25.307898118102617
1931673274,25.278169357547153
1933536361,25.27560810746392
1879202681,25.24224136360095
2499329290,25.226440055635866
2503292310,25.183614249789553
2499491461,25.18029965250272
2094575812,25.096085466562627
1879882810,25.05976441368937
2096191577,25.0215893792567
1439545115,24.98348921002595
2501913505,24.975526986919114
1934304085,24.933293466576757
1932641025,24.922992093589023
2093959933,24.915208296924355
1879804590,24.906624427499313
1880495633,24.84787132837832
1879884974,24.762819723787736
2500206542,24.74780896640063
2501069352,24.69941086551903
2503911060,24.423804047737733
1432785783,24.39892456099293
1931611361,24.300661999987227
2501975543,24.201085785595712
1880538765,24.171553136322483
1933514214,24.119188708997743
2502322064,24.055628196629005
2499578592,23.98546740035005
2092844735,23.943359653861798
2502948892,23.844494848982126
2092883925,23.781663557154154
1433207191,23.774157287346647
1880500342,23.73082438608415
1932554282,23.675492313399864
1931609357,23.640447143719783
1433650865,23.559963901196898
1433397405,23.49702319680307
2095348250,23.482689800342044
1879208142,23.45122066683235
1433246401,23.441495042996465
2499524970,23.417675716247732
1880476694,23.41569477146404
1880500124,23.289100932194398
2503702802,23.28019911837018
1434675640,23.25801093295974
2093948907,23.172256034538524
1931010914,23.101400902242762
2501819030,23.094666012871937
2499486765,23.03921306623608
2092882304,23.035722621207565
1434301931,23.033749362150967
2500161243,23.01790271464399
1880511327,23.01349730962599
2502250022,22.991335362252887
1434180100,22.94621574417636
2093959901,22.923061636837893
1432866452,22.917381312654094
1932517464,22.90865547930011
1931666694,22.886322774646256
1879130384,22.87374566386376
2503191945,22.863441042479746
2093911634,22.84622820796393
1880530875,22.801702297145837
1929308057,22.635674861979602
2095448855,22.5920708322723
2500119065,22.567626091085085
2503490933,22.414583450291566
2502778782,22.40751078653766
1932617447,22.39402444249145
2502692472,22.357110148038203
1879768393,22.35641645480129
2503762072,22.31083223072373
2091972360,22.283209992514653
1434503647,22.246602732898182
2501717110,22.187979120926556
2091984675,22.185953408603023
2092957237,22.156775538556207
2093888471,22.12655745371207
1432805790,22.082276664029404
2093869002,22.04998925746529
2094604053,22.034878095375046
1932575485,21.963617515710236
2094549637,21.925215484029795
1930951374,21.89151675426128
2500881744,21.875731432044017
2092958825,21.797472054616858
2501989382,21.785727029547747
1879883812,21.766992594721852
1933580604,21.723042519230862
2095433595,21.647207814716438
1439599741,21.61600233091912
1433726903,21.523015429176983
1433506392,21.50368939346585
1433552760,21.50195351189981
2091199825,21.472137655942646
2500916822,21.42791748547708
2502891367,21.373150393329578
2503202880,21.336774572655763
2093002063,21.314771289136438
2503401552,21.267977314923293
1433472793,21.257676986715754
1433866004,21.239781365376942
2503895143,21.123848652509484
2503515913,21.07896736793159
1439427684,21.07137769110016
1433228373,21.06942252329247
1931653431,21.004370822126813
2092092917,20.961329425070495
1879220197,20.953049898308343
1432633995,20.950020362195403
2502263730,20.93197927862047
1439545701,20.79865199090618
2503120331,20.742883538865797
2502346602,20.73910745041831
1930190805,20.699865826537184
2093978042,20.675431568409675
1879145194,20.663574072593004
1434599762,20.66031303901511
2500103512,20.658053259979653
1433551501,20.58277156618235
1930212491,20.475427800403835
1879902965,20.307134940724744
1880542581,20.29111891964515
2499701434,20.285986324218285
2503561852,20.267565961830506
2092834487,20.224012263443264
1427688265,20.21071660949517
1433496540,20.18322635985849
1930203374,20.144355122311936
2502168522,20.141020096493843
1434078367,20.048639793563954
1879214581,20.00815997115239
1880485342,19.938707034498393
1931028312,19.88785999384717
1933502173,19.805562684549766
1878583133,19.75929386006763
1433346527,19.669511588685687
1931026252,19.633316490933765
1931691981,19.60877660569095
1433325045,19.60222657167365
1879853932,19.58132706480241
2501356707,19.546625525728203
2501763224,19.526140051135563
2503094822,19.49549435517996
1879892092,19.420541603139196
2093865801,19.345916446736783
2503797092,19.262289516081278
2502933294,19.21572907914652
2093089093,19.140334923677408
2093941700,19.042784200223295
2501844605,19.027941906250735
1930180117,18.95940487293579
2094641523,18.852888550502882
1427875813,18.748404315162226
1933516683,18.727929891114602
1434002060,18.708650004947657
2093084625,18.653136270025502
1433803721,18.58210161969893
1434428723,18.558252137274383
1878597082,18.548128701541074
2093011980,18.535720665510215
2091955353,18.52929449382578
2501783424,18.511253467493276
1434066280,18.49242093387154
2096245121,18.444283787239804
2502351772,18.39189605205093
2500477995,18.372546828082662
1879808512,18.322030899292475
1439518811,18.288617389751998
2500922010,18.243851142839123
2502215800,18.21072123542398
2499373222,18.166037994978677
2503112265,18.152627957179604
1930960975,18.13789755402195
2502861624,18.016778295621474
1439464677,17.837503995353128
1427876533,17.79997858587004
1434118543,17.728181046746908
2091285697,17.646616536007386
2503183434,17.63717818062457
1878578874,17.63225000644717
2502638572,17.578143752311018
1427770475,17.54493613599121
2092919455,17.446395066757614
1433218652,17.33437563298289
1434573703,17.262383320174195
2094574507,17.229674634069887
1879174884,17.198430093046934
2503074832,17.18803888517606
1932466341,17.065937299811996
1427836754,17.02778598902594
1933509675,16.990423820003745
1879790333,16.740946773543538
2502546630,16.73624221950759
2500561363,16.579346710417823
1932507002,16.550123037715313
2092871577,16.368202525550174
1879846724,16.351964302163854
1879871217,16.338907853406738
2092072415,16.303659579749162
2092960034,16.258370542141222
1931022017,16.232894797117165
2502985532,16.22691481369515
1434251832,16.2174666905094
1427840352,16.21491336763148
2092959707,16.199301224777937
1931635213,16.16714788768295
2501254685,16.165835234951953
1432684130,16.08995457640213
2503819115,16.051248868402777
2499208964,16.02353304373143
1879768342,15.994853038587419
1879871012,15.900273039147624
1931690637,15.880117365549493
1932576255,15.855015520592113
2500856790,15.803652638330673
1434559071,15.77726350821258
2092882120,15.759425141507592
2501257510,15.727490183078896
2092893880,15.510832191869447
2501895521,15.49890374160758
2091204291,15.471444143128933
2499680703,15.431149310631369
1433060821,15.359829532974357
1879836662,15.299296163834718
1933580580,15.209280562497213
1432659015,15.170714031523328
2502756675,15.119620750501047
2095362260,15.056732523717603
1931634564,14.999876014969809
2500212710,14.96530384699352
1929305951,14.917294229374322
1932474873,14.90860148698972
1930172281,14.848534448466335
1880482604,14.843038206646476
1879152041,14.783005958906445
2501955804,14.756002077656003
2503692245,14.747310013419037
2502823810,14.740055412646651
1932576647,14.729946095652283
1433472412,14.668927608632087
2502212212,14.661965623975798
2095346027,14.618632355375862
1879848010,14.572894404581566
2094624710,14.459459318203077
2501851064,14.378217757152763
1879901992,14.34230179343526
1433205823,14.30189565742482
1879150325,14.249452145646114
2503134564,14.213760677550834
2502852091,14.1750845254637
2093966992,14.153210811224504
2091182424,14.096035070827025
2502923162,14.093285025519256
1433810817,14.0436678217258
1930943263,14.034261650612118
2503002652,13.981646734656758
1933565760,13.976406265268652
2499573570,13.964510835271856
1878588667,13.947437478717683
1931012337,13.888303351872667
1433264242,13.760359051858416
1433003152,13.749255319497335
1879137984,13.71991675167484
2501819795,13.71990035418053
1932495843,13.5825592260229
2095404687,13.522167547947348
1880518521,13.483747905946847
1427880974,13.357406747774998
1427803060,13.295687815661895
1932578071,13.281677033979749
2092813173,13.221329843350945
2502339590,13.205601438151042
1432660452,13.196328263695005
1929305261,13.08937951949257
1434642131,12.893791016947212
1934319431,12.648179860889352
2502985382,12.585645377541567
2499496530,12.571310413775725
2503251084,12.51639058124132
2501140600,12.472995138968349
2092892851,12.419053735467816
1433193614,12.405518195705532
1879831075,12.40105756212072
2499311944,12.328652375475437
1427616657,12.285399120254214
1879838455,12.161759510460318
2499245945,12.093265758594576
1930999183,12.08670440287965
1879158530,12.081708127189883
2093946195,12.042734155301487
1933514080,11.964974591944207
2092825935,11.641047882596602
1434235581,11.47650982885237
1931646933,11.309497254448042
2502401707,11.293815811932888
2500295797,11.262355384273578
2502175770,11.246851072173092
1933568354,10.993533144192133
1434044670,10.957709895933926
2095372073,10.733267349493387
1434268952,10.441706078141921
2500232233,10.353365560119185
2091247067,10.328763614091317
2500268340,10.3255065490509
2500421450,10.146519767480344
2092087163,10.137997256957721
1932631533,10.04373718064267
2503492265,10.025767043242663
2500354917,9.991542560033038
1878574214,9.960830150628663
1879168323,9.921633881804018
1433637537,9.903818880688053
2503618484,9.89232458640854
1880471021,9.817386985117615
2093987277,9.692267737247093
1427751365,9.605185199312132
1879223413,9.603141356252292
1930199167,9.569036817416471
2500933895,9.527108258857055
1439521832,9.45539366001966
2499317145,9.40725212917863
2502076602,9.346739489741163
1880532903,9.315233858510517
1879773321,9.219747149093978
1880472723,9.193422603976042
2499585657,9.1760462913591
2500932124,9.061188696964722
2502841033,9.054286342094452
1879214497,9.035624945957139
2501023030,8.966233222396063
2091964525,8.898896238367573
2091277421,8.880670960424894
2501130577,8.860646618182365
2503708290,8.853075579470106
2091221131,8.784244193532206
2500501663,8.687634561346899
2095424613,8.61671769514476
2093863210,8.52301251770554
1434430871,8.468522215699103
2501005770,8.441090102608163
2095392360,8.399521095397912
1930137101,8.281815590411876
1934324887,8.232422826260196
2093047690,8.23028633406898
2501137434,8.167787191942583
2092000735,8.160883226025007
2499314952,8.121628434777268
2092885581,7.853426214541083
1434538050,7.739739939219715
1933524122,7.518273273934284
2501977282,7.462190033344988
1427620683,7.435418091675051
1932620137,7.422118965587352
2502488273,7.359422559630968
1932618683,7.350536774813215
2502383664,7.206952347837037
2499768852,7.2008588888813465
2503626845,7.1411545389416915
2092954573,7.107945690765682
2502124515,7.0237847819797885
2092029267,6.972964989866392
2094620071,6.931176658292726
2092021465,6.878629896134707
2499865192,6.8719569015854685
2499246984,6.804898917636152
2500506442,6.794835847235899
2502701741,6.670973733685667
2094667025,6.664548876014929
2502472000,6.620872818168713
2502231393,6.613138856575678
1880463174,6.578148159270876
1879155071,6.5561050643871726
2095489284,6.465952022038201
2499783320,6.445284284992131
1930137013,6.387511714273523
2502007812,6.359408239693784
1433311821,6.266991313676932
1934304382,6.134942730367232
1433965811,6.035059532696699
2502438443,5.97250003272745
2502237647,5.968456665497297
1433003823,5.954917852495249
1879901644,5.936275637524272
2094696577,5.931182591145286
2502545140,5.918695272838063
2502694877,5.918104209974607
2499634662,5.840290110408558
2502640310,5.840246114003112
2092796333,5.793357372354536
2500479077,5.773058110088943
1433286642,5.599907464220996
2092877773,5.4900556794491635
2499220427,5.3981478082449215
1930211501,5.3576598194029454
1932633181,5.2866124197858255
2500824484,5.118307611477077
2500415904,5.108933472836476
1879183555,5.082443141281024
2094673571,5.000587422698987
2502086472,4.907345719592731
1434701294,4.780069348025992
2502561930,4.694030396932916
2095363141,4.616724649084682
1434314877,4.577326220068867
1930148521,4.557324714556551
2501950102,4.485625298035835
1879908023,4.4721853932590365
1434418352,4.427190874817176
1427616842,4.3306004170289265
1879203193,4.193795296130063
1879160514,4.182551733055728
2502245897,4.093095924889163
1930955204,3.9796531252901373
2499498142,3.9671247327978385
2501734602,3.881883599214469
2501376780,3.8408166668941157
2501503710,3.793925968505545
1930175854,3.7865141608021515
2501518671,3.762241008991845
1880475223,3.749625382097112
1879887305,3.727951897300255
1931009541,3.726322374160221
2501045992,3.70744453348775
2091237704,3.701369172709042
2092841470,3.655934616961524
2096186462,3.6495064912746535
1879189522,3.6417946612097896
1879193544,3.395092743557317
2499449840,3.3464787316429288
2095368054,3.3056554180041724
1934324013,3.208333123191937
1932521001,3.18205475781339
2500362537,3.175612869808525
2499360782,3.164537903410723
2093972881,3.0808387726273505
1879844673,3.068381931704237
2499448075,2.972339745577854
2503134067,2.9459451340805134
1930201521,2.928803749420428
2501012173,2.897525491933677
2092826704,2.8043727305824535
1931633071,2.7551800507173922
2499652350,2.7383290290613256
2502492342,2.7339292527227794
2092055271,2.721183405453595
1879863990,2.6359490188030463
2092863767,2.5940437200114075
2500973963,2.5652465398643747
1934322553,2.546267310214347
2095428873,2.505218059258822
2500845293,2.485455591903606
1439393620,2.455146262262672
2092847577,2.441961788664987
1930202785,2.3628987946303583
2094669205,2.3493053653788754
1932643682,2.337282781731124
1439595414,2.3188345335651825
1931646317,2.2921409390584233
2502378464,2.229236036597871
2502099493,2.2128374213289135
1879835940,2.1702043298926488
1879208353,2.1605857066969296
1932468252,2.114119494073829
2096184423,2.1076775341896252
2095434001,2.082812570623634
2501963084,2.0696883018516417
2094616277,2.059433187761046
2499329804,2.058637481108556
1427827570,2.042497582105007
2095391242,2.0199926870300615
2096200262,1.9744080849471373
2503587200,1.951424376477898
2503629030,1.9349177633275945
2502885197,1.9320985513489817
1930982357,1.9146950287661393
2091963553,1.9055869643603762
2095451857,1.8816120292450926
1931664441,1.870924667174092
1879909450,1.786626693542133
2501550442,1.7720004037300852
2502274783,1.770642843761085
2502352790,1.7466378272796674
2499848593,1.7429133769901481
1932481550,1.7326965132093133
1933531492,1.7302225382439462
2503199797,1.7144017503920406
2093935072,1.6955809180485146
1930211315,1.6844774389784
2502511822,1.6657314763428452
2091998895,1.6487287575138045
2501969262,1.646712615893248
1934298503,1.6008438013528432
2503615694,1.5788389497510997
2500922755,1.5530140918095545
2502054835,1.5199010887901403
2500643587,1.4510786240541136
1930153433,1.4094330945989662
1933560215,1.4082528930201959
2501957302,1.4010452050468574
1879836024,1.398007218785449
2093919727,1.3923159850200135
1880451044,1.3853478218820026
1880476002,1.3740524222974617
2095364133,1.331142377033631
1880438927,1.3209480951813748
2500509887,1.2689606525616757
2503760761,1.2421587820705728
2502597690,1.1741773190537224
2502128382,1.1266944503075733
2499560500,1.1151691047904617
2501262454,1.1082781674587392
2503412784,1.076093689938615
2092000505,1.051261680816962
2499426904,0.9897429743092546
2502317682,0.9892796002404816
2502468340,0.9742301548360419
2501517224,0.9733514636272761
2500293390,0.9470662079907881
2500996171,0.9399089817993891
1434052213,0.9374929229784245
2092769347,0.8949838422150956
2092088127,0.872465210451985
2091184117,0.856733367822716
2092904945,0.8401846966684514
1427778630,0.8239736973416469
2501166762,0.8147727415820092
2092951364,0.8126594729423662
2502056104,0.7623330785106992
2503066120,0.753905876864993
2502611431,0.7396417864698707
1931639002,0.7345361931835053
2501868731,0.7284694565023158
1879213375,0.6996011493945372
2501336704,0.6928357438903354
2096237447,0.686461804084419
2093962644,0.66600820708421
2501573462,0.660928337102021
2499417155,0.653029254214351
1878601672,0.6484040989250508
2503275533,0.6474821110251289
2501923811,0.6439137835965272
1933521161,0.6166422300073744
1930987565,0.6094501012279139
2092879253,0.5870158827679056
2499206154,0.5785698157674003
2503462055,0.5762463615836277
1880518192,0.5666763522495906
2500438354,0.5558621479069968
1930993477,0.5547490644304733
2499303891,0.5528225163364504
1930251057,0.5492186926610368
1880507171,0.5349781050038509
1439459871,0.5300067657774893
2501604322,0.5259804691442399
2501833491,0.5230888522749647
1439578930,0.5227991543323356
2092972025,0.5157740730104363
2499453160,0.5121657348750424
1880457553,0.5081834646963465
2093050600,0.48049761423251763
2503626602,0.4766556941753108
2502970410,0.4731982650333568
1434635635,0.4725572115503479
2095375077,0.45350629356417665
2093867494,0.45026483874460327
1934295335,0.44806574307307895
1930220847,0.43848677404469183
2501286622,0.43512988618175946
2499441700,0.42630428381891794
2501410023,0.42325451755831606
2501908385,0.4219894847791112
2500726004,0.4203373498307837
2499427594,0.4188456163337501
1930215635,0.4159108988003705
2501416164,0.4146291446876635
2499346242,0.40540051507617336
1931642852,0.4045262336090611
2093089700,0.40336146356001523
2499448502,0.4032984383313339
1433621423,0.39908122846435795
2500655062,0.3960276187680149
2500895150,0.3957518826428032
1439414435,0.39367739476841507
2499584480,0.39049773218365524
1930174177,0.38936772634434735
2501284670,0.3873827144061212
2501955052,0.38657270363038426
2499318605,0.3844410326640718
2499506874,0.38381211366358053
1433951991,0.38287826423860816
2092921401,0.3812314760053238
2499323777,0.3786823380551715
2501016302,0.3778841999224525
2502453420,0.37532855198601595
2503060941,0.3744458262762102
1933510183,0.37436985836663916
2499859435,0.3699064323354423
1879853647,0.368741220635952
2501219622,0.36745093491031267
2502695253,0.3645915411704955
2500959423,0.3642710962569188
2500270590,0.36054369882468945
2502433147,0.3595726307632148
1930150663,0.35783465450224644
1879166473,0.34810477937056067
1878601291,0.3455242872397196
2502571032,0.3321429551502001
1934312535,-0.4331635515142835
1930138130,-4.019395471693167
