user count in community:665
Topic id:0,Representation:0.3890147101186777
Topic id:9,Representation:0.3539298930060714
userid,score
2502237927,11.193144225479042
2502871610,10.921445487982746
2502368457,10.63659943925813
2503763283,9.410116322578503
2096273465,9.28389480556455
2092093181,9.254675272169695
1427823420,9.17349166624605
2503101385,8.943995001097662
1930176135,8.681452803571231
1434757120,8.678114543525412
2503589981,8.631941925955607
2502367615,8.49600301328336
2091227401,8.371037611636716
2502041342,8.280754944167064
2500580865,8.186251932965217
1434465884,8.17638831762925
2092817835,8.140481709097983
2092942010,8.121120109863407
2092986322,8.080516900619571
2499860350,7.88722377884374
2092790137,7.808799436745261
2499297514,7.732916144031401
1930215645,7.6785841093260006
2501698604,7.606660517912203
1934298784,7.598999763273245
1932470121,7.57496642519611
1879912811,7.536436009138754
1931691634,7.519551562570056
2499428540,7.481105825353807
1930165154,7.479387748103745
2500145240,7.4020067695883
2501610264,7.3499537947438895
2503889531,7.225963548901935
1433603622,7.222085224673608
1879838980,7.167604437431443
1880498892,7.109164120657692
1434275153,7.099491945223157
1880530643,7.030164939149346
2095401971,7.006481492748819
2500682675,7.005334194590379
1878576942,7.002279187074607
2092832314,6.98409851149594
1931670620,6.9822899159652
2501091467,6.954242536800672
1880504282,6.944615824256315
2092022400,6.920236974115024
1933568853,6.835698569501032
1433874220,6.788593969447072
2091966230,6.739720654481612
2502269002,6.695842200299689
1879865763,6.689638035192756
1433237377,6.64780680479642
2503193011,6.582260542440251
1879192483,6.496321864104212
2094646703,6.441733894126445
1879862297,6.439992398048837
2501277372,6.435802246123114
2501947111,6.397658729252296
2503513380,6.392018715594431
1439612393,6.389245599598032
1934295907,6.368379703033719
2095405902,6.3024697135703995
2500910092,6.262641500693082
1880433195,6.24900388976199
1933568613,6.247864526208982
1427778110,6.213769778415925
1932508897,6.207572100662659
1433653180,6.206519891589954
1434682201,6.179442322056181
1933537260,6.173598111973454
1433105404,6.173334456072952
2502024915,6.1522952801754105
1929307921,6.120475819028392
2499493190,6.1079082924513965
1880472962,6.089127958453993
2499218462,6.0530652525899225
2092915727,6.032119470580469
1434025824,6.010395748999237
1932542115,5.991949022802794
1930209471,5.972558352723535
1434150537,5.909095091522727
1433669217,5.8961335715349374
2501075082,5.890074814356556
1439558282,5.8789358671763905
2096227133,5.866039272515793
1433158862,5.848840957844385
1879234225,5.8457214394255335
1931616044,5.791998632722887
1434105404,5.788145087326889
2095373041,5.781914128466806
2501369984,5.736686291978395
1433091910,5.733166981307043
2092065834,5.71794910814609
2500161752,5.712710595513936
2502934610,5.7085482703700965
1432780360,5.705605228764367
1434624161,5.702985090200011
1930226141,5.692630591244113
1879124530,5.68118541818011
2500446523,5.679727333764864
1433645242,5.6755954872485574
1432727987,5.671506858138814
1433876622,5.658858477125349
1433555144,5.648093583080035
1879160480,5.6467665920170385
2096238157,5.626863929225182
1433605720,5.626629482407531
2093986285,5.622025442735046
2499276117,5.603921288926343
2502103375,5.575143415347659
2091210800,5.574132976444332
2093955515,5.556152604926016
1930247287,5.520019339570762
1932532430,5.506652596786202
1434098305,5.498278430300336
1930182093,5.492822910287509
1879244523,5.460015131387921
1880466291,5.455310655681929
1933513673,5.452676908310725
1879124225,5.445570363518922
2500522135,5.4349210443640175
1932465310,5.426142547315086
2092925991,5.418159443803956
2499721744,5.397229092508516
1930216771,5.393601636518708
1879823544,5.387873597658368
1879811951,5.382900231622354
1434746781,5.38092716927525
1433574121,5.3650296859357995
2093019022,5.318978104848613
1434375872,5.314001280940744
2500896810,5.310510463706768
1930931277,5.297387073942422
1433142511,5.286652683227933
2499544204,5.285930177737454
1930170433,5.275575703887744
1434409692,5.275158685303188
1932493667,5.265570999278022
1930180307,5.2520152910533735
1879826137,5.231135016333072
2501149044,5.207116365470828
2501303174,5.195190070681238
1931664034,5.1930108441693115
1879136677,5.190341943525007
2502468280,5.165013964165974
1878577927,5.149556311289791
2094671105,5.133163314998695
1878587655,5.098646358696775
1433472964,5.073171725499061
2092067001,5.043879717392647
1434103644,4.998805189819283
1434434457,4.973352927602705
2092775787,4.96751476832701
2091236781,4.951229381505673
1932482165,4.946257294683978
1930253155,4.946132691763074
1427763725,4.921741304996781
1433639712,4.902615952968453
1932505922,4.899039359035869
1439456073,4.897089270518347
2502547051,4.896330379923174
1432645435,4.865697840794339
1433453934,4.860252253188245
1433135582,4.852833179641495
1434221621,4.834182005542683
1427743413,4.826206030920562
2091197675,4.7620863174086985
2091202565,4.7495485298626114
2501857814,4.741611499079005
1932462435,4.738011652030085
2503278492,4.721632995377819
2500972744,4.70669593939996
1439316504,4.698705556965855
2500319487,4.698642654573298
1929302403,4.697026404527854
1433355884,4.694253950613035
2095339303,4.689719090296128
1434527732,4.677073272389546
1433545233,4.6391827404556985
1931646127,4.628800146647215
2502022563,4.627254985054701
1439375430,4.624736794631122
2095468952,4.622123310043493
1427718637,4.594727601250181
2499522487,4.586445391441025
2094570007,4.574911457430321
2499463584,4.571244555054954
1434053521,4.557140430077666
1439503732,4.552054335032548
2093936937,4.545697649948196
1879911341,4.543408959828085
2092944212,4.541745576310221
2093895642,4.526531516892767
1434170697,4.512661168820214
1434370320,4.502678272465435
2503547500,4.501833226439595
1433595587,4.500877042499518
2092019887,4.4821470453495715
2096203175,4.45522660170027
2499213580,4.449496311644053
1878576610,4.419225987934928
2092956663,4.41491492450958
2502148720,4.396898147571164
1439625305,4.391731638180129
1880497214,4.390571197379595
1879823515,4.390108941967908
2093950760,4.382734171391652
1432655664,4.381394103127872
2502092437,4.3704671633994145
1931022777,4.3690126734203725
2499739313,4.3657210215659035
1879876034,4.361562718929957
2092005470,4.346413016155246
2095389374,4.338718954413585
2092002925,4.3328815152797855
2499412972,4.317177525052095
2502914017,4.312699386660141
1432974172,4.311140169205984
2503469850,4.305615413162081
1932529017,4.305111983684868
1879798434,4.2856675365141665
2095344835,4.278035625094814
2503110377,4.272858332081434
2499331070,4.260894454850519
2095448302,4.251409463999361
1931622005,4.236442031373969
2502575757,4.228953908085452
2094677365,4.226655879350864
1878578683,4.207986773135898
1432854021,4.206140522285956
1434454671,4.194778217611654
2503901890,4.174260012152002
2501760072,4.160565042983666
2092847721,4.145445372722508
1880431174,4.140060342540016
1879244590,4.126196994231888
1434698981,4.11161476728021
2500416025,4.110166951703739
1432921335,4.096492678053357
1932584077,4.094861455902126
2501849394,4.078600881968846
1434173303,4.051125242006169
1879210305,4.0497812099100265
1879172363,4.030883770144891
1434681592,4.020628402232784
1434595612,4.003028103687374
1880483622,3.9866183780205526
2501068090,3.9733528370124533
1879804595,3.9635036703293736
1880466211,3.949491719379157
2092063477,3.9284692715034355
2500957827,3.9248595199388427
2092066125,3.9088381286774334
1930245727,3.908087287910158
1879848425,3.902791370053696
2499577440,3.870521428509279
1879861867,3.8551233075806333
1427723110,3.8459965925595325
1932639421,3.8429580963489958
2093065802,3.8338108689603825
1433323862,3.829201414336784
2095456105,3.822220482312198
1878592112,3.817960851578805
2499247624,3.8136805158663214
2092832394,3.798615370451514
1427617877,3.788439285012922
2500347237,3.7846455480572105
1879229867,3.780331117377675
1433801845,3.7775078836841955
1433125275,3.776723854180868
1432820162,3.759610352359319
1433215493,3.753458776252553
2502096164,3.7447199553681774
2499761712,3.7149089119492134
2094615401,3.6911068967220544
2092064654,3.689496325600218
2095379051,3.6869069285503775
1933513103,3.67153591089851
2091253160,3.6519565990780256
2503431190,3.630993871037578
1432614015,3.6259522562756907
1879171964,3.619383982979283
1880518477,3.6055747106545195
1932651784,3.60168111939005
1433219794,3.5940964603558037
2502365680,3.593023577889659
1427683122,3.5928505130497514
1930204877,3.5778564204388874
1432938931,3.57731680891014
1434419811,3.5735359970569496
2499301170,3.559998460892755
2501810390,3.5470772436190723
1427733824,3.521312750660792
2500973460,3.5150374406085856
2094659371,3.510157827342881
2092040310,3.5071617399263175
2503647720,3.506643855813503
1439606430,3.5033681145488367
2502935580,3.4944105410346675
2093907865,3.4939667430460455
2091271812,3.4789963593376103
1433469242,3.471853529008639
2092068657,3.46915242520698
1879884032,3.436658391181874
2502021250,3.4335458437149105
1434256870,3.4206672502097932
2502073675,3.4048599214842237
2092062827,3.3894598425338094
1434371363,3.3831907451223477
1432850304,3.379259853651134
1880427971,3.3730367825966576
1931643020,3.36066486330874
1932435117,3.3581257895930863
1879803764,3.3564467358023444
2092887923,3.3453219934825222
2096266562,3.343674788591031
2091261752,3.3425470975753875
1931618811,3.326727885114124
1434475192,3.306870181128571
2499289927,3.3000188652598634
1879132660,3.287560558213424
1931588805,3.2557862363381727
2091248804,3.247339965401091
1427603034,3.2389137372681285
2091968752,3.2384358527335757
1932493733,3.2170108201502705
1933585883,3.2139750249173753
2093089071,3.2069686849316597
2502089410,3.2054447869397356
2093092247,3.20482516623895
2499674857,3.184095030521833
2501848827,3.1801579169852188
2093092390,3.15523412546504
2095378004,3.110280290886522
2502030691,3.1091966047594917
2501801972,3.0995610800813687
1879881704,3.0991919046740266
2502675917,3.093522297229181
1433953135,3.078642187768967
2502049552,3.072277430583741
2092770362,3.0608895499731275
2092942884,3.0402422792541293
1930190197,3.029026559875673
1434492110,2.994085497558207
2500971053,2.9595199807442887
1930217913,2.9476138414659188
1932528487,2.9469883455724064
2500147711,2.930654244629156
2095349422,2.8944002674048757
1434528151,2.894088137156782
1880504970,2.880137213014355
1432914911,2.8718998847865764
1929313661,2.8668177012131464
1880437117,2.8538492611736213
1879237691,2.851122894411283
1433575607,2.8473801071133895
1932653043,2.8334173364757556
1439333891,2.8295512916895476
2502662673,2.8028639821910195
1434682307,2.789440052721569
1931645105,2.7838718883228273
2095348484,2.781631235026009
2503750192,2.7744262092536
1439558741,2.7602228172935215
1879171703,2.7561170050704336
1879126040,2.7509277332632225
2500585022,2.7212392242946413
1879812094,2.695988568958064
1930156691,2.6939356605492
2092802794,2.6929154277934995
1879172645,2.6912425319799698
1934312014,2.6856706844289535
1879843593,2.6848130648835675
2093050347,2.681953592513004
1879241163,2.6742680929724054
1434271175,2.673989631914602
2092902285,2.6641370841237273
2500308852,2.662323675475509
2500389553,2.6583282620978634
1434490112,2.6445842766801326
1933574671,2.6421254796799905
1931026877,2.633406645825855
2501861542,2.627157187268762
1933546200,2.6059728138080898
1879141490,2.6029594373403633
2092062134,2.5927150520618714
1932603692,2.580679612253947
1930241761,2.5663127293692556
1427772955,2.543964059330487
2092008871,2.538320992614861
1932497115,2.5311348772447655
1427756644,2.5240467155366986
1933497437,2.5186119336766355
2500487107,2.5045516034461297
2499806153,2.4913036927564103
1433817424,2.4901907045156793
1427799307,2.4855699053763347
1931013184,2.4842007887364823
1433416121,2.4709689298235937
2503380151,2.470896610677957
1932616481,2.465929079073586
2501960571,2.4637428259012544
2091219055,2.463286508615033
2502453430,2.4609483639485834
1433818842,2.460361150743994
1879161390,2.4500687254495777
2093857044,2.4494392449132567
1879811190,2.4398259782950737
2499503285,2.4320539059031248
1931592161,2.429966862033921
2095337601,2.4140111306738063
1879156962,2.4105562601588524
2501007541,2.3915916279378457
2503769820,2.3908438451057203
1931667907,2.3842881753528316
1930950261,2.381846597329025
1932577857,2.37377257713449
1427593052,2.3573395681705205
2499269440,2.3372789934438507
1932434035,2.3304051053258608
1931655571,2.3241820076671225
2500767104,2.322745701796623
1434728167,2.322353996471106
1434134055,2.320798863436741
2499819592,2.3186952074357934
1879235833,2.310331505892602
2499535077,2.3089596208340777
2500759554,2.3082003748437723
2502255860,2.3064342281423755
2091229303,2.30554485993987
2095447640,2.2965194985835664
1879161394,2.291823559011638
2092051754,2.2828868125608497
1932462110,2.281164183814898
1930944447,2.2809644384657712
1433147821,2.277381931546511
1931646514,2.261954476685646
1879857292,2.254948688178752
2501428564,2.240301239744932
2091282032,2.2385001805061115
1434670014,2.2229617047753214
2093943487,2.2132117724588323
2094638767,2.20501400485469
1932499902,2.195691097965886
2092882334,2.191344953502519
2096234531,2.1725129225831745
1931674885,2.1699963947891514
2502706423,2.159490025763771
1879243473,2.1551500513587114
1879822735,2.130527773628863
2095493951,2.115852191783656
1930935654,2.079100877667709
1931597893,2.0748957532667953
1879905425,2.0654634648219874
2092018050,2.0496733888195218
2499645421,2.0392287504386424
2092864520,2.0327203317553493
1931692844,2.0179618887839212
1933598391,2.011931980328016
1930938195,2.0117856533576246
2500456320,1.9996233338132332
2501233234,1.9734838639737249
2502005027,1.95748541546341
1932652601,1.9210890100398896
2500514000,1.9056895582501858
2503354812,1.8959349566990866
1432681345,1.8903884185308002
2499533087,1.8754420623002264
2093872135,1.866771784406216
2092002621,1.8236135365403427
2499494255,1.8196165818473702
1932516703,1.8171489942691403
2092870905,1.7933884189582308
1932543735,1.7868338626785523
1879799467,1.7849190294223392
2092776444,1.7799201361280041
1434307661,1.7773655479746493
1879209727,1.7518492660310203
2095476430,1.7513634516446297
2500234743,1.7486341838651378
2093071285,1.7438958093025543
2503175015,1.731314234948512
2500819390,1.7235099399913154
2093984407,1.7142840206965155
1932451642,1.6995161234163016
1433428644,1.6944818659877758
2091200190,1.6925097787679508
2092832452,1.6701113510415468
1880433261,1.6436062548689163
1879903894,1.628312146520508
2503768927,1.627657679566516
2092792555,1.627628622453178
2094634373,1.612360771769275
2502567325,1.6009630339813294
2095429191,1.5963470587934088
2094609673,1.5883914005295536
2503810090,1.5882958479811253
2503187662,1.5812454469299482
1879912115,1.5781168537253154
2500774780,1.5672666072465091
2503719755,1.5613914603706172
2091258865,1.5546536151265065
1880540274,1.5526517888249125
2091266807,1.5496250002083625
2096243060,1.5361939930314668
2095430460,1.5101471333340364
1879832175,1.4927235377488106
2095391001,1.4883150487064127
1879217553,1.4841851149107796
2091278557,1.4754985574042898
2093932195,1.4561207317031695
2093943435,1.4504596955887505
2503815403,1.4443193517358397
2093942435,1.429903216291238
1879788780,1.4256302003766306
2501424261,1.4213309659406768
1880451477,1.411083384977419
1933538050,1.387306480719638
1434056841,1.3827784044433349
1434740355,1.3810413128771541
1427747761,1.3721560136613267
1433648293,1.3414486161177919
1879843121,1.3385137269501874
2500139662,1.3262982671042616
1879138105,1.3194705151334556
2502773247,1.3171681770997852
1932602235,1.3129414067743088
2500852682,1.2856751192524025
1433210013,1.2840462511807602
2501232520,1.283940570684741
1934297917,1.2759225867775963
2093070470,1.2697973188991112
2499240954,1.2678655906446155
2501558950,1.2645840539871642
2502372834,1.2401914870233277
2092794291,1.2128032153867703
2500725931,1.2047482105419929
2502994212,1.1961141707580347
2092892323,1.178445353310346
2091969220,1.1775870708419809
2091973345,1.176629207204408
1879912515,1.1589353341173152
2503056380,1.132862935033053
1930930473,1.118965343306632
2092930844,1.105466217797197
2502049053,1.1045452081338532
1433485577,1.0988748946470794
1930993377,1.0966591226320777
2503520814,1.092040018868532
2091224171,1.082112047208338
1934313081,1.0755058449548185
2501592432,1.0625355325155148
2503469327,1.0500515774102612
2500876904,1.0393578330474718
2499294700,1.0357666365793077
2092065617,1.0273352090054477
1878592497,1.024944554991065
2503345752,1.0242415065996444
1933558965,1.0166532535356119
1930994640,1.0093673423372498
1931013474,1.0045106825217065
1880480387,1.0036544725225884
1879905741,0.9684157093730648
2500215957,0.9577977674031636
2092067604,0.9361217094393414
2500128913,0.9340216206188687
1879859157,0.9318475764029686
1930249050,0.9227637332585816
2501577444,0.9007339194674762
2095377207,0.8941400495217307
1879148865,0.8915540105080395
1879133713,0.8906460799121498
2092057382,0.8624118758718496
2092787927,0.8505572664183929
1879842345,0.8344542049796468
2092932207,0.8149752173755236
2092034780,0.8034728307832154
1879128247,0.7996569670335787
1878595455,0.7964999162832346
2502788671,0.7817053123404663
2092838991,0.7678828098678973
2095395451,0.7332013206148171
1931689031,0.7329370403110547
2501830371,0.7138845248592225
2502353873,0.7009493977249049
2500739710,0.6881261930897828
1880519952,0.6828882559620146
1931024295,0.6746473689741113
2092063834,0.6445331547049182
1934315214,0.6441056499512381
1434686293,0.630743965812473
2501307115,0.6209793727347661
2096222114,0.6194881285801709
2503692124,0.5863533538118645
1933515570,0.5862207582146186
2499360504,0.5773061231835959
2500688014,0.5739242369238702
2093051931,0.5284319158311287
1930152110,0.504566240052511
2095354125,0.4807010603880594
2503117425,0.4578536608228454
1879865887,0.4518671177713331
2092953222,0.4497745392069056
1434223700,0.4184107025094155
2092034272,0.4072684902823245
2094609697,0.3887160882408395
2503846912,0.3799157711310893
2502465040,0.3761496090400859
2499817550,0.33106134178264135
2502026814,0.32799986213168664
1879847140,0.32224436405382845
2092028602,0.3181308550270592
2091981394,0.31350270075679215
2500910552,0.3045392892263211
2503058232,0.3020156479324153
2093980440,0.28803304312841177
2501378220,0.284330068185884
2093081852,0.2836583583469888
2499785027,0.2809991889020572
2500114681,0.28001705967967744
2502945472,0.27731584990396285
2499614332,0.2748235768683252
1930137325,0.26913765726636296
2503254714,0.2673632311781501
2501497002,0.26523204194648226
2503420091,0.2620956430030702
1880525774,0.2574907302510689
2501446557,0.25649528084962514
2503325382,0.25570088725994405
1879827145,0.25498999899322716
2501165172,0.2513965633711524
2500945574,0.2500547933571771
2094642871,0.2476300366316629
1879829492,0.24408717990200285
2501275014,0.24325277135163959
2092926083,0.24295341046280128
2092763127,0.24283098113524604
2502154492,0.23965633716730553
2502430597,0.23905511331645202
2500922980,0.23531740819786762
2500238875,0.23433531274707875
2094569183,0.23249974054663797
2502859782,0.23015761448390282
2499565314,0.2284390982808866
2502495952,0.22474287062690107
2092959164,0.2186036820197071
2499258051,0.21679599177724684
2501529640,0.21375990910089915
2500862077,0.2123751043026013
2093040804,0.21175489612919124
2503186207,0.21064112296159274
2096220847,0.21023125007509808
2500224242,0.20945618415570755
2501465580,0.20729794326201154
2092769611,0.20697838686731693
1879201087,0.20256299978801806
2502235563,0.20025406203164073
2503671800,0.19944559312045412
2093907945,0.19645926968652827
1929310631,0.1937254024110493
2501576382,0.18785457149207974
2500383502,0.18782991175910171
1880512835,0.1829152114413478
2096237952,0.17321703039622918
2503030154,0.160043613195302
