user count in community:1029
Topic id:4,Representation:0.5152056829479283
userid,score
2500289660,17.280876174536346
2502432240,15.910533931893019
2501311230,15.019404364544114
2096236307,14.917241460316614
2502332847,14.898823093705936
2503692947,14.858048049110666
2499488215,14.381450537116498
1432640924,14.155307679129525
2499371070,13.525597660406968
2500612951,13.518411321755133
1433546934,13.507470042883634
2500102042,13.3909938965495
1434350237,12.74404576439816
2092766250,12.730507290467068
2092932582,12.618911912581513
2503626107,12.602551184181445
2502146201,12.359095670626788
2503456083,12.335270290078611
2503605217,12.20318067615311
2092080263,12.051149820477914
1879154971,11.61380493136136
2091210382,11.59234591354863
2092019875,11.488814430445515
1931607622,11.485422142250581
2499458864,11.44851341015211
1930192312,11.42468184811758
2500243340,11.370404951645506
1880483700,11.348771155915378
2501820991,11.217177509848927
1933518550,11.175315876768133
1880504634,10.958163575923592
2500253524,10.910221604047253
2091201120,10.829701736989229
1933494805,10.822517364368409
1434474163,10.790522558487321
1880454443,10.740985726444324
2500848271,10.669815987428562
1879811650,10.637883856638688
2502802372,10.630519328639558
1930231971,10.59024739295009
1879811890,10.49504676750747
1933555950,10.490594884837957
2092860551,10.46294217648412
2502318014,10.460351036101013
2501843601,10.438706774213436
1932556122,10.413429800987684
1880511635,10.411617361066225
2092896782,10.38763045482973
1932476351,10.352265660512918
1879909085,10.330612667347586
2091975120,10.310317743710455
1879206022,10.2871523815915
2503778574,10.259748963268544
1933516751,10.21565097713715
2501287882,10.179142742817783
2094684312,10.153067437945435
2501197010,10.129091225715648
1880473641,10.107681003131574
2092931571,10.035644197379076
1879237145,9.986312387207922
1931001041,9.9798408566618
1934303325,9.970562932552475
1930937403,9.915738026966444
1932582351,9.881768204480071
2092777021,9.858401447575877
2503076984,9.806516301357819
1930249271,9.800620224707671
2499396915,9.771223409492334
1932611027,9.713131962816682
1879207707,9.712741418597156
2502775600,9.665945751412854
1930979633,9.63084684713425
2091961791,9.61898240399299
2502073357,9.575409091875887
2501690062,9.571189150044429
2502858837,9.559202100067374
2499249480,9.556633649104501
2092082737,9.55082304405185
1931691327,9.539693599524686
2501209115,9.525882430512711
2096279842,9.486083805271488
2092858435,9.474484404354397
1879143971,9.453466323008847
2502469740,9.453164565803649
1879147434,9.432090485496655
1439377233,9.388533272489841
1434531197,9.319683740701466
1930168374,9.29095975129915
2502376575,9.282586750976549
1879807244,9.210992856123358
1434278044,9.21032885533211
1931025780,9.161267058466166
1879889052,9.154916823042171
1931617462,9.100184967676807
1879125695,9.083607232316734
2499257222,9.025558038364151
1879773570,9.022403982021213
1878595471,8.965981299278084
2095412565,8.963080538044615
2501728871,8.94379951891496
1879894710,8.935469054858137
1932514924,8.929408926502335
2499716555,8.909379182550593
2095352751,8.900009477729446
1932627120,8.872854293146808
1879152944,8.855869575467285
1433697001,8.789399556810611
1879903312,8.765301704676551
1427652811,8.76316093462272
1433263520,8.761063263258896
1879169507,8.751046480264083
1930949107,8.696842664124087
2091262507,8.679728312584496
1879161280,8.66290198172917
1931640135,8.65704253688083
1931633804,8.655952518890745
1931656005,8.63482097577443
2503872484,8.584087585854215
2093088457,8.568314107913071
2503779154,8.563362357592595
1932489561,8.548771451930786
1434304104,8.542435413448493
2091957401,8.52443097554375
1880508490,8.47142708105336
1931643017,8.468048226486387
1930216045,8.44076444839658
1878603877,8.404438266306144
1878587053,8.388584275305039
2095444641,8.363702137132785
2501780115,8.333071949876777
1930968441,8.332873407888199
2092064384,8.310215261781746
1930984701,8.290146048603436
1879836837,8.274623313058427
1932606413,8.227881226283492
2096271871,8.19333632162338
1932510763,8.143775091524887
2501854321,8.080845225509515
2502951294,8.059846651355812
2095382143,8.05423151711641
2091199193,8.036287925124105
1930992352,8.034458189551714
2096271540,8.028096436362476
1880536880,8.01320842792552
1879795681,8.013135342627614
1434250440,7.98852975931623
2092912684,7.959446654344798
1930940712,7.957418051800458
1433352803,7.953161456956984
2502676583,7.9462661847701455
2500362523,7.935008554877829
2502505582,7.930490395140356
1879222605,7.9080417212177965
2503419273,7.903905822514022
2502105703,7.900383728078968
2095433443,7.893337951379502
1880478483,7.8794370532267815
1933493590,7.8590016421506625
2500900994,7.808580556062058
1880490001,7.777092146267383
1880443787,7.775310089837622
1879808712,7.754801839602047
1930945727,7.739305744197691
1930975947,7.73758060866866
1434471061,7.729259186467861
1879881134,7.726642343859958
1930148543,7.725342407721781
1878603172,7.706852436230715
1427595804,7.688811613855617
1930933573,7.680811723651222
2501661824,7.680283983265366
2093074877,7.665204119306846
2499283287,7.66351883655557
2499499890,7.638114157129705
1879791133,7.601337106351645
2499405205,7.59189415306509
1929303183,7.575638584038064
1879150732,7.534593535833331
1879157904,7.518119830085012
1932505457,7.499822322543998
1880483660,7.483140414298736
1931636420,7.482294688090507
1879146547,7.46927066309603
1931589363,7.458135074190035
2093896111,7.45638306968368
1879839430,7.431533673941131
2093946341,7.4206370148154335
1930954015,7.397397819054718
2092902047,7.389236397045296
1932541354,7.371555200970089
2091997783,7.355905492982978
2092781801,7.348146936005816
2501979142,7.339307946789783
2503722825,7.33494215325739
2499230603,7.327590268613398
1932623811,7.275613670312651
1434384562,7.254972991231261
1930152301,7.254362574526108
2092761487,7.246360251461591
1879154335,7.24513127646466
1929315913,7.2337577630726795
2499223451,7.231794010466726
1930934351,7.21247230660963
2502267942,7.204823933442016
1879895723,7.199919577443423
1931012001,7.1688879829283865
2093981553,7.161166549912228
1932639853,7.140601374852486
2501409150,7.126900107003419
1933521451,7.099874463090275
2503554092,7.083796186088564
1433733834,7.071000589288664
2501447114,7.070986926988817
1933494711,7.043171518841771
1434206133,7.037324789079513
1879243184,7.0232701386778995
1933564375,7.011212158706786
2092026415,7.001971708193794
1931608607,6.998738165783596
1879891071,6.98324879098137
1930940603,6.979616682068276
1879176952,6.975248186735697
2502838235,6.9696730128251305
1879179333,6.965517087397075
1931588940,6.953822447134995
1432715841,6.8950532745359325
2499291103,6.890963672496967
1879843095,6.886096859859486
2503922830,6.870964219791575
1427864823,6.856826464013641
1880526177,6.85072712261037
2093086613,6.840432698944127
1933569752,6.773775171734808
1879207954,6.766233038985653
1879795914,6.762417075513126
1932563855,6.733470759288113
1878580747,6.713100915115507
1934298653,6.712276987301891
1932567225,6.696685517139773
2096208345,6.681112017683419
1930241843,6.677727017167865
2095352311,6.67733977311756
1433452523,6.669064273372433
1879853294,6.655021088835927
1427722133,6.622496371281325
1434760937,6.616796776752359
1930946377,6.615396121816564
2094632982,6.607939446235553
2094616831,6.605980538445931
2501599404,6.5861772034966615
2499576032,6.563074915351696
2500793294,6.55731970148512
2092836372,6.556254193494586
1879906943,6.552327075947638
2502529801,6.5356314086062985
2499382070,6.517256447578211
2499833534,6.509892316183394
1879244284,6.508749194164747
1434130427,6.50764026627405
1879811465,6.497669575433384
2091253857,6.494775541041627
1932460174,6.4541517013283665
2502980641,6.44973550260009
1879796645,6.431081364199552
1931001297,6.422717187815076
2503275000,6.408047380657266
1931672455,6.406795283190124
2500327027,6.396837342066739
2093010643,6.394933138874324
2503655660,6.381439474996673
2499244132,6.359399785015673
2501355724,6.352839711837751
1880513295,6.3449590891298495
2502403510,6.336876726329333
1432603415,6.335970305787835
2093009913,6.305058929154434
1932440190,6.270545638105117
2502792727,6.259008851801462
1427689630,6.239553006158118
1432959657,6.234247025118513
2503396477,6.225154784632145
1879798201,6.220598085474054
1880452565,6.180790898159
2093967565,6.152737253532809
1880488220,6.130386085915379
2091951267,6.097502892745648
1879156917,6.065682876670955
2095409650,6.031355773370203
1879214795,6.029486701291948
1879842813,6.023587909956403
2501015290,5.987238377150601
1880427754,5.965627977271584
2092894141,5.964747089977529
1880495650,5.960969866448047
1879224101,5.947530365450196
1930960880,5.9412703760413015
1932461261,5.939288084730229
2499238983,5.933447153761014
2095350227,5.925890385967738
2499305347,5.917046082439024
2093923470,5.9090220198574475
1930939077,5.899058526652
2499302703,5.875134306489084
1880533831,5.857171730823172
2500829670,5.856891099902643
1427820455,5.853106808519904
1879881144,5.842281641042607
2500744904,5.840071546228953
2093060064,5.8383016640194825
1930986841,5.812687651272159
2503826374,5.797689922732235
2091186777,5.793922451971262
1930203205,5.753627018514343
1931679275,5.750643552695483
2091273977,5.747782334258616
1932608894,5.73838564383684
1434452880,5.707165071654476
2500869874,5.681963350596885
1433025417,5.680519114871614
1933600554,5.679070639556117
1934300257,5.670257506905981
1433313887,5.665361935491862
2092076503,5.659567505812555
1930954477,5.651526796676225
1879814690,5.649173124132759
1879227840,5.629063501172273
2499543057,5.6160251355226976
1879859474,5.612728912428286
2502386213,5.574206883584764
2502292901,5.558588254699282
2095467261,5.532353286665472
2094558563,5.52428916494666
2503427920,5.517049862537556
1433177945,5.50564237483602
1427772923,5.502030263375452
1879826951,5.491681372676243
1879149390,5.478481436909482
1880468610,5.475239059480648
2093956967,5.471311004749294
2093085411,5.459602804952743
1879172691,5.4577314543357085
1879847252,5.435019983839554
2499434797,5.427907234653452
1434383341,5.4215095035622305
1930201942,5.399882930463738
2092948962,5.374983614116041
2095422875,5.373751025834702
2091223811,5.37155738413476
2094656613,5.350994331608545
1930991267,5.328008438772263
2501499373,5.3244582911197575
1933561165,5.282771179499586
2501749142,5.272801289056809
2503632677,5.261535784903715
1433881343,5.256693893970076
1432682854,5.249947325619957
2502501430,5.248899758050365
2501573564,5.2398211674334565
1432633344,5.239273383964667
2501456512,5.22749240225467
1433603200,5.225410638469337
1434221201,5.207996830037557
2092895481,5.207612383478675
1439482372,5.182526868479084
2502582172,5.177281301911119
1879815904,5.156118741075863
2093929672,5.1537425501672205
2501040175,5.1511064566492895
2500325924,5.140756780052274
2091950073,5.138878731350112
1434068273,5.129606958816093
1879156897,5.112931849260344
1879836814,5.11080820764352
1934319970,5.095974138124828
1880481975,5.087787449398028
1931588942,5.076635624601148
2502481820,5.071567619947989
2501652962,5.0613243406224715
2499798530,5.060317542821979
2499259942,5.035044866666551
2094597364,5.027852378063297
1879802412,4.99417432132043
1932438022,4.988236956308077
1930939857,4.987407797487817
2092878885,4.979474456397889
2093960770,4.97193177589302
1434293665,4.937123698244539
1434339160,4.931501334957381
2503619083,4.925425039913547
2499257907,4.911271568647416
2091271224,4.887325124081238
1439358383,4.883499188323201
2092937533,4.866161242125949
1931686503,4.8573421413132305
2500221872,4.832875318188963
1880536181,4.800782930767804
2502208634,4.799412503027618
2502113181,4.799177490410384
1433523485,4.797580992591872
1931617017,4.79133761586349
2091973117,4.775319117816468
1931658407,4.757093213955124
1427611500,4.723344054502347
2503744012,4.720706899016629
2501412210,4.712962820671089
1880518571,4.711530933897937
2092939025,4.690020885660644
1434043830,4.689672795517097
2094612804,4.668405769169803
2091188577,4.637872017828114
2095392243,4.627539582009734
1932472671,4.627382997267358
2093042550,4.619971531332752
2503573112,4.605245933341045
2095429141,4.5892007179105
1878596164,4.570052646030178
1432707775,4.564094893889264
1880527951,4.556868203189406
2095422180,4.5542846312337115
2499552207,4.517697957681977
2500399293,4.506645855382563
2503520765,4.492757178805724
1879780801,4.488334722116998
2500746960,4.488313552487747
1880507674,4.488310076051701
2503404540,4.482355542099041
1433706647,4.48075950379536
2501220240,4.460846103381271
1880533182,4.458091744585159
2503833490,4.453009466395823
2500453793,4.45240623290245
2503719523,4.443488634930958
2092007703,4.434428302450744
2499828202,4.4332649733611085
1433593472,4.404823364802238
2501471075,4.392528200307588
1932540173,4.390287009148869
2094649620,4.376942033736998
2501120651,4.3737183769393075
2503382911,4.3676745343199785
2501590787,4.367074680828703
1933587081,4.333348577427883
2501326262,4.330784344983234
1879163794,4.330321778152578
1878584235,4.326322728946341
2500102190,4.300495449117753
2499667832,4.2877149762398945
2095358872,4.279465081232174
2501686583,4.257559463354292
2501651352,4.25626113209587
2501800415,4.2558486926349275
2502277934,4.254293249311494
1880517807,4.241104088101401
2093905673,4.204099479911761
2092060795,4.190697774283387
1931664417,4.176328970992264
2503100674,4.157911947714262
1930200207,4.132264920139399
2095399191,4.121729044755073
2095398655,4.116757297044575
2503584952,4.115715578861313
1879825524,4.112273553162966
2092925813,4.1090148712604355
2092080070,4.079882139898714
1433467521,4.071138755951385
1933575795,4.050721404250472
2094633064,4.049007458594298
1879771185,4.036533495044047
1427705930,4.029555990964254
1879813337,4.02028109611364
1933530140,4.020172040460924
1930969434,4.019980111671407
1930195303,4.014361711225153
2095340617,4.014136341251389
2499826432,4.003125209337287
2092848397,3.987947939533919
2503380831,3.9837374855694008
2092840745,3.9703588035870507
2501745474,3.9580861515165076
2503588050,3.955153723183659
1934319462,3.950892056508166
2500219720,3.9361741851807657
1933523414,3.9142043093114802
1931600081,3.893936648568432
1879773543,3.890305585193602
2500150361,3.8861013180775323
1427839717,3.885229784872411
2092817663,3.881661823473418
2500433831,3.878869179049343
1879149283,3.870703069314003
2502486533,3.8428579066720157
1433755423,3.8419499272029736
1434476403,3.8232823626050467
2091949710,3.8189634909719246
1931630260,3.818536925974118
2499531205,3.7953424716019573
1433630363,3.794640750818741
1432637681,3.793357968036802
2503707324,3.7905393133486283
1880448233,3.789845015829931
2095392045,3.7890148982355933
2092997547,3.7785203097762694
2501981947,3.7558415277673656
2502123624,3.7537530737916156
2095416015,3.7225255596946294
2503187830,3.718716395435182
1879202085,3.717657081651376
2499370034,3.713151038471989
1930959933,3.709694493775048
2092992673,3.6578699169935103
2500212595,3.6476408929607693
1880531015,3.643434523129493
1932573783,3.639337070580099
1930998551,3.606018085908034
2501729072,3.569002905461942
2499762194,3.5554714877217055
2503151560,3.540765572421837
2503371853,3.529784660630109
2093866991,3.5291921890252937
2499205031,3.51615252258375
2503921877,3.4883916561765336
1879782824,3.4644665433068287
2502636654,3.4636887762006867
1930142043,3.449103622520637
1879149223,3.446103086623358
1932483774,3.438961677570142
2500980572,3.4372239576918884
1933555542,3.4238631513487037
1879787050,3.4090286657039988
2093943574,3.3971952998505603
2502129845,3.349659594378171
2501044013,3.31510251321804
1878597701,3.3124421266597
2092032733,3.3087868543341066
2501296824,3.295532512392723
1427816602,3.2878645451791795
2094643294,3.2832922121491865
1879823660,3.2730657192639785
2501957217,3.269679742474784
2501886724,3.268151114769119
1932531327,3.2675494780504954
2503747972,3.261412959609615
2502635175,3.2567201115817346
2503786723,3.252230496738187
2501098453,3.2368313663234805
1879792694,3.230552312747892
2499296120,3.2288753019696426
2092886003,3.2242674811061693
2503523992,3.219904308501674
1879243697,3.186959770803379
1879208903,3.1693877988831414
1433714624,3.1538988244967037
2502217212,3.1490963749413146
1879833267,3.146830696806112
1880526614,3.140559986063397
2092928521,3.1390534164371067
1931649310,3.131030151205639
2501835781,3.128333881369775
2092853552,3.125448199382516
2499624740,3.1196238026718826
1433991732,3.1035301444368923
2502035962,3.09258053592575
2503770674,3.087949546539925
2501621443,3.0558971988128474
1932611685,3.05522774888306
2093940160,3.054532742934784
1433101515,3.0464902693450213
2502096030,3.0454489016234025
2095352591,3.0422095282937587
2503564650,3.0404041136318924
2503700332,3.0394226087507494
1434470915,3.018637265158091
2500174963,3.0172771168265684
2095485540,3.0028262231143654
1434432584,2.998017822161185
2499330552,2.9905722908523016
2091981662,2.9829391245375443
2503125171,2.956988181345386
2502781272,2.955254447024141
1931608954,2.9501629713920177
2503638610,2.942549386393526
2501052531,2.940762625943021
1930246051,2.939610282097895
2503114182,2.9366660546217003
1878582487,2.9290589280730153
2501722000,2.9267272980956105
2094686062,2.914064437379587
1878601002,2.9118513523218144
2503538754,2.90515891021894
2093969754,2.90324501150547
2503876297,2.885563102087724
2096222302,2.8758773441478978
1930964653,2.8576585570500743
1433859440,2.8554041330714353
1433589300,2.849646452302879
1434731783,2.8470782126886296
2092021475,2.845514947628165
1931610084,2.8285877799385615
2502130954,2.8166454301766706
2094584945,2.802019846798516
1932612563,2.7868709622229
1879835704,2.7864012543137258
2503439794,2.7810084722737276
2501987473,2.769823360220512
1931665035,2.769191936108509
1432823653,2.7645815401678013
1879889037,2.7579610347187926
2503034700,2.732823796588897
2095368807,2.7306435689374604
1878601460,2.724039318663591
2091194191,2.71951101939833
2501095202,2.7192333632994816
2093946140,2.716960091800134
2501016970,2.712487855395258
1879776741,2.705631514267925
2499308242,2.693786477320257
1932490153,2.6879348538111736
2094623015,2.682728091860666
2503009400,2.6808801070705623
2092918933,2.680869811565563
2501199145,2.6803563294697446
2503129437,2.6801592793380205
1878589487,2.6792665399213367
2095336380,2.660240820796072
2501978697,2.6493455926113985
1433466075,2.6381200423049065
1878589562,2.6252576861837813
1433061381,2.623904099535251
1434235361,2.5922378696543458
1879877182,2.5831429378456994
2502943682,2.5774548664730994
2092752310,2.576758088957812
2091278312,2.5650242705364676
2094634993,2.559431762019801
1879858124,2.5488258218417985
2499247044,2.535574938473046
2503056204,2.53341013672029
1932545561,2.517102673028728
2503570454,2.489191338551628
1433302445,2.4701329203568365
2093862715,2.4594141005687726
1931022664,2.4551013948887257
2093072843,2.4347864403740216
1930927987,2.432500958858841
2501575212,2.4279852972943976
2094576674,2.4026675206723223
2503160971,2.395944959970059
2091268024,2.391529436994709
2502286981,2.3790537575672195
2095426867,2.3541707183124245
2094564307,2.350797432781616
2502617040,2.34977828824635
1879177281,2.345183272910684
1930973711,2.343903145207725
2095394617,2.334986250656645
2499500162,2.325182970928705
2499416981,2.3175226545913317
2500640503,2.313562987894872
2503757252,2.3101485763186558
1427602581,2.286650593049008
2092866367,2.2756906751857446
2501320055,2.272145683603606
1879863864,2.2573616825709046
2500390413,2.256615844095058
2503793365,2.2515588808637017
2502520590,2.23242731717908
2501063052,2.221905255106274
2501226367,2.214404526757354
2093088981,2.2048331852098806
1879800233,2.203452381520687
2502932442,2.1990770502708163
1932488225,2.198526536220964
2091947402,2.177637218722849
2501409181,2.17592486161664
2095434701,2.1575486460478936
2096268040,2.155826702430224
1931689215,2.1471143886353308
1931642065,2.1426371038391334
1879866257,2.1211631636603214
1931006451,2.1072999753853012
1932504094,2.0934174818287152
1433570441,2.076478469769935
2503006452,2.0749736744082172
1879847007,2.068399375471496
2091990522,2.0681549761691027
2093918845,2.067197543311699
1879888110,2.0638836281794726
1931003510,2.063263907497986
2092922107,2.06212123532946
2502282840,2.051657064728417
2092800062,2.046352121945525
2092080571,2.0387091087271423
1879829071,2.016520783242942
2500886690,1.9928377253507465
2501732960,1.9848270869524895
2092058544,1.9776322360607643
1932629821,1.9744363015462814
1879850674,1.9710277663979328
1932506461,1.9534990321609813
1879248523,1.9371435730158097
2503373132,1.9345752035505104
1930150194,1.9176917071891928
2502110792,1.917475249822061
2503442302,1.917434103765934
1932555224,1.9170271464831485
2095482085,1.916970622839175
2093049863,1.9068038581911355
2499581512,1.905861872676014
2501937211,1.9025265880006783
2093858032,1.899222734469049
2092038522,1.8825854616389759
2501163810,1.8805763760818557
2500838150,1.8745301042208327
2501802401,1.8738687753620131
1932601025,1.8700189492316117
2093952365,1.853730807468268
1439375154,1.815869318066115
1879182725,1.8134938379715422
1934303255,1.8068003673313282
2499255770,1.7994022669939065
1879782090,1.7980115661833092
2503653185,1.7977838243099311
2093011495,1.7956099770980816
2092895213,1.7949952818948545
2093011210,1.7866947952848489
2091225392,1.7619853515055852
1433133782,1.7589549038399968
2503892845,1.750871131096873
2091188353,1.712555606700039
1879214501,1.7071275233911767
2502459502,1.6993222918766395
2095407205,1.6881887369610067
2501230707,1.6872701688333642
2503282622,1.6870447771143506
2503315264,1.682824265151886
2499712482,1.6799442245740255
2093856124,1.6633828684173477
2501643600,1.6582738847705256
1933501107,1.657055377266394
2092965332,1.6366469293757784
2503869741,1.6146060541662315
2503774534,1.612117639652251
1433277003,1.5976600609984588
1880439310,1.58750115359933
1934297007,1.5863281526035908
1433936424,1.586098508295644
2092856014,1.5824999172729812
1879237643,1.5755767104161198
1930169244,1.5742043442253624
1879178394,1.5734763723712737
1434636037,1.5708904395419176
2500736950,1.5588235499942764
2093056471,1.5325012359286105
2499489561,1.5259774620693838
2501089503,1.5254244841047495
2503374124,1.521417777936745
1930197437,1.5200550158603303
2092990864,1.5185337244541552
2093001787,1.507623640331759
1932566195,1.5012471040273978
1879822264,1.4996396751436782
2503242567,1.4985077081650924
1879902430,1.4970549147560548
2502245990,1.4888920575697882
2502125320,1.486525336962361
2091180663,1.4823201746688146
1930993880,1.4767664886032041
2499259304,1.4597724141460215
1933549545,1.4594640980569564
2499462271,1.4553260370767098
1434095305,1.4446704250105187
2092799007,1.4375749955473622
1930961914,1.434293654441541
2503534702,1.4320444670270593
1434094101,1.4304231025814176
1879791237,1.4239063325438697
2501761493,1.4221329443036563
2094687982,1.4189723940058108
2094563407,1.4127380267420655
2503025170,1.4073071837889979
2499605735,1.3987420882216228
2502291050,1.3883494655735145
1932457174,1.375654614178068
1879794502,1.358296822250104
2096253487,1.3528569431399013
2502367164,1.3400441094336883
1879238252,1.318844738099955
2092776380,1.2994062757052327
2503261852,1.2990306476657927
2502107004,1.2961104410822128
2500202283,1.2944904643468307
1880479131,1.2940162368647399
1930940280,1.2703326590772086
2503506700,1.2605240798526958
1879786804,1.2590338415923137
2502358664,1.2556503221643494
1932651147,1.237129173843122
2092842645,1.2168566500535123
1931658935,1.2134171293380498
1930966252,1.2100448547636704
2499655397,1.2095915085369944
1439334713,1.203531881950655
1879800210,1.1972461172243625
2502093972,1.1824745419999247
1930989237,1.178174920212993
2503887320,1.1645856325023942
2095365654,1.1623939420837517
1932582531,1.1553608691520236
2093960557,1.1483037884859695
2502617454,1.1419655872251024
2502581142,1.1199871326833548
2501677534,1.1011214823578042
2093943622,1.10025561150761
1880488002,1.098470082848615
2500371823,1.0866503792431241
2502267454,1.082537637015892
1434597257,1.0720474610640156
2093080013,1.0666434576839205
2503273580,1.0629319900203413
2501241902,1.0613991993198433
2501358252,1.0592264763268948
2503931750,1.0585955917308427
2499299800,1.0534913471996377
2092934154,1.0464382246724504
2095341063,1.0399600627294538
1879872574,1.0371724903636732
1439478962,1.0334269856992762
1434601634,1.0262494532319169
1931006080,1.0235575543711595
2093911237,1.017376817553552
2500916855,1.0137703699024854
2502246510,1.0091006665614812
1930212161,1.0089739220541127
2503273750,1.0080942795128678
1439659294,0.9962693633742629
1879832213,0.9920223567513532
1879130510,0.9894518421929234
2094668963,0.9837013478770482
2502308657,0.9827243110403688
1931625055,0.981909948001305
1879911255,0.9813232471913725
1930180330,0.9760333713907194
2093053935,0.9725423257999387
2501573705,0.965582122857216
1932614251,0.9643084681002306
1932653744,0.9577553301358898
1932600585,0.9541253800624386
1930136852,0.9512750260730032
1878586150,0.945865193759192
2502042364,0.9356441569669469
2501503601,0.930994130365964
2096227567,0.9307603988100127
1932535815,0.9305141260737296
2502183104,0.9270126498625232
2503768161,0.9212272918130444
1933570641,0.9178834954233422
2501155181,0.9171968452786534
1931616884,0.9112760328559631
1930928765,0.8921817904425418
2093945075,0.891240149761546
1439514351,0.8846448250596348
1879887370,0.8788189471255975
2091230624,0.8673320107112854
2502887135,0.8406134995204927
1434342830,0.8387125295084971
2093064853,0.8349338103590872
2501008205,0.8293316297306023
2091186947,0.809906364725738
2092973252,0.8094599582772302
2502159035,0.8053551242444351
2091237282,0.7961934629755529
2092954843,0.7887627579483528
1439411820,0.7835180713815191
2092926813,0.7729100252840894
2093057597,0.766743573261958
1930172982,0.7584937746471152
1930954185,0.7565621985564408
2091186867,0.7278910659457828
2503073171,0.724438396928765
1934306281,0.7202340210179919
2093005667,0.7187571697447853
2502313740,0.7168983295672855
2094669691,0.7159740990826745
2091982721,0.7125139298911086
2501404785,0.7122043952428936
1879224335,0.711699403259037
2092860614,0.708017240988601
2501183215,0.6946900378906455
2499645960,0.681248463560768
2502723321,0.6808430999592501
2502528323,0.679727453066509
2092922897,0.6786186598549292
1932479880,0.6780132758190777
2501065732,0.6766591653444494
2503362361,0.6740236729951671
2501149074,0.6707318233757708
2499206293,0.6648880841555265
1930973980,0.6428374930217
2093042637,0.6427658578600743
1879211333,0.6426586565828054
2499729902,0.6231919438399501
2501532360,0.6128738844731615
2095492575,0.611355546265883
2499655133,0.6104201689598182
2500972741,0.6041628444651296
2092786760,0.5807118775026497
1432845141,0.5742880514647685
2502339012,0.5734759542527044
1434204871,0.5695119996013166
2093019674,0.5678020272133167
2499772990,0.5525980907318533
2499441582,0.5477337739357039
2500266087,0.5393895994883701
2093977123,0.5385713263498842
1934302351,0.5237303069847269
2503862154,0.5229010098505383
2500296344,0.5194118432645127
2501969041,0.5183405001143879
1433442071,0.5180479144742755
2500103064,0.5094252574909786
2499284220,0.5091927272517185
2092993380,0.508498633176276
1433871525,0.5064528835023846
1930147935,0.49313872002892933
2501169814,0.459887118103004
2093922924,0.4545272479424615
1878592094,0.45112173583688964
2500465907,0.44863059579335735
1879780590,0.4405873383997512
2503743230,0.4384941091448391
2502397084,0.42031088817180956
1879200495,0.41152810983170507
1932591405,0.41143686817064967
2092911407,0.40630521936830283
1931020402,0.40566877298080006
1930174271,0.401260911407832
1931679390,0.4011058066603796
2096230544,0.39885528429996525
2092885952,0.39844641755333793
1879831903,0.3981241996729958
1879159263,0.3950280028943196
2499225637,0.38746081727587633
2503320787,0.3827956017161601
2501409934,0.3758985849012743
2502636935,0.36200456576563705
1433199633,0.3561315174609817
2500948187,0.35019240452927575
2501276130,0.34872981791874114
2502326242,0.34401272805232674
1879840945,0.33513379376224456
1930950830,0.3325205188577391
2499591744,0.3322634156368097
2091988012,0.32926387240612176
2501876944,0.3218435005436012
2503197992,0.321838664696071
2502510802,0.3209996673633998
1427732714,0.31439323930375324
2499802124,0.3133528253531571
2499588640,0.31304009841022373
2500809400,0.31299173888433857
2503244174,0.3120221441659736
1879855563,0.3106252535654768
2501775000,0.30939253037918873
2499689664,0.30929020955755265
2093866724,0.2931826099580731
2502542662,0.2896181371456565
1879175273,0.28927944332079514
2503665651,0.28912265522494984
2095439572,0.2828286310432605
1434387020,0.27584790792010516
2501240590,0.2754730588743893
2503368450,0.27301207149549234
1932634055,0.269336985381037
1433177313,0.2680380419488051
2503052112,0.26725589539537115
1879138233,0.26293255543549443
2095413893,0.26190690601334427
2502296224,0.260459639577297
1879164957,0.25854337923188125
2501143594,0.2550239476216108
2501418171,0.2478638059217703
1932568195,0.2468226756941699
1439408447,0.24566205347961986
2503608270,0.24326654481494223
2503718010,0.24321306862567302
2501450034,0.23994415063756871
2094672883,0.23819215482394646
1879176623,0.23759971701934857
2501244800,0.23545491901160492
2503096674,0.23248250506029985
2502636050,0.23151952626357813
1434687635,0.22744244463739738
1932499717,0.22554533353366826
2502490110,0.22419386752631856
2502319740,0.22207929847740449
2092773853,0.22178846730293447
2500293600,0.22103852476114005
2091197315,0.2205169151583159
1879247017,0.21968820963380964
2091223454,0.2194790165071017
1932576243,0.2177500253652241
2095451137,0.21442885554578034
1880545253,0.21385896273310237
1931594537,0.2129102878088136
2503143945,0.21246214386781162
2499313540,0.21167793607973187
2503819890,0.20842572107865542
2503048671,0.20642066771641138
1930156457,0.20231159119278255
1879802973,0.1971645818448462
1930247677,0.19498309987974685
2502260081,0.19057765074562866
1879181184,0.1833748328526515
1879171031,0.17990337165165474
1879845685,0.17691689400079724
1933581352,0.17600876690826847
1878584871,0.17598506492582383
2092806583,0.1717352276493094
2503500327,0.1703191200749898
2501788375,0.17021473868130535
2501419345,0.16854650989454775
2095370287,0.16572872461329913
2501883342,0.16507308519739658
1880520612,0.15884637689266756
1879823771,0.15471693927160757
1929314135,0.14986421391738092
1879151463,0.14618644008768802
1879217220,0.14053474624930623
1932463507,0.1345118285529074
