user count in community:389
Topic id:1,Representation:0.304505167921786
Topic id:9,Representation:0.5534563841949389
userid,score
2094560175,12.485061672918103
2092870902,11.457298878290711
1934304752,11.217468673330387
2095450703,10.264995823665224
2094593570,10.064761497928869
2501822880,9.951320723734678
1930224053,9.866499767236734
1878574173,9.787252530120853
2503795060,9.616521967104553
1880477391,9.471875347201806
1930157535,9.425302168848956
1880538272,9.000289049780381
1879896341,8.967280701265214
1932430190,8.960258310489131
2095355117,8.882761088199867
2500562923,8.877439035669155
1880488212,8.848208047652504
1880447703,8.815637284290402
2096201044,8.69372775250158
1432703867,8.66143610677057
1931661347,8.658597732511124
1880454912,8.605457505989104
1933550210,8.536827319548383
2502712034,8.522279819706775
1880503815,8.511913372366651
1879227165,8.461267438110099
1879778215,8.414023291030203
1933539462,8.393682489084059
2503656442,8.24733533529047
1931632375,8.215650169484272
1880500503,8.205402542298243
1878598573,8.149665935885576
1879779734,8.136048912067563
1929306943,8.059706278026962
2092056530,7.924324293762359
1433543690,7.895607008251923
2500780277,7.89033922272881
2091256321,7.846947689497924
1439414705,7.835416789321866
1879142512,7.833249385729056
1930973297,7.819575157967773
1930941090,7.73950703845653
1878580004,7.703466136688128
1931648893,7.6295660082782435
1931006501,7.620260173941576
1880477263,7.61980430761569
2502124400,7.581564303149145
1879207025,7.567178486515916
1931635682,7.564540920063895
1931675414,7.5252835546154735
1930187045,7.506639701978
2499480580,7.402239495111241
2093878794,7.395746360514254
1929310313,7.368576322486417
1930971677,7.315443533205874
1879173404,7.314831638298405
1880540863,7.2477681598811206
2092015653,7.203992365333755
2091949687,7.188209990322889
1433693345,7.186233359002334
1880492085,7.168150016936865
2503480454,7.158668867085896
2499603604,7.1429869768880785
2094695095,7.139489373113826
2091205603,7.138003478793867
2501134382,7.12577919757149
1439543974,6.981255199887991
2499835172,6.974758268092611
1930219040,6.949869477422682
1932465142,6.851066671014678
1933525097,6.825638165464299
2503004920,6.820923103264604
1930253713,6.808300215149606
1931670954,6.7956098225578945
2502048872,6.779204624926551
1930212347,6.735254448432757
2091982500,6.731226011662505
1878596620,6.642019614757686
1933544141,6.620409932346564
1439408702,6.610640149059033
1929305094,6.582328401653166
1439368315,6.571144872887302
2092815533,6.54920344107186
2094648494,6.540438125264509
2499784602,6.508369581026172
1433346464,6.452526613738833
1930148935,6.407907710294898
2499255137,6.399196882298004
1932433070,6.373251469404773
1929304267,6.3680625023682795
1434607403,6.300099464802191
1929304691,6.28810832490262
1880526407,6.2826515146183235
1931649515,6.226017107310068
1879175861,6.221486142648501
1433625632,6.212463444235912
1434380940,6.165405300739207
1880479792,6.151938153027007
2091247595,6.127262706569377
2091203791,6.1124662103036185
1930163130,6.091207407205671
2094641831,6.052847262185505
2502200612,6.046352822502149
2092998467,6.0218434176804
2499535565,5.93785033271252
2501953380,5.930184898585771
2501952420,5.924592217302029
1930233795,5.900443177028058
1880470220,5.900370602339543
2092940467,5.889030475788335
2092037064,5.860911710682192
1932544583,5.845047019392084
2092093090,5.843202348388572
2499706400,5.811736898085451
2501922932,5.787445583297246
1880471322,5.781656138204071
1434176520,5.7670611332540025
1434553561,5.763296676438643
2091997493,5.762473970262112
1879885270,5.733487425866623
1931602755,5.731696982974082
1880532272,5.679901224407645
1878575957,5.628145540538485
2095422492,5.604769609077664
1930221823,5.604088242672882
1930204572,5.543244561312793
2091187603,5.5404942548319625
2503800525,5.501811142331115
1879246974,5.5003474650256035
1879140622,5.482092544735494
1880452447,5.447428321730013
1880425242,5.43234760672845
2502398367,5.416882105283395
2502447625,5.415274980213424
1931679622,5.391735391127908
1879781372,5.383135860220398
1930232087,5.369885134863803
1434224355,5.3262863310417545
2501324530,5.3041765038035935
2092835431,5.293645138369049
1880476692,5.269868718651338
1879906982,5.269229668306776
2092874561,5.25299158463651
1933502711,5.241836721055297
1931006010,5.239186967447604
1931664742,5.231348634786348
2501412120,5.217449866555263
2092007395,5.186306466452971
1439621463,5.174192367357665
1930979700,5.1074587008819465
2502675011,5.0985424895111136
1880532340,5.077595401551035
1878585863,5.052783397097027
1879774782,5.051739385607694
1880504602,5.00134663806173
1433770634,4.998190429700804
2501479484,4.99722229419749
1930254163,4.980836635938195
1433474031,4.9719404344654485
1933549103,4.96854944889314
1879165147,4.948568705996758
2499631990,4.934816377613647
1880541811,4.895140299513606
2092921772,4.845978014687957
1880496792,4.838890519343024
1879842675,4.8133383831368945
2095456460,4.784574825881188
1439613093,4.773634883186121
1432700083,4.767687973600029
1427592465,4.764499308799012
2499380584,4.759473886420118
2501973681,4.753784181657178
1434181010,4.74008140189509
2093883721,4.733297792944294
2503418130,4.668657724276956
2092851002,4.647961296815543
1880541534,4.63332117459727
1427844833,4.619020205539198
2501040410,4.603605056985395
2501172514,4.603597211516336
1439395165,4.598075678924481
2093018290,4.59395096488492
2502831002,4.540221106278041
2499479641,4.536198779551079
1930944872,4.483884044390916
2091225601,4.474704530684359
1879164687,4.446770211647558
1931668753,4.404135777089466
2091240091,4.385736650663437
2091976697,4.3802980745574445
2095356013,4.361849061720077
2502146670,4.356465643640797
2499731124,4.3444584521799925
2502254232,4.335829133108737
2503212142,4.319295935127225
1930953321,4.30819695267496
1432718793,4.267788297902403
1434285184,4.237356020970425
1931006257,4.206972391194398
2499772550,4.178955154723001
1433993833,4.176913911183434
2095432555,4.167362528858439
1433033120,4.15909617970443
2093898481,4.14303381811792
1879830417,4.102779798818998
2094670660,4.070283361102707
1434414634,4.062055964097473
1432612943,4.0601393380159445
2499756682,4.045621427629186
2499459012,4.02278583726837
1879168147,4.003679827060967
1930211353,3.9898662668974825
2092819941,3.9768254851460583
1880513994,3.9701495720494817
2095337017,3.9587813014160127
1879830405,3.9375247459450726
2093917913,3.880115537367375
2502551467,3.793218284811925
2092067177,3.7568051030818586
2499242150,3.663571936241443
2095490667,3.607323617854739
2093926101,3.595365467809963
2091264563,3.5505756160788136
1930961223,3.539554109854996
1932541830,3.5339272490071436
2093950825,3.512432133883053
2499823914,3.507170779598589
1931005191,3.478040244147108
1880426610,3.3600235182355824
2502107100,3.327953144679095
1433297062,3.32406236517271
2092882041,3.315260380804117
1879140955,3.314024534791715
2499302000,3.2896164189516193
2095351923,3.2801468109888483
2091972133,3.2663190261923356
2503390092,3.2619109323842452
2091185112,3.2554415791520976
1932444564,3.241121018697855
2094662255,3.2145573521543964
1879768300,3.2010557253274716
1432695027,3.190723990969318
2094694511,3.185179780918796
2094677064,3.173341526860555
2096265992,3.1476178477657055
1433223142,3.1307814776153036
1931676065,3.0850867149415797
1878594701,3.002754617817354
2095452473,2.9476176200965294
1433955482,2.9244357846734936
2499292140,2.875018593853044
2091990075,2.872324840531185
1879226021,2.8590872045978997
2501972754,2.8426788162374494
2502796770,2.7765721162224812
2503648694,2.745796286386144
1433546963,2.7347808693177074
2095384984,2.7131807628601425
1930166677,2.70762435335394
2096197135,2.7042369395543764
2499862680,2.7040647786305474
1434245380,2.7038557354448645
2502384194,2.6467308347816187
2499378250,2.637613073432728
2502130825,2.5646227156981185
2501846864,2.4910877632259516
2500884924,2.4773724269079875
2092091040,2.4729636172159335
1433053694,2.43780609075648
2501322434,2.399866796588845
2092014177,2.3467060160724467
2499323951,2.3393741918909483
2499264150,2.268010991052083
1930943517,2.2666640233750766
2091270412,2.204162620485219
1434513973,2.1327476778612615
2501896357,2.130307472781076
2092754465,2.097274596277236
1931651651,2.096400713465739
2500320512,2.0946891122350846
2499254732,2.057036202609022
2094611334,2.051956439550108
1930935560,2.038689493893606
2501429182,2.009216280019121
2501252530,1.9934201996359442
2502926130,1.976416560626473
2499525472,1.942087798900223
1931003797,1.9211966869173143
2501024594,1.8758773245276048
1930238133,1.870097363282463
1934302087,1.8503695150845627
2094583363,1.8372364136880754
2500625945,1.8288464216294447
2502564430,1.8218503205717165
2499292994,1.7958700281754452
2502371055,1.7745832417421719
2093037167,1.7720670328792063
2499350100,1.7663346910069877
1931021600,1.7581158729883295
1930138105,1.7457638743889579
2503906995,1.7349978402510446
2095379871,1.7113954961296132
2093886667,1.6954534659443448
1880513753,1.6856656199909192
1433582422,1.6646115517276336
1879141082,1.6594235333995264
1932596207,1.6280327967661243
1880460051,1.6151345032131745
2499519152,1.5392885452426484
1931601770,1.5367673034512355
1879870725,1.5067256462113625
1930168055,1.4880156324714144
1433718202,1.4775776635444624
2501624163,1.4614283700652426
2501604981,1.4403088794858983
1930958202,1.427120194674154
2502532600,1.4226702125572308
1880532331,1.397940990724008
2091268515,1.39039554605298
1879798084,1.3708151915022722
1931600284,1.3688506605894293
2091269033,1.3442120454558597
1879138212,1.284106773090549
2093950000,1.2445323726133968
2092070251,1.2427411966402546
2093902504,1.2280352419994713
2502154412,1.2212044766232086
2094674662,1.2145651501817967
2502518690,1.15848767110104
2502163757,1.1368427378040027
1427675612,1.1315202038999088
1934296252,1.081859951320401
2500284384,1.0732307286075615
1433077095,1.0709935283342467
2502861462,1.0705077012090953
2499644360,1.0607135844807483
1432710393,1.0549600924402645
2095476407,1.050076775088233
2499290604,1.0290549852452013
1879848477,1.023542577765191
2092971594,1.0228781342552438
1433736781,1.0003287247847248
2502088490,0.9937892002703056
2499308220,0.9905541425365814
2096259373,0.9818875875774667
2093949481,0.9749887265764309
2502161500,0.9742738369143339
2501558693,0.9547767724431355
2503901374,0.9497091117601397
2501216275,0.9388611610860573
2092820933,0.907593999642256
2502348787,0.9019350267759502
1933597017,0.8750679465468651
1433512494,0.8661843804822504
2499680563,0.8228241658070572
1433562390,0.807267890403227
2501980387,0.7987575596278387
1433779463,0.7927583280350999
2500386357,0.7809448504066746
2499247720,0.771445593891783
2503756910,0.7648671120295129
2501018897,0.755702231330114
2500726200,0.7540291434748196
2503434493,0.7409183528494572
2502610444,0.73917100342069
2502537130,0.7263464899908441
1427810841,0.7228750029429556
2500134344,0.7101787197357573
2501590725,0.6983280186229162
2502094112,0.6585546904670753
2500823070,0.6580160788898217
2501782910,0.6433376806926001
2500811717,0.6395821815101482
2500919280,0.5504815777750536
2499396327,0.5241981155523757
2499480615,0.492444441438341
2503382054,0.47961040383746134
2499283687,0.4752911011460733
2095483775,0.474343919811231
2502137600,0.46427319111747006
2503608340,0.3928004341021165
2503908500,0.38922546008301023
2503610712,0.3855557161935248
2502119500,0.37727848478105575
1879822355,0.37437348753831473
2500263481,0.356491408331009
2503662834,0.3473478163341436
2502349657,0.3391057872368212
2499362737,0.26314720562189703
