user count in community:290
Topic id:3,Representation:0.4518949353691644
userid,score
1879801480,1.7777866042851906
2503153094,1.774583497881887
2503272264,1.764059140132224
2500484523,1.675006820240529
2501401463,1.651453546144333
2503181727,1.3653120381539567
2503148300,1.351766485017654
2503118924,1.3215423853065307
1879217541,1.2944433218185014
2502040583,1.2461218691941258
2501294401,1.2380841028247869
2503381524,1.235869535801483
2499639367,1.2190973404796326
1879236991,1.2115622529452281
2093029484,1.1921520223981514
2499393440,1.1883038403218706
2499344254,1.1579986494956638
1879126043,1.1384935973136239
2501892500,1.126487027917733
2092779621,1.1076216475420302
2501907660,1.0840450027577775
2499414084,1.0682465821344977
2092013684,1.0563344421248777
2503215820,1.0414771438071166
2501867474,1.0358840266680067
1879833574,1.034298409452688
2502915650,1.0312461282508418
1932525581,1.0233543045913147
1933501874,1.0228675886021725
1929316091,1.022166497757445
1930153455,1.0114681789956577
2499357373,1.0110258720510796
2501665430,1.0097421452570665
2501905410,0.9974971122077656
2499735083,0.9930099888890721
2092948480,0.9899845446489606
1931661027,0.9839171066809332
1434199920,0.9805244050632501
2500710612,0.9777990296693796
2499615414,0.9734434676111111
2092783520,0.9710631506022003
1932438440,0.9533383066025454
2501478571,0.9305593746181289
1879152325,0.9278368135264085
2094670997,0.9267912732952588
2502885067,0.9179335152934032
2501898923,0.917517967804258
2499316972,0.9165500427414911
1930186825,0.9016777703369481
2500246047,0.9004131785012286
2499456874,0.8995948494705763
2503045734,0.892999715722672
1930162875,0.8926352988665868
2094672994,0.8852592586181132
2501764160,0.8806344396323436
1878592084,0.8748983815772642
2092768680,0.8741485878955417
2501156425,0.8736074865563049
2502881181,0.8566396855046718
2094622710,0.8544884463996644
2092006114,0.8467508953576067
1930227184,0.8409650217208834
1931005652,0.8366183293915341
2093023170,0.8318881135364026
2499226970,0.8287774714919558
2091961202,0.8265570013134863
1434004434,0.8245825385430616
1879905001,0.823221476351908
2094587154,0.8126450948685318
2503472355,0.8124850411146496
2500133562,0.8122293941358109
2092888355,0.8089542654404481
1931643635,0.805269521856304
2093088532,0.7949333301653546
1879784700,0.7913213714825073
2503531854,0.7885396681081969
2502356982,0.7871919552373788
2094599573,0.7851786435987406
1933592775,0.7848389198508998
1930150954,0.7793696682821626
2092970334,0.7719995615726082
2502451370,0.7645989308615412
2501326697,0.7588335669268805
2503172652,0.7547145121627477
1879844964,0.754263879015212
1934313531,0.7470403843862417
2095369707,0.7427644228821272
2502171990,0.734135701864794
2092882033,0.7296878247285192
2093075872,0.7267616252477022
2093086990,0.7156755553784786
2501643441,0.697912549583645
2093898101,0.693579455043263
2091189351,0.6911340777729497
2503766167,0.6850536828798659
2092082593,0.6849047940457504
1930993645,0.6808570378167071
2501316021,0.6724904267108633
2499720697,0.6692835248559672
2095391127,0.6690032011890833
2091991225,0.6676082660972007
2091253151,0.6660464405080702
2093023272,0.6646461257639065
2093028187,0.6606532762086958
2502054707,0.6570944384091876
1930938322,0.6519801733652917
2094550217,0.6483554202228685
1427659827,0.6358049554892284
2500213593,0.6300735611482504
2503215500,0.6259428871819579
2093026527,0.6236379034449335
2092873123,0.6130620360984277
1930968163,0.6126704360582664
2500440344,0.6113460726211264
2092864617,0.6049156561452272
2092856594,0.6045854806215554
1879124215,0.5957608628751584
2094604503,0.591735033187277
2501279374,0.5899808968971724
2499718954,0.5896073682375542
2502314702,0.577383859112045
1434669560,0.5739390355841958
2499342081,0.5593436236080311
1930227130,0.5565647782885609
2500106844,0.5536596654791406
1432924181,0.5456762424868488
2501731774,0.5440604332778345
1879788582,0.5427400250269199
1930991543,0.5425575919032535
2499310494,0.5345367215859858
1934311812,0.5306404758875083
1432716392,0.5265635718390426
2092020535,0.5262635282841874
2503528500,0.525462847905487
2092880697,0.5254366490405047
2095468603,0.5253331232456746
1433107491,0.5246001726756063
1427648447,0.5211977037098902
2503260092,0.5189731752674633
1930210082,0.5186888603596299
1434596990,0.5177684282405244
2502682142,0.5135692015230281
2501109061,0.51335433585506
1433228131,0.5120837892430146
1879791831,0.5041360268537841
1433174390,0.49640770159613495
1434618870,0.4878197189257596
2502998941,0.4746595078585126
1879801654,0.46224359850792446
1434155354,0.45936105419590506
2092771564,0.45709125665352374
1880425502,0.4471491043167959
2093951330,0.4451529046033219
1932646293,0.44355632349368035
1433485943,0.43815273500280666
2095450512,0.43783711677438847
1878599031,0.43449525215645707
2499252035,0.4322367793605089
2503636432,0.43190120221022776
2092040984,0.4310895728931199
1880503662,0.43088425901477034
1879779900,0.4293431541478422
2503031734,0.416990593198539
2095425472,0.4139104982475387
2093042013,0.40903901803172305
1880440000,0.3966926011882442
2095397813,0.39664924781221483
2093863125,0.3955219296752552
1932564172,0.3945374347686474
2502217292,0.3858653949610354
1879238355,0.38486712622040314
2092035373,0.38433202329698385
2091209265,0.3740588036488221
2500635473,0.3720272810975455
2502450323,0.36910863119895787
1433710197,0.36809099126635686
2501965535,0.36494971275990423
2094668761,0.3641126315551607
2503582314,0.3537900245220247
2502238784,0.3511217400376732
2092815477,0.3508728393097993
1930182094,0.34928775425952946
2092826257,0.3482730290941858
2499389062,0.3402489445673194
2502219574,0.3358554761287563
2502552852,0.3336631181521872
2091180495,0.330810142098333
2502320960,0.327973272670085
1930160470,0.326864079750867
2501599092,0.32432692938901303
2502188240,0.31979752438200537
1879167575,0.3183223085509414
2502425540,0.31154157774697255
2503451410,0.30807368593704537
2500157893,0.30716490558333204
1427842945,0.3067450645236357
1932610242,0.3060080076486598
2502590442,0.3055627653104293
1439545517,0.30530313032187256
2501598150,0.3021429308683542
1427808664,0.29975082216350224
2502492422,0.29862023165616824
2093065220,0.29265239217989847
2499319227,0.28949519297087095
2503257965,0.2887083222600691
1933510842,0.27714884090014325
2501499422,0.27658245956169786
2092872161,0.27460567623324134
1433119840,0.27365891967563255
1933517253,0.26310254555595913
2093958040,0.26212319754999575
2500774710,0.2616526971922176
2093025897,0.2615806610498812
2503026234,0.25764576842302295
1433531634,0.2484617118147885
2500157837,0.2472625972649035
2501252125,0.24642099982785495
1432651341,0.2410578228024306
1930224904,0.2323998539205474
1880519110,0.2320357085215646
2093930581,0.2318648133225278
2503742070,0.22645486732538966
2500414825,0.22619345327039225
2502849382,0.21915615593192003
2499885794,0.2172955041465534
1879826575,0.21722587217436928
2501906010,0.21672461527760162
2499552123,0.2076292066658018
1434710283,0.20648295329530209
2499530091,0.2044876218469865
2093965473,0.20336119038600162
2501853565,0.2031878539254829
1930937671,0.1981005460839282
2499858797,0.19611508737958824
2091952831,0.19538724115845882
2502243282,0.19456729306031847
2501901683,0.1899878937075854
2501479774,0.18703925327135343
2499270867,0.18310465726921515
2502698673,0.17825184957342816
2501387574,0.17802120420836026
2499606560,0.17662208473672333
2499223904,0.17649420945452432
2503346140,0.17519016246152672
2501761580,0.1732576559342597
2502515742,0.16988817927076388
2094608093,0.16849967475144473
2502114942,0.1677267061450324
2503638252,0.16764073151778525
2501721060,0.1659106519034959
2501726255,0.16517706603347118
2501207730,0.16489118866137095
2499282703,0.16428002621263166
2501305902,0.16372927429863435
2499682364,0.1624506736767042
2499345390,0.16077354523313636
2499802202,0.1600377759464099
2502844741,0.15771927811545444
2501904833,0.15569628621905188
2501049334,0.1556156017377331
1929309083,0.1539408497851019
2499704044,0.15235786598912776
2502987530,0.1503868677048842
2501235352,0.14782242112108274
2501971577,0.1470289723709303
2499470951,0.1460434496678184
2503779132,0.14389383047269208
2499470433,0.1433133872411245
2501414641,0.14285474148478838
2092832282,0.1424768476705277
2501512930,0.14111188097007266
2503465050,0.1405390415568075
2502634473,0.1367396536909101
2501791630,0.13649059375217257
2499671352,0.13565846338241833
2503924824,0.13096157065965128
2502802233,0.13004612668940876
2499633757,0.12809848338696472
2500342187,0.12484686570075298
2501268972,0.12449292358057894
2503725854,0.1219007303120504
1933512572,0.12067845592042435
2500410693,0.12024184641904315
2501198700,0.12022052462431537
2503792674,0.12001149442990793
2500409523,0.11983672129230072
2499393542,0.11398594255018736
2500304223,0.11271034038422272
1933521190,0.11199921670281247
2502875953,0.09677455180838435
