1427827193
1427842754
1432678663
1432873234
1433295302
1433387630
1433421914
1433801823
1433895692
1433942014
1434001361
1434351980
1434546357
1434581652
1434598107
1434729014
1439337317
1439508610
1439573285
1439657935
1878603280
1878604502
1879132153
1879144342
1879154743
1879163237
1879170853
1879171767
1879197517
1879231235
1879231473
1879768667
1879778934
1879782727
1879783317
1879785770
1879793504
1879801004
1879808641
1879815701
1879828017
1879834032
1879835235
1879842480
1879850863
1879864620
1879874773
1879903837
1879905132
1879906035
1880436902
1880444193
1880447607
1880456667
1880511512
1880521111
1880526522
1880531900
1880536547
1929310913
1929311095
1930171180
1930217094
1930226681
1930252125
1930935141
1930940482
1930952943
1930965037
1930978947
1931002243
1931024270
1931624827
1931683367
1932444720
1932449565
1932457121
1932474750
1932489493
1932499864
1932510840
1932517127
1932518693
1932549094
1932579397
1932596190
1932618814
1932621981
1932625815
1932629334
1932640463
1932644784
1933510172
1933517945
1933554442
1934304161
1934319807
2091183357
2091190291
2091204850
2091248085
2091282944
2091947957
2091975575
2091980837
2092015275
2092056352
2092069681
2092082714
2092092363
2092769907
2092770940
2092781660
2092788182
2092795221
2092798582
2092807483
2092816615
2092827407
2092847575
2092856627
2092859724
2092878423
2092885884
2092892882
2092898682
2092900103
2092903995
2092911304
2092928791
2092946140
2093004503
2093007252
2093857540
2093874874
2093875384
2093876867
2093879035
2093893837
2093920205
2093936724
2093975224
2093980364
2094580910
2094660474
2095355170
2095407751
2095418863
2095433500
2095443221
2095461977
2095479251
2095490497
2096190817
2096248387
2499312962
2499319144
2499336282
2499341444
2499348442
2499427265
2499502237
2499546570
2499600914
2499601384
2499601542
2499608952
2499647033
2499653207
2499695035
2499813827
2499874094
2499878377
2499884494
2499893771
2499897594
2500139762
2500179830
2500204154
2500248664
2500287420
2500325143
2500337507
2500340807
2500361373
2500382151
2500387940
2500389924
2500413730
2500467523
2500474501
2500487094
2500521623
2500570347
2500809563
2500829612
2500837612
2501004944
2501022980
2501049604
2501149557
2501159582
2501372632
2501413833
2501435435
2501435522
2501478364
2501508790
2501511095
2501542111
2501566832
2501587522
2501601415
2501661277
2501690192
2501710725
2501786493
2501857660
2501875130
2501903100
2501917672
2501923120
2502034863
2502067570
2502159697
2502181382
2502277593
2502292307
2502313537
2502346864
2502398787
2502443290
2502530070
2502531812
2502536111
2502562710
2502631264
2502720544
2502758985
2502783080
2502813454
2502823695
2502832545
2502895714
2502989862
2502991402
2503030942
2503063872
2503083920
2503095484
2503116461
2503141247
2503180171
2503186604
2503242393
2503245194
2503380420
2503476074
2503480892
2503528392
2503639857
2503665121
2503694160
2503698832
2503791860
2503819321
2503831170
2503852894
2503889664
