1427592465
1427675612
1427810841
1427844833
1432612943
1432695027
1432700083
1432703867
1432710393
1432718793
1433033120
1433053694
1433077095
1433223142
1433297062
1433346464
1433474031
1433512494
1433543690
1433546963
1433562390
1433582422
1433625632
1433693345
1433718202
1433736781
1433770634
1433779463
1433955482
1433993833
1434176520
1434181010
1434224355
1434245380
1434285184
1434380940
1434414634
1434513973
1434553561
1434607403
1439368315
1439395165
1439408702
1439414705
1439543974
1439613093
1439621463
1878574173
1878575957
1878580004
1878585863
1878594701
1878596620
1878598573
1879138212
1879140622
1879140955
1879141082
1879142512
1879164687
1879165147
1879168147
1879173404
1879175861
1879207025
1879226021
1879227165
1879246974
1879768300
1879774782
1879778215
1879779734
1879781372
1879798084
1879822355
1879830405
1879830417
1879842675
1879848477
1879870725
1879885270
1879896341
1879906982
1880425242
1880426610
1880447703
1880452447
1880454912
1880460051
1880470220
1880471322
1880476692
1880477263
1880477391
1880479792
1880488212
1880492085
1880496792
1880500503
1880503815
1880504602
1880513753
1880513994
1880526407
1880532272
1880532331
1880532340
1880538272
1880540863
1880541534
1880541811
1929304267
1929304691
1929305094
1929306943
1929310313
1930138105
1930148935
1930157535
1930163130
1930166677
1930168055
1930187045
1930204572
1930211353
1930212347
1930219040
1930221823
1930224053
1930232087
1930233795
1930238133
1930253713
1930254163
1930935560
1930941090
1930943517
1930944872
1930953321
1930958202
1930961223
1930971677
1930973297
1930979700
1931003797
1931005191
1931006010
1931006257
1931006501
1931021600
1931600284
1931601770
1931602755
1931632375
1931635682
1931648893
1931649515
1931651651
1931661347
1931664742
1931668753
1931670954
1931675414
1931676065
1931679622
1932430190
1932433070
1932444564
1932465142
1932541830
1932544583
1932596207
1933502711
1933525097
1933539462
1933544141
1933549103
1933550210
1933597017
1934296252
1934302087
1934304752
2091185112
2091187603
2091203791
2091205603
2091225601
2091240091
2091247595
2091256321
2091264563
2091268515
2091269033
2091270412
2091949687
2091972133
2091976697
2091982500
2091990075
2091997493
2092007395
2092014177
2092015653
2092037064
2092056530
2092067177
2092070251
2092091040
2092093090
2092754465
2092815533
2092819941
2092820933
2092835431
2092851002
2092870902
2092874561
2092882041
2092921772
2092940467
2092971594
2092998467
2093018290
2093037167
2093878794
2093883721
2093886667
2093898481
2093902504
2093917913
2093926101
2093949481
2093950000
2093950825
2094560175
2094583363
2094593570
2094611334
2094641831
2094648494
2094662255
2094670660
2094674662
2094677064
2094694511
2094695095
2095337017
2095351923
2095355117
2095356013
2095379871
2095384984
2095422492
2095432555
2095450703
2095452473
2095456460
2095476407
2095483775
2095490667
2096197135
2096201044
2096259373
2096265992
2499242150
2499247720
2499254732
2499255137
2499264150
2499283687
2499290604
2499292140
2499292994
2499302000
2499308220
2499323951
2499350100
2499362737
2499378250
2499380584
2499396327
2499459012
2499479641
2499480580
2499480615
2499519152
2499525472
2499535565
2499603604
2499631990
2499644360
2499680563
2499706400
2499731124
2499756682
2499772550
2499784602
2499823914
2499835172
2499862680
2500134344
2500263481
2500284384
2500320512
2500386357
2500562923
2500625945
2500726200
2500780277
2500811717
2500823070
2500884924
2500919280
2501018897
2501024594
2501040410
2501134382
2501172514
2501216275
2501252530
2501322434
2501324530
2501412120
2501429182
2501479484
2501558693
2501590725
2501604981
2501624163
2501782910
2501822880
2501846864
2501896357
2501922932
2501952420
2501953380
2501972754
2501973681
2501980387
2502048872
2502088490
2502094112
2502107100
2502119500
2502124400
2502130825
2502137600
2502146670
2502154412
2502161500
2502163757
2502200612
2502254232
2502348787
2502349657
2502371055
2502384194
2502398367
2502447625
2502518690
2502532600
2502537130
2502551467
2502564430
2502610444
2502675011
2502712034
2502796770
2502831002
2502861462
2502926130
2503004920
2503212142
2503382054
2503390092
2503418130
2503434493
2503480454
2503608340
2503610712
2503648694
2503656442
2503662834
2503756910
2503795060
2503800525
2503901374
2503906995
2503908500
