1427593052
1427603034
1427617877
1427683122
1427718637
1427723110
1427733824
1427743413
1427747761
1427756644
1427763725
1427772955
1427778110
1427799307
1427823420
1432614015
1432645435
1432655664
1432681345
1432727987
1432780360
1432820162
1432850304
1432854021
1432914911
1432921335
1432938931
1432974172
1433091910
1433105404
1433125275
1433135582
1433142511
1433147821
1433158862
1433210013
1433215493
1433219794
1433237377
1433323862
1433355884
1433416121
1433428644
1433453934
1433469242
1433472964
1433485577
1433545233
1433555144
1433574121
1433575607
1433595587
1433603622
1433605720
1433639712
1433645242
1433648293
1433653180
1433669217
1433801845
1433817424
1433818842
1433874220
1433876622
1433953135
1434025824
1434053521
1434056841
1434098305
1434103644
1434105404
1434134055
1434150537
1434170697
1434173303
1434221621
1434223700
1434256870
1434271175
1434275153
1434307661
1434370320
1434371363
1434375872
1434409692
1434419811
1434434457
1434454671
1434465884
1434475192
1434490112
1434492110
1434527732
1434528151
1434595612
1434624161
1434670014
1434681592
1434682201
1434682307
1434686293
1434698981
1434728167
1434740355
1434746781
1434757120
1439316504
1439333891
1439375430
1439456073
1439503732
1439558282
1439558741
1439606430
1439612393
1439625305
1878576610
1878576942
1878577927
1878578683
1878587655
1878592112
1878592497
1878595455
1879124225
1879124530
1879126040
1879128247
1879132660
1879133713
1879136677
1879138105
1879141490
1879148865
1879156962
1879160480
1879161390
1879161394
1879171703
1879171964
1879172363
1879172645
1879192483
1879201087
1879209727
1879210305
1879217553
1879229867
1879234225
1879235833
1879237691
1879241163
1879243473
1879244523
1879244590
1879788780
1879798434
1879799467
1879803764
1879804595
1879811190
1879811951
1879812094
1879822735
1879823515
1879823544
1879826137
1879827145
1879829492
1879832175
1879838980
1879842345
1879843121
1879843593
1879847140
1879848425
1879857292
1879859157
1879861867
1879862297
1879865763
1879865887
1879876034
1879881704
1879884032
1879903894
1879905425
1879905741
1879911341
1879912115
1879912515
1879912811
1880427971
1880431174
1880433195
1880433261
1880437117
1880451477
1880466211
1880466291
1880472962
1880480387
1880483622
1880497214
1880498892
1880504282
1880504970
1880512835
1880518477
1880519952
1880525774
1880530643
1880540274
1929302403
1929307921
1929310631
1929313661
1930137325
1930152110
1930156691
1930165154
1930170433
1930176135
1930180307
1930182093
1930190197
1930204877
1930209471
1930215645
1930216771
1930217913
1930226141
1930241761
1930245727
1930247287
1930249050
1930253155
1930930473
1930931277
1930935654
1930938195
1930944447
1930950261
1930993377
1930994640
1931013184
1931013474
1931022777
1931024295
1931026877
1931588805
1931592161
1931597893
1931616044
1931618811
1931622005
1931643020
1931645105
1931646127
1931646514
1931655571
1931664034
1931667907
1931670620
1931674885
1931689031
1931691634
1931692844
1932434035
1932435117
1932451642
1932462110
1932462435
1932465310
1932470121
1932482165
1932493667
1932493733
1932497115
1932499902
1932505922
1932508897
1932516703
1932528487
1932529017
1932532430
1932542115
1932543735
1932577857
1932584077
1932602235
1932603692
1932616481
1932639421
1932651784
1932652601
1932653043
1933497437
1933513103
1933513673
1933515570
1933537260
1933538050
1933546200
1933558965
1933568613
1933568853
1933574671
1933585883
1933598391
1934295907
1934297917
1934298784
1934312014
1934313081
1934315214
2091197675
2091200190
2091202565
2091210800
2091219055
2091224171
2091227401
2091229303
2091236781
2091248804
2091253160
2091258865
2091261752
2091266807
2091271812
2091278557
2091282032
2091966230
2091968752
2091969220
2091973345
2091981394
2092002621
2092002925
2092005470
2092008871
2092018050
2092019887
2092022400
2092028602
2092034272
2092034780
2092040310
2092051754
2092057382
2092062134
2092062827
2092063477
2092063834
2092064654
2092065617
2092065834
2092066125
2092067001
2092067604
2092068657
2092093181
2092763127
2092769611
2092770362
2092775787
2092776444
2092787927
2092790137
2092792555
2092794291
2092802794
2092817835
2092832314
2092832394
2092832452
2092838991
2092847721
2092864520
2092870905
2092882334
2092887923
2092892323
2092902285
2092915727
2092925991
2092926083
2092930844
2092932207
2092942010
2092942884
2092944212
2092953222
2092956663
2092959164
2092986322
2093019022
2093040804
2093050347
2093051931
2093065802
2093070470
2093071285
2093081852
2093089071
2093092247
2093092390
2093857044
2093872135
2093895642
2093907865
2093907945
2093932195
2093936937
2093942435
2093943435
2093943487
2093950760
2093955515
2093980440
2093984407
2093986285
2094569183
2094570007
2094609673
2094609697
2094615401
2094634373
2094638767
2094642871
2094646703
2094659371
2094671105
2094677365
2095337601
2095339303
2095344835
2095348484
2095349422
2095354125
2095373041
2095377207
2095378004
2095379051
2095389374
2095391001
2095395451
2095401971
2095405902
2095429191
2095430460
2095447640
2095448302
2095456105
2095468952
2095476430
2095493951
2096203175
2096220847
2096222114
2096227133
2096234531
2096237952
2096238157
2096243060
2096266562
2096273465
2499213580
2499218462
2499240954
2499247624
2499258051
2499269440
2499276117
2499289927
2499294700
2499297514
2499301170
2499331070
2499360504
2499412972
2499428540
2499463584
2499493190
2499494255
2499503285
2499522487
2499533087
2499535077
2499544204
2499565314
2499577440
2499614332
2499645421
2499674857
2499721744
2499739313
2499761712
2499785027
2499806153
2499817550
2499819592
2499860350
2500114681
2500128913
2500139662
2500145240
2500147711
2500161752
2500215957
2500224242
2500234743
2500238875
2500308852
2500319487
2500347237
2500383502
2500389553
2500416025
2500446523
2500456320
2500487107
2500514000
2500522135
2500580865
2500585022
2500682675
2500688014
2500725931
2500739710
2500759554
2500767104
2500774780
2500819390
2500852682
2500862077
2500876904
2500896810
2500910092
2500910552
2500922980
2500945574
2500957827
2500971053
2500972744
2500973460
2501007541
2501068090
2501075082
2501091467
2501149044
2501165172
2501232520
2501233234
2501275014
2501277372
2501303174
2501307115
2501369984
2501378220
2501424261
2501428564
2501446557
2501465580
2501497002
2501529640
2501558950
2501576382
2501577444
2501592432
2501610264
2501698604
2501760072
2501801972
2501810390
2501830371
2501848827
2501849394
2501857814
2501861542
2501947111
2501960571
2502005027
2502021250
2502022563
2502024915
2502026814
2502030691
2502041342
2502049053
2502049552
2502073675
2502089410
2502092437
2502096164
2502103375
2502148720
2502154492
2502235563
2502237927
2502255860
2502269002
2502353873
2502365680
2502367615
2502368457
2502372834
2502430597
2502453430
2502465040
2502468280
2502495952
2502547051
2502567325
2502575757
2502662673
2502675917
2502706423
2502773247
2502788671
2502859782
2502871610
2502914017
2502934610
2502935580
2502945472
2502994212
2503030154
2503056380
2503058232
2503101385
2503110377
2503117425
2503175015
2503186207
2503187662
2503193011
2503254714
2503278492
2503325382
2503345752
2503354812
2503380151
2503420091
2503431190
2503469327
2503469850
2503513380
2503520814
2503547500
2503589981
2503647720
2503671800
2503692124
2503719755
2503750192
2503763283
2503768927
2503769820
2503810090
2503815403
2503846912
2503889531
2503901890
