1427590831
1427591573
1427592300
1427602503
1427603313
1427605041
1427608695
1427612513
1427616657
1427616842
1427616882
1427620683
1427626355
1427654367
1427656354
1427662425
1427672811
1427682987
1427688265
1427699837
1427701864
1427714217
1427716044
1427716985
1427731845
1427733671
1427751365
1427751511
1427757742
1427758353
1427770475
1427778630
1427785057
1427798572
1427803060
1427827570
1427830533
1427834320
1427835531
1427836754
1427837635
1427840352
1427841315
1427848567
1427851377
1427854112
1427855105
1427860691
1427862181
1427864260
1427864321
1427869902
1427871170
1427875813
1427876533
1427880974
1427890455
1427893767
1427900227
1432602970
1432612955
1432616984
1432622324
1432633995
1432645403
1432659015
1432660452
1432662141
1432663931
1432674253
1432684130
1432691295
1432702001
1432702731
1432724711
1432725760
1432725934
1432735085
1432761741
1432785024
1432785783
1432791601
1432804503
1432805264
1432805790
1432836790
1432866452
1432895575
1432936420
1432947320
1432947450
1432954130
1432981687
1433003152
1433003823
1433014400
1433027131
1433032465
1433032790
1433039047
1433043994
1433057603
1433059564
1433060821
1433063440
1433068453
1433070232
1433072795
1433075185
1433088241
1433119823
1433128597
1433128943
1433130224
1433134215
1433135800
1433138330
1433141692
1433144245
1433144307
1433158597
1433162625
1433163723
1433168190
1433193614
1433205823
1433207191
1433210537
1433218652
1433219630
1433219737
1433228373
1433228560
1433229632
1433230401
1433242512
1433245247
1433246401
1433264242
1433265597
1433277800
1433286642
1433294943
1433298592
1433300397
1433302311
1433304605
1433305461
1433305747
1433310914
1433311821
1433325045
1433329774
1433341277
1433341422
1433345865
1433346527
1433353080
1433368312
1433368557
1433378471
1433385411
1433385627
1433386395
1433390473
1433392064
1433393804
1433397405
1433399202
1433399264
1433417231
1433424017
1433428820
1433430875
1433447725
1433447874
1433466462
1433467250
1433472412
1433472793
1433478450
1433481133
1433483257
1433496540
1433496890
1433502264
1433503065
1433504873
1433506392
1433518063
1433518354
1433521667
1433535591
1433539910
1433551501
1433552760
1433554382
1433558991
1433560783
1433562093
1433571440
1433575465
1433578515
1433579144
1433582030
1433583043
1433594093
1433595894
1433596194
1433596983
1433601890
1433606504
1433609564
1433621423
1433631280
1433636373
1433637537
1433638020
1433639300
1433646237
1433646922
1433647611
1433650865
1433653314
1433657347
1433658445
1433665610
1433668467
1433668703
1433673030
1433684545
1433685875
1433691375
1433710540
1433711954
1433713134
1433714461
1433718850
1433726903
1433727052
1433730470
1433739244
1433742643
1433751803
1433758267
1433758735
1433764400
1433781027
1433800261
1433801405
1433803721
1433810817
1433830194
1433833077
1433845555
1433852991
1433855575
1433857384
1433864152
1433866004
1433872087
1433875892
1433899854
1433903955
1433933491
1433935884
1433943210
1433951991
1433959054
1433960787
1433962915
1433965811
1433996671
1433999665
1434000117
1434000397
1434002060
1434002732
1434015837
1434022643
1434029531
1434029707
1434032063
1434037477
1434040484
1434044670
1434052213
1434054744
1434066280
1434066772
1434078367
1434081092
1434083793
1434088937
1434093435
1434096183
1434104447
1434114220
1434117060
1434118543
1434119177
1434125854
1434137012
1434138737
1434139611
1434143190
1434145857
1434162980
1434177157
1434178744
1434180100
1434182501
1434184805
1434186564
1434190202
1434190651
1434193271
1434197324
1434198271
1434199081
1434203610
1434224753
1434226220
1434228821
1434231522
1434235581
1434243861
1434251832
1434258574
1434263584
1434268952
1434269131
1434273737
1434282604
1434282653
1434283474
1434289237
1434301931
1434307681
1434310311
1434314877
1434333017
1434338352
1434339064
1434339604
1434341077
1434345395
1434348073
1434351692
1434362572
1434366115
1434386065
1434388940
1434392503
1434402060
1434410281
1434418352
1434419542
1434419591
1434420062
1434420081
1434421631
1434424903
1434424964
1434425714
1434426213
1434426421
1434428723
1434430871
1434440064
1434447807
1434448551
1434452683
1434452853
1434456800
1434460071
1434461050
1434463354
1434465751
1434476397
1434476591
1434477690
1434482170
1434483330
1434489412
1434491204
1434495821
1434498742
1434502651
1434503647
1434504367
1434507202
1434508174
1434510235
1434510764
1434515530
1434517001
1434527361
1434531735
1434532894
1434533641
1434533667
1434536551
1434538050
1434539925
1434541951
1434542493
1434544483
1434544513
1434544810
1434551585
1434552554
1434555724
1434557285
1434558484
1434559071
1434559737
1434559965
1434564321
1434564737
1434566265
1434566994
1434573703
1434585263
1434593852
1434595863
1434596923
1434599762
1434604293
1434605320
1434618061
1434618582
1434634922
1434635635
1434639643
1434641584
1434642131
1434642151
1434642433
1434643147
1434645745
1434650910
1434654963
1434655804
1434660360
1434660721
1434669562
1434675543
1434675640
1434682553
1434694457
1434701294
1434704997
1434711242
1434711685
1434715795
1434717217
1434717900
1434718541
1434720022
1434720681
1434721137
1434730644
1434731981
1434732514
1434732715
1434734410
1434744771
1434747404
1434747630
1434750034
1434755755
1434758281
1434763932
1434764827
1434766840
1434767884
1434768663
1434769525
1434771544
1439320732
1439331640
1439332734
1439332807
1439345361
1439358541
1439362620
1439369912
1439370650
1439371020
1439374924
1439377027
1439385562
1439386423
1439387340
1439393620
1439398441
1439407052
1439414042
1439414435
1439422443
1439427684
1439430370
1439434345
1439442072
1439451013
1439459871
1439462111
1439464677
1439475123
1439482777
1439497600
1439498664
1439502590
1439506484
1439518811
1439520395
1439521832
1439532923
1439545115
1439545701
1439551730
1439563882
1439578930
1439584702
1439591115
1439595414
1439596052
1439597407
1439599741
1439615295
1439619540
1439626837
1878573973
1878574214
1878574921
1878575471
1878576484
1878577095
1878577443
1878577960
1878578191
1878578202
1878578405
1878578874
1878579107
1878580667
1878581001
1878581232
1878582551
1878582611
1878582655
1878583115
1878583133
1878583483
1878584035
1878584127
1878584581
1878584853
1878585281
1878585421
1878586385
1878586877
1878587204
1878587233
1878588667
1878591313
1878592927
1878593964
1878594043
1878594980
1878595062
1878596054
1878596574
1878597082
1878597327
1878599187
1878600987
1878601113
1878601291
1878601672
1878602162
1878602370
1878603547
1878603625
1878604481
1878604512
1879126244
1879126995
1879128395
1879128591
1879128653
1879129565
1879129987
1879130233
1879130384
1879130405
1879131197
1879131770
1879132813
1879132835
1879133002
1879133105
1879134031
1879134130
1879134392
1879135213
1879135231
1879135361
1879135614
1879136302
1879137657
1879137674
1879137984
1879138273
1879139004
1879139245
1879139463
1879140324
1879140633
1879141351
1879142160
1879143957
1879144844
1879145080
1879145085
1879145194
1879145580
1879146051
1879146145
1879146667
1879146695
1879146780
1879147112
1879147780
1879148511
1879148700
1879149213
1879149511
1879150034
1879150325
1879150955
1879151193
1879151823
1879151930
1879151935
1879152041
1879153037
1879153543
1879154083
1879154217
1879154673
1879154851
1879155071
1879155302
1879155530
1879155643
1879155741
1879155935
1879156402
1879156641
1879157282
1879158530
1879159552
1879159590
1879159893
1879160491
1879160514
1879161247
1879161730
1879162233
1879162604
1879162870
1879165097
1879165430
1879166127
1879166473
1879166904
1879167022
1879167103
1879167280
1879167552
1879168323
1879168340
1879168733
1879168807
1879169402
1879169925
1879169997
1879170940
1879171053
1879172017
1879173071
1879174047
1879174481
1879174594
1879174884
1879176385
1879176392
1879176622
1879177731
1879178187
1879179924
1879182765
1879183200
1879183244
1879183555
1879183745
1879184040
1879184517
1879184551
1879187432
1879187595
1879187742
1879188362
1879189223
1879189522
1879189547
1879189555
1879190432
1879190741
1879191701
1879191871
1879192453
1879193544
1879193925
1879194397
1879194432
1879194601
1879194917
1879195004
1879196597
1879197002
1879198502
1879199295
1879199610
1879200053
1879200502
1879200961
1879201371
1879202050
1879202681
1879203193
1879203352
1879203637
1879204481
1879204533
1879204733
1879207284
1879207801
1879208142
1879208353
1879210993
1879211305
1879212093
1879213093
1879213375
1879214020
1879214497
1879214581
1879215861
1879216587
1879217103
1879217593
1879220197
1879220321
1879220504
1879221370
1879223413
1879223590
1879223875
1879224264
1879224677
1879224927
1879225737
1879225765
1879227784
1879227964
1879230497
1879230850
1879231355
1879231743
1879232197
1879232271
1879232854
1879233882
1879234001
1879234602
1879234880
1879235277
1879235340
1879238341
1879240773
1879241531
1879241701
1879241787
1879243234
1879248705
1879768104
1879768342
1879768393
1879768804
1879769734
1879769781
1879770050
1879770063
1879770454
1879771057
1879771370
1879773321
1879773981
1879774441
1879774574
1879775550
1879775944
1879777331
1879777673
1879779583
1879781792
1879783072
1879784077
1879785245
1879786732
1879788732
1879789757
1879789970
1879790140
1879790333
1879791110
1879791924
1879792962
1879793210
1879793421
1879793953
1879794900
1879794964
1879795537
1879796033
1879797051
1879797891
1879797933
1879800564
1879801550
1879801771
1879802041
1879802107
1879802454
1879802911
1879803475
1879803624
1879804230
1879804590
1879805097
1879806221
1879806462
1879807004
1879808471
1879808512
1879809534
1879810073
1879810662
1879811431
1879811904
1879812475
1879812695
1879812770
1879812904
1879813020
1879813224
1879813484
1879813564
1879814304
1879815304
1879815392
1879816440
1879816730
1879818790
1879820723
1879822001
1879823630
1879823803
1879824034
1879824354
1879824454
1879826700
1879828032
1879828401
1879829462
1879831075
1879831662
1879832410
1879834875
1879835433
1879835622
1879835940
1879836024
1879836104
1879836662
1879837111
1879837990
1879838192
1879838455
1879838604
1879838747
1879839551
1879840017
1879840172
1879840542
1879840867
1879841014
1879841224
1879841305
1879841492
1879843151
1879843533
1879843600
1879844673
1879844885
1879844887
1879845963
1879846724
1879847300
1879847921
1879848010
1879848224
1879849895
1879850750
1879852660
1879853647
1879853932
1879854537
1879855071
1879855724
1879856112
1879856344
1879856853
1879857984
1879858787
1879860222
1879861454
1879861982
1879861984
1879862424
1879863990
1879864903
1879865350
1879866563
1879867287
1879868534
1879870332
1879870634
1879870794
1879871012
1879871217
1879872130
1879872902
1879875315
1879876312
1879876820
1879878010
1879878254
1879878690
1879878740
1879880354
1879882734
1879882765
1879882810
1879883812
1879883942
1879884724
1879884974
1879886464
1879886614
1879887034
1879887305
1879888392
1879888805
1879890132
1879890220
1879890827
1879890940
1879892092
1879893423
1879893545
1879894060
1879894420
1879894654
1879894863
1879896024
1879898995
1879899142
1879899610
1879899837
1879900004
1879900374
1879901255
1879901644
1879901992
1879902534
1879902582
1879902965
1879903004
1879903355
1879903515
1879904025
1879905101
1879908023
1879908067
1879908332
1879908932
1879909450
1879911024
1879911894
1879912241
1879912771
1880424747
1880425094
1880426505
1880426713
1880427535
1880427695
1880428513
1880429174
1880433130
1880434252
1880434772
1880435202
1880436792
1880438183
1880438257
1880438927
1880439182
1880440770
1880441331
1880442022
1880442072
1880443285
1880443441
1880443695
1880445213
1880446442
1880447342
1880448245
1880449090
1880450407
1880450772
1880451044
1880451182
1880451887
1880451972
1880452731
1880453697
1880455814
1880456120
1880456420
1880456647
1880457192
1880457402
1880457553
1880459165
1880459891
1880461842
1880463174
1880466722
1880466742
1880469012
1880470582
1880471021
1880472232
1880472723
1880474951
1880475155
1880475223
1880476002
1880476042
1880476520
1880476694
1880476793
1880476943
1880477453
1880478602
1880479080
1880481251
1880482604
1880483405
1880483995
1880485342
1880488485
1880488502
1880490507
1880491662
1880491875
1880494010
1880494383
1880494774
1880495045
1880495271
1880495633
1880496205
1880496345
1880497102
1880497114
1880500124
1880500342
1880500567
1880501330
1880501890
1880501980
1880502085
1880502731
1880503622
1880503964
1880504060
1880505813
1880505975
1880506000
1880506252
1880507171
1880507394
1880507755
1880507833
1880509377
1880510905
1880511060
1880511160
1880511241
1880511327
1880511843
1880512414
1880512672
1880512827
1880513130
1880514180
1880514311
1880516174
1880517107
1880518065
1880518163
1880518192
1880518521
1880519011
1880520570
1880521572
1880521683
1880521735
1880522272
1880523237
1880526357
1880526592
1880526935
1880527400
1880528621
1880529157
1880529565
1880530547
1880530810
1880530875
1880531513
1880531821
1880532025
1880532087
1880532555
1880532903
1880534213
1880534613
1880535191
1880535341
1880536125
1880537700
1880538765
1880538780
1880540874
1880541425
1880542581
1880543295
1880544120
1880544771
1880544807
1929305261
1929305951
1929307083
1929308057
1929308107
1929309203
1929311842
1929317141
1929317197
1930137013
1930137101
1930138130
1930138403
1930139031
1930140375
1930140941
1930141241
1930141311
1930145571
1930145635
1930148211
1930148371
1930148521
1930148957
1930148975
1930149441
1930149725
1930149945
1930150663
1930152335
1930153433
1930154233
1930154655
1930155393
1930155762
1930156640
1930158634
1930160684
1930162164
1930162215
1930162385
1930164047
1930164227
1930164693
1930165005
1930165571
1930166385
1930170022
1930172151
1930172281
1930172525
1930172921
1930174177
1930174345
1930175220
1930175471
1930175854
1930177004
1930178262
1930179875
1930180117
1930180122
1930183113
1930183377
1930183927
1930186090
1930186197
1930187431
1930187851
1930188835
1930188871
1930189123
1930190805
1930191663
1930193667
1930195211
1930196033
1930196420
1930196795
1930196863
1930197052
1930198071
1930198160
1930199167
1930200011
1930201521
1930201665
1930202785
1930203011
1930203374
1930207171
1930207255
1930207641
1930209777
1930211141
1930211315
1930211501
1930212491
1930212753
1930214073
1930215614
1930215635
1930216252
1930217551
1930219773
1930220551
1930220847
1930222465
1930222534
1930222963
1930224192
1930225351
1930225993
1930226091
1930226754
1930226962
1930227733
1930228001
1930228511
1930228834
1930229253
1930229561
1930229825
1930233401
1930236085
1930237825
1930238760
1930239843
1930241967
1930242275
1930243203
1930244925
1930245992
1930246545
1930248343
1930248475
1930249087
1930251057
1930251763
1930252473
1930253297
1930253957
1930927003
1930928551
1930930292
1930932124
1930936075
1930938422
1930939505
1930939995
1930940283
1930940544
1930943243
1930943263
1930944465
1930944562
1930945923
1930947445
1930947453
1930948044
1930948903
1930949072
1930949627
1930950260
1930950300
1930951374
1930951603
1930953171
1930953733
1930954471
1930955204
1930955494
1930956663
1930958281
1930958424
1930958893
1930960975
1930963421
1930963823
1930965767
1930965995
1930966635
1930966837
1930969033
1930969505
1930969773
1930970155
1930970327
1930970873
1930971255
1930973831
1930973967
1930974695
1930976177
1930976787
1930978534
1930978814
1930981352
1930981985
1930982315
1930982357
1930982635
1930983443
1930984960
1930985463
1930987565
1930988275
1930990001
1930992041
1930993477
1930994542
1930994552
1930994834
1930996643
1930997573
1930999183
1930999350
1931002220
1931002392
1931003013
1931006322
1931008083
1931008345
1931008920
1931009541
1931009925
1931010185
1931010914
1931011233
1931012337
1931012665
1931013757
1931013913
1931015301
1931016063
1931017185
1931017420
1931018977
1931021683
1931022017
1931022651
1931024783
1931026140
1931026252
1931026347
1931026637
1931028312
1931028313
1931028585
1931588261
1931588647
1931590410
1931590945
1931592151
1931592542
1931592705
1931593950
1931594170
1931595353
1931599557
1931602441
1931602815
1931603865
1931604093
1931606564
1931607770
1931608247
1931609357
1931610907
1931611361
1931614801
1931615354
1931617721
1931618645
1931619101
1931619820
1931620197
1931622151
1931622455
1931622735
1931626407
1931626655
1931627153
1931629201
1931629247
1931631663
1931633071
1931633151
1931633462
1931634564
1931635213
1931635527
1931636617
1931638127
1931638380
1931638773
1931639002
1931639725
1931639727
1931639737
1931640457
1931641727
1931641951
1931642852
1931644995
1931645227
1931646317
1931646343
1931646933
1931648751
1931653431
1931654123
1931654175
1931655655
1931656571
1931657053
1931658070
1931658225
1931658307
1931660912
1931661997
1931662031
1931664044
1931664441
1931665431
1931666521
1931666694
1931667255
1931668791
1931669875
1931670540
1931670622
1931671902
1931672847
1931673274
1931673484
1931674083
1931677815
1931679971
1931681844
1931683174
1931685907
1931686391
1931687261
1931688225
1931688311
1931688484
1931690637
1931691605
1931691851
1931691981
1931692594
1931693170
1931693722
1931694330
1931695150
1931696723
1932427615
1932428662
1932432055
1932441291
1932446255
1932448024
1932448843
1932449774
1932450391
1932452561
1932453091
1932453615
1932455594
1932456487
1932457627
1932459383
1932459477
1932459814
1932461857
1932466341
1932468067
1932468252
1932470601
1932474873
1932477583
1932481550
1932482801
1932489642
1932494700
1932495843
1932495905
1932496917
1932498447
1932499622
1932499721
1932500584
1932500973
1932505013
1932505485
1932507002
1932512560
1932513320
1932517464
1932517774
1932517893
1932519405
1932521001
1932521945
1932522361
1932526457
1932526717
1932527695
1932534394
1932538882
1932541573
1932541935
1932542262
1932542753
1932548213
1932548365
1932549361
1932552691
1932554282
1932556065
1932563445
1932563453
1932566162
1932568125
1932568343
1932575485
1932576255
1932576647
1932578071
1932578094
1932581550
1932584891
1932585327
1932589155
1932590544
1932590597
1932591893
1932603082
1932610080
1932617447
1932618683
1932620137
1932620974
1932622561
1932625944
1932629414
1932631533
1932633181
1932634004
1932637202
1932638224
1932640877
1932641025
1932642990
1932643682
1932645275
1932645644
1932648625
1933491181
1933491244
1933491755
1933493623
1933496003
1933496913
1933497425
1933498845
1933500367
1933500587
1933501672
1933501687
1933502173
1933502477
1933503817
1933505515
1933506795
1933509284
1933509675
1933510183
1933510195
1933511405
1933511611
1933511781
1933511965
1933513035
1933514080
1933514114
1933514214
1933516095
1933516660
1933516683
1933517301
1933518853
1933519427
1933521051
1933521107
1933521161
1933521987
1933522340
1933524122
1933525414
1933525430
1933526635
1933526915
1933528515
1933529375
1933529521
1933531492
1933532702
1933536361
1933536517
1933540517
1933541191
1933543465
1933543885
1933546391
1933547367
1933548690
1933549441
1933549843
1933553492
1933560215
1933561393
1933561427
1933562353
1933564873
1933565513
1933565622
1933565760
1933567755
1933568354
1933570794
1933572564
1933575493
1933577791
1933578004
1933579024
1933580580
1933580604
1933582313
1933585211
1933589542
1933590363
1933591323
1933592057
1933593281
1933597263
1933601152
1934295335
1934297260
1934298503
1934300967
1934301070
1934301905
1934302332
1934304085
1934304382
1934307022
1934307724
1934309274
1934311760
1934311923
1934312535
1934312607
1934313423
1934313973
1934314961
1934315867
1934319431
1934319687
1934320697
1934322373
1934322437
1934322553
1934322592
1934322781
1934322984
1934323725
1934324013
1934324023
1934324777
1934324887
2091181103
2091181502
2091181713
2091182424
2091183973
2091184117
2091184465
2091191752
2091191900
2091195395
2091197941
2091198004
2091198831
2091198994
2091199825
2091201194
2091201847
2091204184
2091204291
2091204570
2091208623
2091209730
2091212663
2091214637
2091216573
2091216905
2091221131
2091224645
2091228570
2091230723
2091235064
2091237372
2091237521
2091237704
2091239712
2091241342
2091246714
2091247067
2091248795
2091250017
2091250091
2091250994
2091252791
2091252947
2091253535
2091255017
2091256597
2091260101
2091261215
2091264891
2091265383
2091269851
2091270821
2091275554
2091276091
2091276944
2091277421
2091282502
2091285697
2091288237
2091288993
2091289171
2091948333
2091950140
2091950920
2091953365
2091954005
2091954860
2091955322
2091955353
2091955361
2091956291
2091962443
2091963161
2091963164
2091963553
2091964525
2091966895
2091968342
2091968363
2091969387
2091969695
2091972360
2091973893
2091974085
2091976587
2091977392
2091978871
2091982001
2091982014
2091984467
2091984675
2091984891
2091986131
2091986543
2091988750
2091989041
2091989561
2091993037
2091995703
2091996213
2091997843
2091998194
2091998895
2091998937
2091999621
2092000505
2092000735
2092000993
2092003205
2092010880
2092011162
2092013871
2092017483
2092018555
2092020053
2092021465
2092022164
2092022200
2092022550
2092025971
2092029267
2092029500
2092030383
2092031893
2092033437
2092038275
2092038660
2092039132
2092041122
2092043787
2092043947
2092045355
2092049037
2092050097
2092052657
2092053352
2092053641
2092053755
2092054937
2092055271
2092058795
2092058925
2092063751
2092064013
2092066705
2092066853
2092067403
2092069575
2092072103
2092072415
2092073525
2092076261
2092077323
2092083621
2092084755
2092087163
2092087977
2092088127
2092089121
2092091527
2092091702
2092092917
2092756274
2092756964
2092756995
2092763133
2092768147
2092769347
2092771202
2092775241
2092775401
2092775851
2092776450
2092780115
2092785067
2092787267
2092789061
2092790224
2092790393
2092793435
2092794371
2092794503
2092796333
2092799092
2092803667
2092803773
2092804167
2092806983
2092808473
2092811361
2092813173
2092814872
2092815062
2092815185
2092815833
2092818393
2092821731
2092822234
2092823411
2092824144
2092824721
2092825207
2092825935
2092826704
2092833354
2092834487
2092836355
2092837295
2092841470
2092842581
2092842911
2092844735
2092846992
2092847577
2092848075
2092849515
2092852901
2092857115
2092857535
2092857993
2092858925
2092861690
2092863767
2092863863
2092864580
2092866067
2092867693
2092868741
2092871577
2092872953
2092873110
2092876215
2092876611
2092877773
2092878740
2092879253
2092879621
2092880551
2092882120
2092882304
2092883075
2092883925
2092884813
2092885581
2092886751
2092890315
2092892404
2092892851
2092893880
2092895693
2092896924
2092897401
2092903047
2092903445
2092903852
2092904945
2092907515
2092908945
2092913191
2092914461
2092914524
2092917647
2092918875
2092919455
2092920133
2092921401
2092922035
2092922295
2092922662
2092926110
2092933560
2092938840
2092939483
2092943774
2092944627
2092951285
2092951364
2092951443
2092954573
2092957237
2092958540
2092958825
2092959707
2092960034
2092960804
2092963791
2092967043
2092970917
2092971103
2092972025
2092979117
2092984265
2092991893
2092994290
2092995194
2092995855
2092996530
2092998852
2092999530
2093000957
2093002063
2093003253
2093007033
2093011980
2093014723
2093018750
2093022531
2093026454
2093027000
2093028210
2093029673
2093030757
2093031417
2093046393
2093047690
2093048151
2093049490
2093050194
2093050600
2093053971
2093061554
2093066435
2093076580
2093078171
2093079835
2093083712
2093083860
2093084625
2093085513
2093086902
2093089093
2093089700
2093091603
2093853633
2093858462
2093860037
2093863210
2093863414
2093864421
2093865801
2093867111
2093867161
2093867465
2093867494
2093869002
2093870940
2093876511
2093876592
2093877881
2093881290
2093882415
2093883525
2093884365
2093888471
2093889262
2093891965
2093900827
2093905824
2093906730
2093911634
2093915881
2093917370
2093919124
2093919637
2093919727
2093922244
2093931387
2093935072
2093937187
2093937191
2093941700
2093945821
2093946195
2093947391
2093948907
2093954513
2093956093
2093959901
2093959933
2093960491
2093962151
2093962521
2093962644
2093966457
2093966992
2093967037
2093967510
2093968013
2093970330
2093971127
2093971667
2093972881
2093978042
2093978254
2093978867
2093987277
2093987732
2093990220
2093991530
2094549637
2094552514
2094555297
2094559220
2094560147
2094562911
2094568234
2094574507
2094575812
2094577274
2094582137
2094582245
2094584252
2094584300
2094594120
2094594650
2094597582
2094602937
2094604053
2094604510
2094605064
2094610030
2094610225
2094616277
2094619862
2094620071
2094623895
2094624710
2094626040
2094629835
2094630197
2094632757
2094633823
2094634580
2094639653
2094639977
2094640780
2094641523
2094644051
2094646635
2094650971
2094651713
2094653980
2094655364
2094656850
2094662377
2094667025
2094669121
2094669205
2094670014
2094671381
2094673571
2094675562
2094676253
2094676837
2094679580
2094679910
2094685961
2094690957
2094694375
2094696493
2094696577
2094697551
2094698452
2095336533
2095346027
2095346133
2095348250
2095349894
2095350585
2095355697
2095362260
2095362597
2095363141
2095363637
2095364133
2095366027
2095367872
2095368054
2095368143
2095368283
2095370230
2095372073
2095375077
2095376597
2095377410
2095378413
2095382730
2095383675
2095384362
2095391242
2095391501
2095391671
2095391795
2095392360
2095393265
2095399021
2095400011
2095400730
2095402500
2095403241
2095404001
2095404687
2095405365
2095406713
2095406881
2095410027
2095413343
2095414645
2095419411
2095424613
2095425003
2095425921
2095428873
2095430435
2095431923
2095432621
2095433595
2095434001
2095434091
2095437153
2095437317
2095448855
2095450235
2095451857
2095453367
2095453721
2095453897
2095456702
2095458867
2095461514
2095461623
2095463592
2095464127
2095464937
2095467563
2095474875
2095475884
2095477823
2095485922
2095488793
2095489284
2095489587
2095489837
2096184423
2096185777
2096185780
2096186462
2096187871
2096191451
2096191577
2096199951
2096200262
2096202780
2096203173
2096203591
2096207725
2096207992
2096212252
2096216827
2096218634
2096218723
2096226313
2096237447
2096238664
2096243505
2096244485
2096244891
2096245121
2096247543
2096247613
2096248911
2096252117
2096252302
2096252547
2096257231
2096257452
2096259843
2096262830
2096269170
2096272905
2096273181
2096274065
2499205517
2499206154
2499208964
2499211421
2499212230
2499215295
2499218784
2499220427
2499226087
2499230872
2499232403
2499236320
2499238152
2499241432
2499245945
2499246984
2499257310
2499266922
2499278570
2499281561
2499282211
2499288012
2499290194
2499300257
2499303891
2499311944
2499314952
2499317145
2499318605
2499323777
2499329290
2499329804
2499339590
2499346242
2499360415
2499360782
2499368071
2499373222
2499388704
2499394864
2499399392
2499412165
2499417155
2499426904
2499427594
2499433780
2499441700
2499445673
2499446312
2499448075
2499448502
2499449840
2499453160
2499459190
2499476163
2499477321
2499480752
2499486102
2499486765
2499488247
2499491461
2499491592
2499494677
2499496530
2499497915
2499498142
2499506874
2499511530
2499517262
2499524970
2499529310
2499534042
2499540550
2499547555
2499553550
2499557423
2499560500
2499563234
2499565614
2499573570
2499573814
2499575284
2499578592
2499584480
2499585657
2499585702
2499590433
2499590492
2499595081
2499596977
2499600715
2499601602
2499631330
2499634662
2499646710
2499646840
2499651060
2499652350
2499655780
2499664302
2499664711
2499670265
2499677377
2499680703
2499688291
2499701364
2499701434
2499703585
2499711222
2499718200
2499722571
2499729510
2499732414
2499742414
2499759602
2499760460
2499764350
2499768852
2499783320
2499805230
2499815750
2499818804
2499826160
2499843982
2499846657
2499848593
2499859435
2499865192
2499874662
2499883642
2499895204
2500103512
2500104713
2500109674
2500110331
2500114310
2500117303
2500119065
2500127067
2500146585
2500148685
2500151964
2500155602
2500156195
2500161243
2500162972
2500167733
2500168913
2500174005
2500178713
2500183222
2500185220
2500192650
2500199512
2500200731
2500203413
2500206542
2500211607
2500212710
2500217594
2500232233
2500243043
2500265754
2500266107
2500268340
2500270590
2500277503
2500289390
2500293390
2500295797
2500298964
2500299700
2500340490
2500342980
2500354917
2500362537
2500383762
2500398013
2500406050
2500413904
2500415904
2500421450
2500424603
2500438354
2500476697
2500477995
2500479077
2500496697
2500501663
2500506442
2500509887
2500514233
2500527117
2500552377
2500561363
2500600360
2500643587
2500645250
2500655062
2500706622
2500726004
2500730630
2500775855
2500801210
2500809501
2500824484
2500845293
2500850970
2500851610
2500856790
2500857540
2500866724
2500881744
2500895150
2500895977
2500904052
2500916822
2500922010
2500922755
2500932124
2500933895
2500941035
2500953042
2500953563
2500959423
2500961500
2500973963
2500984840
2500991562
2500991640
2500996171
2501003480
2501004621
2501005770
2501011200
2501012173
2501016302
2501023030
2501034280
2501037812
2501038712
2501045992
2501052660
2501069352
2501094995
2501130577
2501135384
2501137434
2501140600
2501159280
2501161275
2501166762
2501174514
2501179443
2501209342
2501217920
2501219622
2501234240
2501244310
2501248034
2501252461
2501254685
2501257510
2501262454
2501272335
2501282453
2501282543
2501284670
2501286622
2501295122
2501296983
2501308223
2501321532
2501331684
2501336704
2501343091
2501353045
2501353714
2501356707
2501376780
2501384551
2501385830
2501390215
2501392185
2501410023
2501416164
2501417297
2501430114
2501439690
2501439933
2501440053
2501465292
2501468972
2501473964
2501491620
2501496503
2501503710
2501508910
2501517224
2501518671
2501520672
2501524180
2501536430
2501550442
2501567841
2501573462
2501578225
2501580822
2501582641
2501585892
2501597622
2501604322
2501605592
2501607020
2501616304
2501626682
2501655084
2501665382
2501669253
2501670035
2501670285
2501680722
2501690592
2501698365
2501703010
2501715910
2501716040
2501717110
2501726952
2501734602
2501738297
2501743761
2501745235
2501749652
2501751000
2501762335
2501763224
2501783424
2501789540
2501792972
2501793810
2501797422
2501810187
2501819030
2501819795
2501833491
2501844605
2501846295
2501851064
2501852257
2501859655
2501868731
2501886235
2501894420
2501895521
2501899404
2501907501
2501908385
2501913505
2501923811
2501931757
2501943412
2501950102
2501950561
2501953781
2501954140
2501955052
2501955804
2501957302
2501962860
2501963084
2501965344
2501965622
2501965674
2501969262
2501972392
2501975543
2501977282
2501989382
2502007812
2502015954
2502022884
2502026802
2502047610
2502053444
2502054835
2502056104
2502068934
2502073210
2502076602
2502078922
2502081387
2502082510
2502085930
2502086472
2502092911
2502099493
2502106120
2502124515
2502128382
2502139984
2502140135
2502160831
2502160832
2502167824
2502168522
2502168854
2502174845
2502175770
2502178591
2502181702
2502193122
2502198263
2502212212
2502215800
2502231393
2502231512
2502232464
2502235304
2502237647
2502240043
2502245897
2502250022
2502260154
2502263730
2502265414
2502274783
2502282002
2502294542
2502294870
2502304210
2502307687
2502314732
2502316690
2502317682
2502322064
2502336984
2502339590
2502346602
2502349134
2502351772
2502352790
2502365924
2502366982
2502371533
2502378464
2502383664
2502393684
2502401514
2502401707
2502421872
2502433147
2502438443
2502441550
2502443574
2502445640
2502447274
2502452763
2502453420
2502453835
2502462454
2502464201
2502468340
2502471393
2502472000
2502478215
2502479774
2502488273
2502492342
2502496910
2502498080
2502502294
2502503880
2502509532
2502511822
2502514097
2502530682
2502535787
2502545140
2502545480
2502546630
2502561930
2502571032
2502577127
2502586772
2502597690
2502599653
2502611431
2502635747
2502636873
2502638572
2502640310
2502643273
2502647937
2502648425
2502656582
2502668812
2502668945
2502691713
2502692472
2502694877
2502695253
2502701741
2502723563
2502729377
2502731733
2502731893
2502742444
2502746283
2502756675
2502768851
2502778782
2502781687
2502822723
2502822742
2502823810
2502824085
2502828810
2502835711
2502841033
2502850240
2502850823
2502852091
2502859053
2502861624
2502885197
2502891367
2502892431
2502895124
2502895320
2502909364
2502913592
2502919853
2502923162
2502927371
2502930653
2502933294
2502948892
2502950784
2502955872
2502970410
2502972784
2502974982
2502985382
2502985532
2503002652
2503005447
2503018191
2503035440
2503041264
2503056460
2503060941
2503066120
2503066912
2503074832
2503079482
2503084312
2503094822
2503112265
2503120331
2503130940
2503131957
2503134067
2503134564
2503180127
2503183434
2503185300
2503191945
2503199797
2503202880
2503210297
2503233495
2503245234
2503251084
2503261990
2503275533
2503292310
2503303150
2503318490
2503324842
2503329080
2503351750
2503365964
2503365995
2503380480
2503381431
2503383480
2503385734
2503390892
2503401552
2503412784
2503414640
2503415980
2503441821
2503462055
2503472983
2503473304
2503473880
2503478215
2503490933
2503492265
2503498813
2503515913
2503516244
2503535262
2503539557
2503549720
2503561852
2503564502
2503567480
2503575883
2503583390
2503587200
2503588042
2503589982
2503605640
2503615694
2503618484
2503620760
2503623450
2503626602
2503626845
2503628165
2503629030
2503630092
2503652512
2503675931
2503692245
2503702802
2503708290
2503711534
2503716041
2503717070
2503731217
2503735491
2503738814
2503739834
2503749404
2503751580
2503759152
2503760761
2503761563
2503762072
2503767942
2503768020
2503772045
2503789574
2503797092
2503803340
2503819115
2503819547
2503823792
2503841962
2503846183
2503847682
2503851520
2503862422
2503865540
2503868812
2503873401
2503892540
2503895143
2503911060
2503916172
2503922934
2503931324
