1427595804
1427602581
1427611500
1427652811
1427689630
1427705930
1427722133
1427732714
1427772923
1427816602
1427820455
1427839717
1427864823
1432603415
1432633344
1432637681
1432640924
1432682854
1432707775
1432715841
1432823653
1432845141
1432959657
1433025417
1433061381
1433101515
1433133782
1433177313
1433177945
1433199633
1433263520
1433277003
1433302445
1433313887
1433352803
1433442071
1433452523
1433466075
1433467521
1433523485
1433546934
1433570441
1433589300
1433593472
1433603200
1433630363
1433697001
1433706647
1433714624
1433733834
1433755423
1433859440
1433871525
1433881343
1433936424
1433991732
1434043830
1434068273
1434094101
1434095305
1434130427
1434204871
1434206133
1434221201
1434235361
1434250440
1434278044
1434293665
1434304104
1434339160
1434342830
1434350237
1434383341
1434384562
1434387020
1434432584
1434452880
1434470915
1434471061
1434474163
1434476403
1434531197
1434597257
1434601634
1434636037
1434687635
1434731783
1434760937
1439334713
1439358383
1439375154
1439377233
1439408447
1439411820
1439478962
1439482372
1439514351
1439659294
1878580747
1878582487
1878584235
1878584871
1878586150
1878587053
1878589487
1878589562
1878592094
1878595471
1878596164
1878597701
1878601002
1878601460
1878603172
1878603877
1879125695
1879130510
1879138233
1879143971
1879146547
1879147434
1879149223
1879149283
1879149390
1879150732
1879151463
1879152944
1879154335
1879154971
1879156897
1879156917
1879157904
1879159263
1879161280
1879163794
1879164957
1879169507
1879171031
1879172691
1879175273
1879176623
1879176952
1879177281
1879178394
1879179333
1879181184
1879182725
1879200495
1879202085
1879206022
1879207707
1879207954
1879208903
1879211333
1879214501
1879214795
1879217220
1879222605
1879224101
1879224335
1879227840
1879237145
1879237643
1879238252
1879243184
1879243697
1879244284
1879247017
1879248523
1879771185
1879773543
1879773570
1879776741
1879780590
1879780801
1879782090
1879782824
1879786804
1879787050
1879791133
1879791237
1879792694
1879794502
1879795681
1879795914
1879796645
1879798201
1879800210
1879800233
1879802412
1879802973
1879807244
1879808712
1879811465
1879811650
1879811890
1879813337
1879814690
1879815904
1879822264
1879823660
1879823771
1879825524
1879826951
1879829071
1879831903
1879832213
1879833267
1879835704
1879836814
1879836837
1879839430
1879840945
1879842813
1879843095
1879845685
1879847007
1879847252
1879850674
1879853294
1879855563
1879858124
1879859474
1879863864
1879866257
1879872574
1879877182
1879881134
1879881144
1879887370
1879888110
1879889037
1879889052
1879891071
1879894710
1879895723
1879902430
1879903312
1879906943
1879909085
1879911255
1880427754
1880439310
1880443787
1880448233
1880452565
1880454443
1880468610
1880473641
1880478483
1880479131
1880481975
1880483660
1880483700
1880488002
1880488220
1880490001
1880495650
1880504634
1880507674
1880508490
1880511635
1880513295
1880517807
1880518571
1880520612
1880526177
1880526614
1880527951
1880531015
1880533182
1880533831
1880536181
1880536880
1880545253
1929303183
1929314135
1929315913
1930136852
1930142043
1930147935
1930148543
1930150194
1930152301
1930156457
1930168374
1930169244
1930172982
1930174271
1930180330
1930192312
1930195303
1930197437
1930200207
1930201942
1930203205
1930212161
1930216045
1930231971
1930241843
1930246051
1930247677
1930249271
1930927987
1930928765
1930933573
1930934351
1930937403
1930939077
1930939857
1930940280
1930940603
1930940712
1930945727
1930946377
1930949107
1930950830
1930954015
1930954185
1930954477
1930959933
1930960880
1930961914
1930964653
1930966252
1930968441
1930969434
1930973711
1930973980
1930975947
1930979633
1930984701
1930986841
1930989237
1930991267
1930992352
1930993880
1930998551
1931001041
1931001297
1931003510
1931006080
1931006451
1931012001
1931020402
1931022664
1931025780
1931588940
1931588942
1931589363
1931594537
1931600081
1931607622
1931608607
1931608954
1931610084
1931616884
1931617017
1931617462
1931625055
1931630260
1931633804
1931636420
1931640135
1931642065
1931643017
1931649310
1931656005
1931658407
1931658935
1931664417
1931665035
1931672455
1931679275
1931679390
1931686503
1931689215
1931691327
1932438022
1932440190
1932457174
1932460174
1932461261
1932463507
1932472671
1932476351
1932479880
1932483774
1932488225
1932489561
1932490153
1932499717
1932504094
1932505457
1932506461
1932510763
1932514924
1932531327
1932535815
1932540173
1932541354
1932545561
1932555224
1932556122
1932563855
1932566195
1932567225
1932568195
1932573783
1932576243
1932582351
1932582531
1932591405
1932600585
1932601025
1932606413
1932608894
1932611027
1932611685
1932612563
1932614251
1932623811
1932627120
1932629821
1932634055
1932639853
1932651147
1932653744
1933493590
1933494711
1933494805
1933501107
1933516751
1933518550
1933521451
1933523414
1933530140
1933549545
1933555542
1933555950
1933561165
1933564375
1933569752
1933570641
1933575795
1933581352
1933587081
1933600554
1934297007
1934298653
1934300257
1934302351
1934303255
1934303325
1934306281
1934319462
1934319970
2091180663
2091186777
2091186867
2091186947
2091188353
2091188577
2091194191
2091197315
2091199193
2091201120
2091210382
2091223454
2091223811
2091225392
2091230624
2091237282
2091253857
2091262507
2091268024
2091271224
2091273977
2091278312
2091947402
2091949710
2091950073
2091951267
2091957401
2091961791
2091973117
2091975120
2091981662
2091982721
2091988012
2091990522
2091997783
2092007703
2092019875
2092021475
2092026415
2092032733
2092038522
2092058544
2092060795
2092064384
2092076503
2092080070
2092080263
2092080571
2092082737
2092752310
2092761487
2092766250
2092773853
2092776380
2092777021
2092781801
2092786760
2092799007
2092800062
2092806583
2092817663
2092836372
2092840745
2092842645
2092848397
2092853552
2092856014
2092858435
2092860551
2092860614
2092866367
2092878885
2092885952
2092886003
2092894141
2092895213
2092895481
2092896782
2092902047
2092911407
2092912684
2092918933
2092922107
2092922897
2092925813
2092926813
2092928521
2092931571
2092932582
2092934154
2092937533
2092939025
2092948962
2092954843
2092965332
2092973252
2092990864
2092992673
2092993380
2092997547
2093001787
2093005667
2093009913
2093010643
2093011210
2093011495
2093019674
2093042550
2093042637
2093049863
2093053935
2093056471
2093057597
2093060064
2093064853
2093072843
2093074877
2093080013
2093085411
2093086613
2093088457
2093088981
2093856124
2093858032
2093862715
2093866724
2093866991
2093896111
2093905673
2093911237
2093918845
2093922924
2093923470
2093929672
2093940160
2093943574
2093943622
2093945075
2093946140
2093946341
2093952365
2093956967
2093960557
2093960770
2093967565
2093969754
2093977123
2093981553
2094558563
2094563407
2094564307
2094576674
2094584945
2094597364
2094612804
2094616831
2094623015
2094632982
2094633064
2094634993
2094643294
2094649620
2094656613
2094668963
2094669691
2094672883
2094684312
2094686062
2094687982
2095336380
2095340617
2095341063
2095350227
2095352311
2095352591
2095352751
2095358872
2095365654
2095368807
2095370287
2095382143
2095392045
2095392243
2095394617
2095398655
2095399191
2095407205
2095409650
2095412565
2095413893
2095416015
2095422180
2095422875
2095426867
2095429141
2095433443
2095434701
2095439572
2095444641
2095451137
2095467261
2095482085
2095485540
2095492575
2096208345
2096222302
2096227567
2096230544
2096236307
2096253487
2096268040
2096271540
2096271871
2096279842
2499205031
2499206293
2499223451
2499225637
2499230603
2499238983
2499244132
2499247044
2499249480
2499255770
2499257222
2499257907
2499259304
2499259942
2499283287
2499284220
2499291103
2499296120
2499299800
2499302703
2499305347
2499308242
2499313540
2499330552
2499370034
2499371070
2499382070
2499396915
2499405205
2499416981
2499434797
2499441582
2499458864
2499462271
2499488215
2499489561
2499499890
2499500162
2499531205
2499543057
2499552207
2499576032
2499581512
2499588640
2499591744
2499605735
2499624740
2499645960
2499655133
2499655397
2499667832
2499689664
2499712482
2499716555
2499729902
2499762194
2499772990
2499798530
2499802124
2499826432
2499828202
2499833534
2500102042
2500102190
2500103064
2500150361
2500174963
2500202283
2500212595
2500219720
2500221872
2500243340
2500253524
2500266087
2500289660
2500293600
2500296344
2500325924
2500327027
2500362523
2500371823
2500390413
2500399293
2500433831
2500453793
2500465907
2500612951
2500640503
2500736950
2500744904
2500746960
2500793294
2500809400
2500829670
2500838150
2500848271
2500869874
2500886690
2500900994
2500916855
2500948187
2500972741
2500980572
2501008205
2501015290
2501016970
2501040175
2501044013
2501052531
2501063052
2501065732
2501089503
2501095202
2501098453
2501120651
2501143594
2501149074
2501155181
2501163810
2501169814
2501183215
2501197010
2501199145
2501209115
2501220240
2501226367
2501230707
2501240590
2501241902
2501244800
2501276130
2501287882
2501296824
2501311230
2501320055
2501326262
2501355724
2501358252
2501404785
2501409150
2501409181
2501409934
2501412210
2501418171
2501419345
2501447114
2501450034
2501456512
2501471075
2501499373
2501503601
2501532360
2501573564
2501573705
2501575212
2501590787
2501599404
2501621443
2501643600
2501651352
2501652962
2501661824
2501677534
2501686583
2501690062
2501722000
2501728871
2501729072
2501732960
2501745474
2501749142
2501761493
2501775000
2501780115
2501788375
2501800415
2501802401
2501820991
2501835781
2501843601
2501854321
2501876944
2501883342
2501886724
2501937211
2501957217
2501969041
2501978697
2501979142
2501981947
2501987473
2502035962
2502042364
2502073357
2502093972
2502096030
2502105703
2502107004
2502110792
2502113181
2502123624
2502125320
2502129845
2502130954
2502146201
2502159035
2502183104
2502208634
2502217212
2502245990
2502246510
2502260081
2502267454
2502267942
2502277934
2502282840
2502286981
2502291050
2502292901
2502296224
2502308657
2502313740
2502318014
2502319740
2502326242
2502332847
2502339012
2502358664
2502367164
2502376575
2502386213
2502397084
2502403510
2502432240
2502459502
2502469740
2502481820
2502486533
2502490110
2502501430
2502505582
2502510802
2502520590
2502528323
2502529801
2502542662
2502581142
2502582172
2502617040
2502617454
2502635175
2502636050
2502636654
2502636935
2502676583
2502723321
2502775600
2502781272
2502792727
2502802372
2502838235
2502858837
2502887135
2502932442
2502943682
2502951294
2502980641
2503006452
2503009400
2503025170
2503034700
2503048671
2503052112
2503056204
2503073171
2503076984
2503096674
2503100674
2503114182
2503125171
2503129437
2503143945
2503151560
2503160971
2503187830
2503197992
2503242567
2503244174
2503261852
2503273580
2503273750
2503275000
2503282622
2503315264
2503320787
2503362361
2503368450
2503371853
2503373132
2503374124
2503380831
2503382911
2503396477
2503404540
2503419273
2503427920
2503439794
2503442302
2503456083
2503500327
2503506700
2503520765
2503523992
2503534702
2503538754
2503554092
2503564650
2503570454
2503573112
2503584952
2503588050
2503605217
2503608270
2503619083
2503626107
2503632677
2503638610
2503653185
2503655660
2503665651
2503692947
2503700332
2503707324
2503718010
2503719523
2503722825
2503743230
2503744012
2503747972
2503757252
2503768161
2503770674
2503774534
2503778574
2503779154
2503786723
2503793365
2503819890
2503826374
2503833490
2503862154
2503869741
2503872484
2503876297
2503887320
2503892845
2503921877
2503922830
2503931750
