1427583973
1427587605
1427592210
1427593641
1427634153
1427679360
1427718241
1427722075
1427733180
1427749581
1427755310
1427790270
1427791747
1427802851
1427815721
1427828665
1427894905
1427899751
1432622982
1432634592
1432635785
1432641281
1432668761
1432684464
1432847273
1432960257
1433057320
1433063880
1433105571
1433123075
1433185493
1433191674
1433201810
1433215263
1433271214
1433287292
1433336350
1433378440
1433386572
1433464033
1433471552
1433550811
1433557323
1433577781
1433596734
1433616141
1433621275
1433703774
1433725465
1433726045
1433779494
1433791590
1433797363
1433800415
1433804030
1433827742
1433882174
1433940047
1434101723
1434188551
1434192330
1434222243
1434273035
1434308324
1434320761
1434383565
1434394701
1434429255
1434447024
1434507223
1434537702
1434560371
1434631637
1434682527
1434698690
1439318215
1439321142
1439368335
1439411150
1439440182
1439483001
1439486270
1439499065
1439526984
1439580687
1439649647
1878572677
1878579845
1878587037
1878592051
1878600965
1879125197
1879128453
1879131453
1879136023
1879137553
1879143033
1879143117
1879144144
1879146065
1879154265
1879158251
1879158991
1879163861
1879167711
1879171152
1879179653
1879179857
1879180713
1879187112
1879188771
1879189664
1879192935
1879199765
1879199815
1879201637
1879211747
1879214117
1879214721
1879224385
1879232284
1879774842
1879776463
1879776943
1879778774
1879784183
1879786531
1879788453
1879793064
1879795645
1879796834
1879801145
1879802075
1879807672
1879809035
1879813517
1879829767
1879829837
1879833644
1879835164
1879845435
1879847753
1879855174
1879856592
1879856934
1879858742
1879860741
1879864591
1879879570
1879881264
1879882645
1879883790
1879893354
1879896272
1879896344
1879903370
1880425273
1880436467
1880437881
1880444560
1880445050
1880457634
1880459573
1880470004
1880471224
1880494727
1880495234
1880495803
1880507825
1880509394
1929306775
1929306871
1929312651
1930141335
1930146071
1930152361
1930154224
1930155057
1930163967
1930173631
1930182993
1930185973
1930186570
1930189230
1930201220
1930202261
1930207455
1930214507
1930214863
1930215862
1930234011
1930235983
1930236895
1930241917
1930253787
1930929097
1930929842
1930935051
1930937742
1930938675
1930960724
1930988207
1930996373
1931003663
1931011424
1931029102
1931594502
1931609773
1931616813
1931621805
1931622663
1931641962
1931644470
1931645057
1931674021
1931688451
1931693192
1932430441
1932444732
1932450387
1932468557
1932479042
1932506565
1932513065
1932518390
1932518852
1932533012
1932560435
1932565187
1932571185
1932609990
1932625125
1932627363
1932636863
1932643402
1932648021
1933492860
1933498127
1933503670
1933512482
1933514202
1933520017
1933530970
1933591574
1934295297
1934298875
1934299325
1934300801
1934304167
1934307945
1934311132
1934318625
1934321753
1934323135
2091183732
2091185220
2091196300
2091218615
2091220224
2091224802
2091239674
2091244587
2091246440
2091246713
2091278492
2091280821
2091288534
2091959542
2091961550
2091975984
2091988133
2091993834
2091998140
2092008822
2092016123
2092017370
2092022860
2092025545
2092032314
2092069217
2092075317
2092082117
2092760642
2092766115
2092767931
2092770183
2092773100
2092774860
2092782055
2092783325
2092792003
2092797621
2092801984
2092810844
2092814124
2092833500
2092845117
2092848203
2092858922
2092872947
2092876343
2092890127
2092894567
2092910584
2092919360
2092925490
2092926037
2092928664
2092930242
2092934223
2092935932
2092936192
2092936351
2092938634
2092953355
2092958110
2092969524
2092990863
2093019367
2093058397
2093064587
2093072075
2093078772
2093087820
2093878380
2093884592
2093885885
2093899587
2093901271
2093908291
2093923390
2093924425
2093938124
2093941090
2093943865
2093955261
2093973217
2093991275
2094553640
2094556274
2094622895
2094641455
2094647985
2094655804
2094657533
2094658367
2094660043
2094664670
2094677502
2094679125
2094687144
2095342411
2095363683
2095399291
2095400833
2095404921
2095412055
2095437083
2096226943
2096245027
2096255124
2499268953
2499281044
2499283755
2499286345
2499334794
2499412541
2499414650
2499474805
2499501600
2499508827
2499526674
2499531142
2499546363
2499589844
2499628723
2499650720
2499739493
2499771952
2499819090
2499854203
2499890140
2500108472
2500242072
2500276083
2500313667
2500363464
2500384043
2500448414
2500541797
2500551200
2500567790
2500584133
2500623814
2500837732
2500852943
2500947195
2500986093
2501004413
2501206273
2501221147
2501242995
2501262112
2501280794
2501302705
2501315432
2501406364
2501426235
2501430820
2501472364
2501476241
2501479393
2501492734
2501522141
2501534095
2501544902
2501551951
2501573822
2501594203
2501601525
2501601853
2501664181
2501680833
2501692424
2501706055
2501722664
2501729401
2501749561
2501797185
2501807717
2501819262
2501825024
2501839464
2501882615
2501896081
2501964965
2502028124
2502030823
2502075067
2502079777
2502132763
2502141592
2502170977
2502186100
2502248875
2502287237
2502355462
2502416304
2502440317
2502449081
2502476613
2502495642
2502541615
2502575951
2502644795
2502657644
2502711275
2502725855
2502951581
2502953594
2502956792
2502960784
2502988502
2503059394
2503119187
2503127493
2503131707
2503158854
2503201077
2503210194
2503230862
2503296557
2503321694
2503346200
2503349300
2503380130
2503422932
2503440444
2503453451
2503489135
2503583964
2503587865
2503595267
2503596362
2503617072
2503664383
2503674523
2503718475
2503742561
2503767182
