1427801217
1432689460
1432895617
1433033357
1433121964
1433187183
1433267413
1433281792
1433294104
1433320585
1433471714
1433678592
1433804711
1434160330
1434238083
1434304963
1434397371
1434434673
1434587547
1434634947
1878582923
1878583253
1878586892
1879132110
1879137877
1879141267
1879149994
1879151613
1879194297
1879195423
1879199300
1879213657
1879234541
1879246662
1879246941
1879768950
1879773915
1879777241
1879788995
1879794645
1879823955
1879826574
1879843694
1879856732
1879856931
1879865277
1879883780
1879885040
1879890800
1879891652
1879895110
1879897133
1879901180
1879903732
1880465640
1880489702
1880513392
1880514172
1880517155
1880534100
1880543673
1929303241
1929304783
1929313851
1930146545
1930156655
1930158277
1930161347
1930179660
1930182193
1930192881
1930195061
1930195414
1930198115
1930220275
1930247330
1930927103
1930930335
1930942051
1930957921
1930969701
1930977571
1930983777
1931001532
1931008895
1931018942
1931023450
1931026823
1931589695
1931595517
1931617953
1931623927
1931638677
1931639887
1931645613
1931646097
1931650313
1931659025
1931664345
1931666125
1931685142
1931690022
1931696954
1932448480
1932529823
1932571975
1932572455
1932580917
1932585507
1932604581
1933503461
1933506255
1933519420
1933536007
1933550393
1933585575
1934294445
1934295433
1934320773
2091184385
2091194817
2091198542
2091229994
2091253811
2091271790
2091284584
2091949285
2091962437
2091963713
2091974890
2092006852
2092016511
2092016803
2092051533
2092076237
2092083520
2092085424
2092756445
2092760521
2092782931
2092809433
2092816452
2092819681
2092820072
2092852711
2092857225
2092877171
2092893471
2092902691
2092954041
2093000111
2093010572
2093024797
2093035280
2093056013
2093085227
2093089440
2093878710
2093889411
2093889797
2093906944
2093930480
2094559110
2094562654
2094578173
2094604660
2094624744
2094628125
2094632575
2094636912
2094677051
2094690595
2095336313
2095364637
2095365674
2095390805
2095398862
2095403957
2095408541
2095459650
2095468132
2096199184
2096246144
2096270713
2096270973
2499205004
2499229015
2499233225
2499245363
2499248263
2499255871
2499256983
2499257642
2499273574
2499276040
2499301005
2499313213
2499366054
2499367001
2499385204
2499406734
2499487050
2499511232
2499568820
2499597587
2499623642
2499630991
2499636982
2499658284
2499672211
2499706644
2499760704
2499763604
2499806932
2499886517
2500125562
2500196971
2500202173
2500230182
2500235942
2500241810
2500253040
2500271721
2500339397
2500344960
2500370072
2500532595
2500608922
2500642921
2500674190
2500702935
2500735704
2501060657
2501062180
2501179192
2501214202
2501233962
2501315301
2501330450
2501334994
2501365061
2501409341
2501417192
2501423727
2501452932
2501495104
2501547482
2501601321
2501609115
2501625731
2501643941
2501655165
2501678964
2501702960
2501742310
2501743942
2501775670
2501834312
2501840167
2501848772
2501868970
2501951010
2501995297
2502013235
2502014644
2502018237
2502035333
2502045177
2502045415
2502068343
2502098144
2502109890
2502116391
2502150940
2502154014
2502164570
2502196083
2502206924
2502208162
2502212964
2502247592
2502261835
2502270430
2502282900
2502285065
2502344812
2502353354
2502367794
2502374653
2502383232
2502445865
2502448472
2502467922
2502484114
2502484850
2502584224
2502609604
2502735804
2502789243
2502839362
2502932734
2502954552
2502957240
2502961292
2502976484
2503038084
2503075752
2503101400
2503105092
2503127092
2503167024
2503168190
2503245374
2503257202
2503262324
2503276922
2503283747
2503326951
2503361553
2503376934
2503409892
2503491790
2503549912
2503607053
2503785175
2503819272
2503883795
2503891514
