1427648447
1427659827
1427808664
1427842945
1432651341
1432716392
1432924181
1433107491
1433119840
1433174390
1433228131
1433485943
1433531634
1433710197
1434004434
1434155354
1434199920
1434596990
1434618870
1434669560
1434710283
1439545517
1878592084
1878599031
1879124215
1879126043
1879152325
1879167575
1879217541
1879236991
1879238355
1879779900
1879784700
1879788582
1879791831
1879801480
1879801654
1879826575
1879833574
1879844964
1879905001
1880425502
1880440000
1880503662
1880519110
1929309083
1929316091
1930150954
1930153455
1930160470
1930162875
1930182094
1930186825
1930210082
1930224904
1930227130
1930227184
1930937671
1930938322
1930968163
1930991543
1930993645
1931005652
1931643635
1931661027
1932438440
1932525581
1932564172
1932610242
1932646293
1933501874
1933510842
1933512572
1933517253
1933521190
1933592775
1934311812
1934313531
2091180495
2091189351
2091209265
2091253151
2091952831
2091961202
2091991225
2092006114
2092013684
2092020535
2092035373
2092040984
2092082593
2092768680
2092771564
2092779621
2092783520
2092815477
2092826257
2092832282
2092856594
2092864617
2092872161
2092873123
2092880697
2092882033
2092888355
2092948480
2092970334
2093023170
2093023272
2093025897
2093026527
2093028187
2093029484
2093042013
2093065220
2093075872
2093086990
2093088532
2093863125
2093898101
2093930581
2093951330
2093958040
2093965473
2094550217
2094587154
2094599573
2094604503
2094608093
2094622710
2094668761
2094670997
2094672994
2095369707
2095391127
2095397813
2095425472
2095450512
2095468603
2499223904
2499226970
2499252035
2499270867
2499282703
2499310494
2499316972
2499319227
2499342081
2499344254
2499345390
2499357373
2499389062
2499393440
2499393542
2499414084
2499456874
2499470433
2499470951
2499530091
2499552123
2499606560
2499615414
2499633757
2499639367
2499671352
2499682364
2499704044
2499718954
2499720697
2499735083
2499802202
2499858797
2499885794
2500106844
2500133562
2500157837
2500157893
2500213593
2500246047
2500304223
2500342187
2500409523
2500410693
2500414825
2500440344
2500484523
2500635473
2500710612
2500774710
2501049334
2501109061
2501156425
2501198700
2501207730
2501235352
2501252125
2501268972
2501279374
2501294401
2501305902
2501316021
2501326697
2501387574
2501401463
2501414641
2501478571
2501479774
2501499422
2501512930
2501598150
2501599092
2501643441
2501665430
2501721060
2501726255
2501731774
2501761580
2501764160
2501791630
2501853565
2501867474
2501892500
2501898923
2501901683
2501904833
2501905410
2501906010
2501907660
2501965535
2501971577
2502040583
2502054707
2502114942
2502171990
2502188240
2502217292
2502219574
2502238784
2502243282
2502314702
2502320960
2502356982
2502425540
2502450323
2502451370
2502492422
2502515742
2502552852
2502590442
2502634473
2502682142
2502698673
2502802233
2502844741
2502849382
2502875953
2502881181
2502885067
2502915650
2502987530
2502998941
2503026234
2503031734
2503045734
2503118924
2503148300
2503153094
2503172652
2503181727
2503215500
2503215820
2503257965
2503260092
2503272264
2503346140
2503381524
2503451410
2503465050
2503472355
2503528500
2503531854
2503582314
2503636432
2503638252
2503725854
2503742070
2503766167
2503779132
2503792674
2503924824
