user count in community:299
Topic id:9,Representation:0.45486833781005404
userid,score
2500325143,0.3345063007226295
2499427265,0.33024735842360764
2500570347,0.32219261949127065
2503380420,0.3115855307084659
2499336282,0.3107135178010559
2499695035,0.30939441954733826
2095490497,0.3053904256107203
2502181382,0.30528662381535326
1930952943,0.30509673834868073
2499893771,0.3047962747093493
2092903995,0.3037551089695045
2502346864,0.30317238509504163
1930226681,0.3031522411494889
2096190817,0.30274004644891567
2499601384,0.3018153171244458
2093857540,0.3013582320554355
2092892882,0.29960287478304065
1932621981,0.2991261344764781
2091975575,0.2978166027603597
2503063872,0.2977683490117408
1931624827,0.29653257285860024
1932549094,0.296285261037192
2502067570,0.29595849064564683
2093874874,0.2928559540892325
2092911304,0.28966569245865936
1880526522,0.289076441592597
2094660474,0.28903085055331357
2092798582,0.2885544251556997
1879793504,0.28814879460724147
2500487094,0.2879062782944508
1879144342,0.2844523401182148
2499546570,0.2791004501679648
1932644784,0.27715689947941674
2092928791,0.27604092050340595
2499341444,0.2753608560488535
2503791860,0.27384682899886365
1933517945,0.2670855125618451
2502813454,0.2660980176612428
2091980837,0.26571462955967384
1434351980,0.26511319645056347
2499813827,0.26187176266462536
2500387940,0.25828853832837356
2091282944,0.2577153912813514
2500413730,0.25630374251348015
2091183357,0.25597325766199236
2503083920,0.2507740770472344
2502991402,0.2504275437154782
2499494255,0.24634083965046735
2092847575,0.24537354430914035
2501903100,0.24513328555085856
2502465040,0.24312426465968678
1879231235,0.24280244109428167
2500837612,0.24229855728989702
1879864620,0.24139553394609775
2503476074,0.23604498247536776
2499897594,0.23111451999919405
1880521111,0.2308752190834893
2500389924,0.2300090273332313
1880536547,0.22981393616217885
1879782727,0.22947086739981779
2095461977,0.2292129521146707
1439337317,0.22868509405688142
2500361373,0.22858363155211003
2501372632,0.22797401738095902
1434729014,0.22546254782747674
2500179830,0.22310645620379257
2093980364,0.22186092206444022
2501587522,0.22043502975499932
2503480892,0.21788769917040116
2501322434,0.21542958511160856
2503141247,0.21147044430209253
1879874773,0.21096926915832592
2501710725,0.20999018821809956
1932596190,0.20970666385864176
2503058232,0.20624584154269357
1879170853,0.20506978703093223
2094580910,0.20367922978020803
2501511095,0.20354325144021768
1932499864,0.2004467905366215
2501478364,0.20002694528565232
2095395451,0.19982934803575034
2502159697,0.19922415381833744
2095355170,0.1992170558628496
2501435435,0.19719782869807115
1930252125,0.1970870168895151
1433817424,0.19431186196989852
2501923120,0.19426935042198243
2503665121,0.1933400678280715
1932618814,0.1923313944243844
2503889664,0.1923306927404442
2502313537,0.1922787717122722
2093893837,0.1901464825735785
2501022980,0.1897924159087274
1427593052,0.18975977942490957
1879905132,0.1896253069015403
2500340807,0.18919632163200037
1439657935,0.1886204203887676
1879834032,0.18859878767291519
1439606430,0.18757251686268145
1879828017,0.1873320817032042
2096248387,0.1871326676156596
2091947957,0.1859854277453764
1879808641,0.1852777294111453
2092788182,0.18480100792765106
1929311095,0.18370223194259944
2502277593,0.18227950339084914
2499412972,0.18214771407282382
2501508790,0.18159691456775873
1880436902,0.18062538210200657
1932629334,0.17961831929498298
1932640463,0.17733662001634437
2092770362,0.17349867250692816
2502720544,0.17332040417640296
2092795221,0.17320893015545905
2503180171,0.17316971046514104
2092859724,0.1719791663849466
2092885884,0.17092325101862693
1880511512,0.17062163505466751
2092082714,0.17026735826688114
1879154743,0.16940520430444453
2092900103,0.16684897563104908
1433895692,0.1661315311818711
2503694160,0.16583631903636678
2500204154,0.16470848541895777
1932517127,0.1632234278818295
1439573285,0.1622462860241488
2501004944,0.16203021585686822
2499312962,0.16173567141573914
2095379871,0.16144093809417595
2502631264,0.16007422201499147
2092056352,0.15822705202965273
1932584077,0.1576997135540016
2499653207,0.15727090375118283
2501413833,0.15717305180731547
2093936724,0.1570977946188915
2093065802,0.1568007069934566
1432710393,0.15616077136544215
1878604502,0.15586271349225975
2502292307,0.15409091796767424
1879835235,0.15366336280795534
2502994212,0.15293506034616042
2500973460,0.1510291133361338
2502530070,0.1499037581101333
2500809563,0.1489383459755172
2092827407,0.1466102356122478
1932489493,0.14617891562745364
1879801004,0.14550082474543743
2501049604,0.1454919836366427
2500139762,0.14522423454012962
2500829612,0.14275982325316475
2092015275,0.14235405945477947
1880431174,0.14190101420731677
1932444732,0.14167544440763033
1880447607,0.14037441252856
2502536111,0.1390344365950996
1930993377,0.13642545675323592
2501601415,0.135431833208615
2502531812,0.1352385766067474
2093876867,0.13477234644236272
2499348442,0.13468732741146083
2502562710,0.13428933914690228
1879785770,0.1329879469326975
2500474501,0.1324104326436486
2499608952,0.13211865592421437
2499884494,0.13047143138124176
1931002243,0.13017977929632965
2501690192,0.13011432436674208
1434598107,0.12829234531916217
1879906035,0.12730691830749466
2091180495,0.12716404758085462
1934298503,0.12562555133267933
1879801654,0.12470354322063369
2093879035,0.12444139268780774
1931683367,0.1205932392462472
2502034863,0.11806379931634649
1433942014,0.11771435148937193
2095433500,0.11694894275931333
2503831170,0.11658405802492812
2503186604,0.1157791204999141
2093004503,0.11414934237332172
1930965037,0.11209485210954474
2093007252,0.11195282924874404
2500287420,0.1115567856708643
1931024270,0.11042493416394168
1433295302,0.10908998365703149
2091248085,0.1002505685198249
2503095484,0.10018202693744414
1932510840,0.09950721810501693
2503245194,0.09894313293219376
2500382151,0.09541155089767653
2503852894,0.09416570240963518
1427842945,0.09410324951311011
2500248664,0.09346851904561079
2092770940,0.09218501211166305
2502823695,0.09217920409081824
2502443290,0.09179042785608807
2502832545,0.09111800257296986
2501566832,0.09084631460035938
1930224904,0.08956250623458234
2500521623,0.08901777445727266
2499878377,0.08884477478678558
2502783080,0.08724833921727519
2092826257,0.08645336638226396
1930968163,0.08596840544605089
2503698832,0.0844262345184983
2502092437,0.08386715551488794
1427659827,0.08372447581735583
2503186207,0.07965858733725491
2502552852,0.07781941047010829
1879788582,0.07776408104768222
1879905001,0.07177955697708513
2503766167,0.07118850243785245
2091991225,0.07070997621578355
2092035373,0.06274786654940422
2501598150,0.058658275143787596
1930937671,0.05507558143512064
2502998941,0.053716183710818974
2501599092,0.04642770116017109
2091189351,0.04626860684867083
1879126043,0.03938079630431365
2500635473,0.03725075907297113
2502314702,0.03488452232276384
2501907660,0.024325711416678573
2092006114,0.021161503923192302
1880503662,0.020962743076583735
2499344254,0.020011074029612403
2499393440,0.01991300679259323
2499316972,0.01986933303433854
2501892500,0.019610064028611412
2093086990,0.01935326529201548
2501867474,0.019300869889628234
2499414084,0.019286095001123157
2503742070,0.01455244216511794
1929316091,0.012231984771050046
2501731774,0.007048595218380752
2092783520,0.00491895765243268
2500246047,0.0022550015029588542
1879833574,0.0017183986302423098
2499319227,8.703497717672547E-4
1427827193,-3.150429649787455E-4
2502171990,-4.798852043847129E-4
1880440000,-6.05355809310594E-4
2501109061,-8.447585299224418E-4
2501156425,-0.0012251124985977592
2502885067,-0.001743250023079896
2502040583,-0.0018827992560300608
2503531854,-0.002710425842844451
2502451370,-0.00280491911406961
2503118924,-0.0033872804364789917
2503148300,-0.0035350881411525805
2093863125,-0.0037810430788164395
1879844964,-0.003869732051345956
1879779900,-0.006435969637472126
2500484523,-0.00643740918091465
2091209265,-0.0066534508503256476
2094599573,-0.007396771311884488
2503528500,-0.007542714132504016
1879826575,-0.007706393626222608
2499720697,-0.007839175053323141
2499342081,-0.008390704305261384
2500213593,-0.008554327934255758
2094622710,-0.008818479112974611
2093023170,-0.008908786284967172
2501316021,-0.009012490559099709
2502348787,-0.00923472235752324
2499310494,-0.009569381128468064
1930227184,-0.009684743286899056
2092864617,-0.010142629569388549
2095369707,-0.01021233697842857
2093026527,-0.01038682618730853
2092013684,-0.01064523784934471
2501478571,-0.010663537998465492
2501857660,-0.011892346280725807
1932525581,-0.012279059504320188
1934313531,-0.013512523700151801
2500133562,-0.013853582414918315
2094587154,-0.014122143605654103
2092873123,-0.014175492465885382
2093028187,-0.014357077059389024
2499226970,-0.014375769168480905
2091961202,-0.015062005931356147
2094668761,-0.016515263258023525
1879217541,-0.017040699257682368
1930210082,-0.01806265285369393
2093029484,-0.018079763606930865
1930938322,-0.01869295171337174
2092948480,-0.01887642679762324
1933592775,-0.019379417262579433
1879152325,-0.02007881223794297
1879236991,-0.020542737914452693
2501643441,-0.021361220354754153
1930150954,-0.021860246322320746
1930993645,-0.0223639832664931
2499615414,-0.023347285162975313
2503030154,-0.024132022160906267
2093075872,-0.02531689983751967
1880425502,-0.026332200587215887
2094670997,-0.026880295474035566
2501764160,-0.029584749208877853
