user count in community:355
Topic id:2,Representation:0.3227502394727255
Topic id:5,Representation:0.5270615761412135
userid,score
2501749652,0.3861853265369253
2094639977,0.3828446199714173
2091247595,0.37826304636503005
2096268410,0.37782561769253425
2502462454,0.37484628230137695
1934307022,0.3746649782281927
2499631990,0.37440423799492967
2503756910,0.37304347863359527
2502280120,0.37299652848484116
2500919280,0.37121941873821795
2501973681,0.3711000078236981
2094648494,0.37071149013351806
1930953321,0.3703496972381148
1931006501,0.3693159345723921
2499449840,0.3690952391744623
1931007300,0.36741314071026987
2096255124,0.3667405571310015
2096226142,0.36528062086414964
1929305094,0.36510360785275003
2093950825,0.3642238965665926
2091962443,0.3630272679696207
2499292140,0.3621824374456699
2501397475,0.36126558325170477
1880532340,0.3583566637753912
1931661347,0.3581481114626825
1878596620,0.357867947863845
2502214751,0.35776517149972065
1879787132,0.357721931629894
2503131957,0.35762824108067737
2500261152,0.3575683579824278
1933543481,0.35733616031491755
1880518521,0.35724421414568863
1880504602,0.35578882367508424
1878585863,0.3557274280373108
1929306943,0.35547145736845154
1933513103,0.35508912539310866
1439621463,0.3544275652471185
1434607403,0.3539950922109708
2093019367,0.3539000865533972
1434000117,0.35381985702745505
1931695724,0.35299152563768477
1879802454,0.35286478742540767
1879189664,0.3524833335421148
1433346464,0.3524689301697258
1931017850,0.35203905512075184
1878598573,0.3518714067683797
1880534213,0.35087326917692774
2502495632,0.3506979842502087
1432700083,0.350487160169041
2095450703,0.35041354066018954
1433368312,0.3501879237325122
2499558370,0.350109678469045
1932512871,0.34975387902275856
1434181010,0.3495060847811125
2501783424,0.3488421272860759
1880505410,0.34849575325469795
1932501041,0.3482925943631126
1880541534,0.34800803331361735
2093902504,0.3476497789295257
1932465142,0.3474188390350365
1930941090,0.34690982038509144
1930964107,0.3463954749465426
2499517262,0.3462771384539102
2500249442,0.3458117345174596
1930215441,0.34577663337292264
1932489642,0.34539939223325355
1880482667,0.3451091535099877
1878575957,0.344841613556775
1931007301,0.34460401724318673
1434424903,0.34384170717035045
1930961223,0.3436837676626861
1879779734,0.34336086025135315
1879885270,0.3423381426450638
1433804030,0.34182172017177215
1878580004,0.34174946195525047
1427876533,0.3413993927638881
1932441291,0.3408252099479204
1931005191,0.34036781663631593
1931651651,0.3400650843461055
1434544513,0.33949705105365474
1880476692,0.3393534663142011
2096197135,0.33885540582713425
1879137984,0.3383679271226731
2503113282,0.3379966936974254
1879906982,0.33763529653206587
1433582422,0.33741142870429436
1434380940,0.33719749714262365
1879829462,0.3369955745134933
1434224355,0.33684963278078783
1433791590,0.3365113858373039
1433297062,0.33642977122676015
1879168340,0.3363475519837973
1931668753,0.336221787983363
1933505705,0.33619315292401514
1930966635,0.3357863980950577
1930943517,0.33558859220805753
2091240091,0.334807114390946
1930999725,0.33395075806183744
1433474031,0.3334926862653181
2500416025,0.33303036964002347
2094604053,0.33301087101960397
2091963181,0.3327864761655992
1879140955,0.3325131630525561
1433625632,0.33210524187355805
1930182033,0.3320896191637735
2499575284,0.33204988523312085
1879861654,0.3317649049683725
2092944627,0.33154033002038746
1434553561,0.33077891455542946
2502141592,0.3307099018223374
1880463174,0.33039721378376286
1880452447,0.32970523326744033
1933508182,0.32937007124623247
1930168055,0.32812385486096984
1931674021,0.3270998474350696
1432612943,0.32655058661697717
2501164590,0.32644980134113677
1427840352,0.32562543814636075
2499699754,0.3250776538141731
1880513994,0.32441741088205484
1880495925,0.32440197344034416
2092835431,0.32409974084972915
1878594701,0.3239721336272761
1427593641,0.32343508074977373
1930179873,0.32322507257640476
1932571185,0.32263869249256666
1880471322,0.32250462966875804
1434235581,0.32118133648974323
1933571484,0.32116742691491384
1879138212,0.3209920910816947
1439395165,0.32087759039557484
1427875813,0.32030139274062197
1933502711,0.32012646849082427
2501922932,0.3199946729054368
1439414705,0.319841272065549
1931006257,0.3192380711810568
1933525284,0.3188981732724464
1433993833,0.3184338586040987
1432895575,0.318373747366691
1930988207,0.317807652023385
1879144040,0.31774822231654654
2503721670,0.3175707852472771
1439411150,0.3171307125267312
1434731981,0.31665100029968263
2500726200,0.31539392688637224
2092032314,0.31492158082200916
2091187603,0.31427777099516363
1930195304,0.31415017553414826
2501406364,0.3138882923764577
2092093090,0.3134644492505809
1433287292,0.31309566707524666
2502119500,0.31286518650481077
1933513035,0.31244292843030513
2502597690,0.3114537189366131
2499480615,0.31048125261684495
1930163967,0.3101922746103704
1879199765,0.3101171412756598
2499680563,0.308496118340175
1930233795,0.30812067186157643
2502511822,0.3080748839209252
1427688265,0.30800437228323946
2091244587,0.3071794508434159
1931600284,0.30666594762342203
1879140622,0.30605112973285925
1433955482,0.3057878656129788
1930958893,0.30566291691369757
1427592465,0.30562186666768465
2500961214,0.30561330484909277
1434414634,0.3045297445364816
1880470220,0.30302802478921603
1879781372,0.302484052545252
1879158991,0.302444931449277
1930219040,0.30149528440389856
1439462111,0.30139928222849777
1930155057,0.30129435398038096
1427791747,0.3008489800960587
1930963487,0.30026132877239436
1879894863,0.29980251740025227
1931688451,0.29851823839354785
1427603313,0.2983708030150811
1934296252,0.2981963294795388
2092919360,0.29789757078864
1433053694,0.2969694337563106
1879829767,0.29676542241709103
1933564873,0.29317064041250973
2092007395,0.2919999943164943
1434513973,0.2916407572154872
2502546630,0.29157684605337936
2499283687,0.29055757063092996
1433557323,0.29035616619823834
1427844833,0.2898399160666539
1932444564,0.2895529787222232
1880444560,0.28952336341704143
1432914911,0.2892212128742649
2499396327,0.28903083550873343
1879856934,0.2877493903383356
1930981623,0.28744393932017454
2499302000,0.28744214154045405
2092016123,0.2868801349313711
2500566270,0.28651792163203044
2502130825,0.28642494193603096
1880454912,0.28611062955009037
1879848477,0.28450275865342084
1880459573,0.2844346448111224
2503797092,0.2841645968096993
1427815721,0.28404172034752634
1878576484,0.2835707267074367
2093943865,0.2825891766424003
1880426505,0.2825669532007533
2501771443,0.2821179892081356
2500173540,0.28174097079175603
1934302087,0.28092425775105784
1879896272,0.28087891722500535
1931664742,0.27999631516423207
1879870725,0.27979001432762335
1439440182,0.27911309894895225
1879180713,0.2791048238371277
1433827742,0.27897510038231255
2096265992,0.2784991980895495
2092037064,0.2783267624162472
1879143117,0.2777836402843203
1427675612,0.27765454784522875
1880507825,0.27695203773392585
2500551200,0.27627080185788927
1433779463,0.2754284686283055
2501647282,0.273999762664188
1879131770,0.2720402427684993
1879807672,0.271656999373296
1932496987,0.27154276207539757
2503440444,0.2714854835226958
1434560371,0.27052242879431615
1434710283,0.26955410575553707
1879860741,0.26924663120027575
2091961550,0.2690318727706659
1427899751,0.2688524270091661
1433223142,0.26862841588688763
2091251351,0.26802908429713984
1931687151,0.26796132212243967
2500567790,0.26534677240189897
1433546963,0.2652693956203117
2501252530,0.26291211170920015
2499297514,0.2628900773116764
1879847753,0.2621890165109731
2503595267,0.26207836187283234
2500636463,0.2620712963598649
1434555724,0.25922623946231504
1432695027,0.25721555134938057
2093991275,0.2570093893725832
2503628434,0.255804797025622
1933597263,0.25524603616311464
2095337017,0.25498800720503434
2095400833,0.2549811727823031
1433386395,0.2547338163591847
2499762930,0.25462735452428953
2092069217,0.25289033517318865
1433464033,0.2505096274597152
2502953594,0.2498862489535244
1879830405,0.2493924445959348
2091185112,0.24899722784912662
2499862680,0.24893999929658428
1933549103,0.2487587818914411
1433336350,0.24840059499418027
2091246713,0.24747726016659402
1880532331,0.24658061874229986
2092851002,0.24612745108671064
2502988502,0.24598606204002976
1929312651,0.2457014438958795
1879795645,0.24483287069901044
1433123075,0.24379977194799596
2093886667,0.24266977513135946
2499628723,0.2422183305874564
2500386357,0.24192741732265394
1879232284,0.2406931759947711
1879776463,0.240282116036591
2502048872,0.2388003952438854
2093882975,0.2383131779595497
1434631637,0.2376346080855404
1880485342,0.23736957761130562
1879889292,0.23608472736489858
2092091040,0.2359622326985474
2502329427,0.23591280597484704
1439613093,0.23584991179180984
2502711275,0.2357664404128419
1434308324,0.23524315350464514
2092935932,0.2347136200103997
2503885802,0.23424832681837993
2094560175,0.23284198129655953
1879788780,0.23232725703360319
2503453451,0.23173073765041585
1932513065,0.23155593406606967
2503158854,0.23112760488598694
1427722075,0.23067577601356795
1931602755,0.2291728437245535
2093899587,0.2284274707040716
2501472364,0.22838881979729375
2499292994,0.22796757231319087
2093923390,0.22781619651923368
2503617072,0.2270477358787007
1933496913,0.22698840459910782
1879879570,0.2266742628794293
2095344835,0.2259923644930707
1433725465,0.22589817341031376
2092928664,0.22509644971267653
2094583363,0.2240476149359698
1427654820,0.2237613781502095
2501906010,0.22223546603268152
2095452473,0.221970525238101
1879896344,0.2214268374544483
2095404921,0.21927307391974674
2499327250,0.21902426208813863
2091260015,0.21625044393663673
2499589844,0.21512426917054023
2500276083,0.2139235581582804
2503662834,0.21307134611643289
2500295797,0.21195954975928186
1879845435,0.21111092476108748
2500932124,0.20870807798513186
2503875614,0.20850130513972254
2094655804,0.2032912848009481
2499412541,0.2028728531731004
2091224802,0.20204319108868016
2499501600,0.20088809330954108
1930202261,0.20048262562838776
1433512494,0.2002950237565122
2093058397,0.19928077045924553
1930138130,0.19451561187874783
2092926037,0.1933166599117695
2502559843,0.1932938318377736
1433596734,0.1904364173710936
2501980387,0.19043494679263673
2503610712,0.18982722236094712
2093078772,0.18697825272010463
1879812094,0.183948531276539
2502079777,0.1771938032498233
2499318605,0.17526566324340534
2499264150,0.1734606093059895
2503191945,0.17109381940089202
1427679360,0.17026046733916297
2501601525,0.16975886490683784
2503346200,0.1672689488262644
2092858922,0.1659138170527181
2503489135,0.1650477358237875
2501706055,0.1632698053075396
1879893354,0.16321171305700996
1879881264,0.16261591095315622
1930938675,0.16160289245335835
2502248875,0.15621794292416563
2500263481,0.14865842580430005
2091183732,0.14729042308073667
2500584133,0.14210655646049908
2499362737,0.14116305624290312
2092774860,0.12845140880656256
1427592210,0.1261716886600798
2501522141,0.12420278816811607
2501052531,0.12419697841651053
