user count in community:626
Topic id:5,Representation:0.4788068381498604
userid,score
2502175770,0.2795625408493028
1932634004,0.2762584586095071
2093959933,0.27521811454345957
2501797422,0.27481292030110915
2092913191,0.2683821930720894
1932542115,0.26785590475328486
2501819795,0.26756282752132987
2091950140,0.2658354165275701
2501835982,0.2631606712363724
1879887034,0.2628645477378311
2095450235,0.26275099577049355
1930200011,0.2604271837274845
2503589981,0.25886799952437994
1879224927,0.2574758701397614
2093857044,0.2565642600608602
2503318490,0.2555130267079149
1930951603,0.25540671878791793
2500730630,0.2552242517919613
2502956792,0.25403068263056083
1880471021,0.2539422679120628
1434477690,0.2535205951423992
1434188551,0.2516803993953061
1434339064,0.24933976073560582
1433397405,0.24803327672591863
2499294700,0.2474082068389678
2092844735,0.24503778054771824
1434476397,0.24408739276837063
2092082117,0.24234457448458713
1432850304,0.24221799830743843
1931022777,0.2419852791031256
1433539910,0.24037657034100157
2501573462,0.23998580727335142
2091219055,0.2396942598713816
1434145857,0.23869250669056283
1427733671,0.23865614924387515
1434538050,0.23809741870419854
2503275533,0.2353530555162646
1934322592,0.23507111766656413
2092972025,0.23489143121786887
2092937727,0.23466733883204385
1932461857,0.23364398879489176
1878582611,0.23342304247803478
1879823544,0.23328892971157694
1433726903,0.23154519428958156
1931592161,0.23152567170034147
1434098305,0.230803363636571
1433386572,0.2306604001326931
1432981687,0.23041741922774084
1879778774,0.22973669620974885
1879801550,0.22932849608675132
1879870794,0.22878338818337046
1433105404,0.22876395179249054
2502611431,0.22709368109124137
2500438354,0.22611781073712764
1434533667,0.22593664970782587
2501529640,0.22564589647028996
2092040310,0.22526434589899785
1930170433,0.22490811419929513
2091986991,0.22460700426685504
1433027131,0.2245913133121078
1427778110,0.22402307702166901
1932596437,0.22270380228114736
1434173303,0.22265397127989672
1434527361,0.2224613933968288
2500277503,0.22239792040904469
1930929097,0.22237282916735637
1880434772,0.22236222037504372
2095431923,0.22230853536835762
1433392064,0.2221572464232031
1434025824,0.22214916157195935
2095425921,0.22172167367689477
2500319487,0.22161574994121883
1878592051,0.2205137442189743
2092936192,0.22033993327044488
1879846724,0.22024664236579103
1930165005,0.22022005506539163
1932465310,0.21964489630326176
1879203193,0.2196140922642629
1933567327,0.21919611946205933
1433469242,0.21916883030884315
1433329774,0.21913820285646451
1433953135,0.2190917291076817
1878577927,0.21878934788218357
2091972360,0.21872097781502492
1434093435,0.21833026420219576
2502366982,0.21736784049748165
1433068453,0.21728598552100872
2096191577,0.21705088973617903
1433577781,0.21695162879148971
1433311821,0.21685132993452153
1929305951,0.2162185100338232
1432660452,0.21573827802887155
1427880974,0.2155656513963578
1879871012,0.2151637410992081
1879826700,0.21467212383645368
2094659371,0.21440172724188677
1931621805,0.21333297314033894
1434032063,0.2122533066852883
1434528151,0.2121393045473904
1879244523,0.2121197267044178
1439332807,0.21133820528741412
1434694457,0.21125413793707207
1879804595,0.21107954614558297
1439558741,0.2107989187188248
1433558991,0.21058911756296675
2093924425,0.21054000480142757
1879866267,0.21044883293376662
1434019230,0.21042528599593138
1433417000,0.2102134526334858
1932640877,0.2098875352188544
1933530970,0.20975884277535028
1439435961,0.20936423631943013
1932450387,0.20884526070142093
1433669217,0.20867015958498683
1434434457,0.2086262363429447
2500725931,0.2085331301701156
1879912515,0.20819341154382523
2501149044,0.20794488085236196
2092960804,0.20760714849550277
1433406647,0.20759781603798474
1932493733,0.20730950449927746
1878578683,0.207222285003514
1433158862,0.2070434686849714
2092053352,0.20686582451137775
1439625305,0.2066846706744448
1879137553,0.20655245530221833
2096203175,0.20652597024296038
1433718850,0.20581970301208602
1879784183,0.2040887037214967
1879130384,0.2038232270405492
2095355697,0.20330285331800185
2092806310,0.20299970064391032
1433800415,0.202816591149395
1931688225,0.2014945447933222
1878592497,0.20146711621916868
1433399202,0.20122767212565287
2501068090,0.2011475908461169
1879131197,0.2010420626259551
1432974172,0.20100081766029965
2092008882,0.20056361727713362
1933591574,0.20036083165477414
2092064654,0.20034450078751412
1933521107,0.20011404343318834
2092826704,0.2001043351996847
1879811593,0.2000581934721436
1433545233,0.19992432169833402
2092787927,0.19972256358659404
1432659015,0.19954893750674904
1432655664,0.19951633052122275
2092043054,0.19945620623021115
1879899610,0.1993333936419732
1879801771,0.1992475345333802
1879848010,0.1991741757851122
1930994640,0.19883153741741513
1434698981,0.19816688442690758
1933516683,0.1977901574783851
2502212212,0.19770210520838047
1427790270,0.19759916214320106
2502237927,0.19729045575841175
1433003823,0.19717909449617088
2096243060,0.1971187236049661
1434381404,0.1968469968001895
1879199815,0.19654863987407534
2095390855,0.19576678415839346
1427589977,0.1956377951614978
1433135582,0.19520999618516727
1434134055,0.1949520561917154
2093087137,0.19492351822350315
1433797363,0.19485097689536468
1432645435,0.19476580691563994
1880472962,0.19450975958263095
1880497674,0.19436663207249466
2092063477,0.194308530824895
1932542262,0.1941466268922993
1933493623,0.19409436760056437
1878583133,0.19405239084264034
1879905425,0.19316979482003407
2092057382,0.19267540385825566
1433346527,0.19267421729986897
2501901683,0.19218911952114223
1879848425,0.1920001446101202
2502353873,0.1919543508891053
2503117425,0.19161225259919049
1434746781,0.19078979511159586
1439464677,0.19075932476743002
1433358522,0.19032232145584554
2093885885,0.19016903403471877
1879168807,0.1898483050963592
2091220224,0.1898081166231898
2093922584,0.18950845743426484
2092856627,0.18937040653256965
1434650910,0.18915891504872182
1879813517,0.188919640397225
1930224192,0.18877480101950916
1932643682,0.1884415046187894
1932533012,0.18781998961843005
1433621423,0.18779160201952055
1432641281,0.1874706913042271
1427823420,0.1871229087634234
1434170697,0.1868862559068593
2092773250,0.18637356172072195
1433973177,0.1854282998805058
1433574121,0.18540977883472082
1433105571,0.18517315092202144
1433595587,0.18503195941270728
1878603280,0.18472058951961737
1433408435,0.18455055681080115
1930153433,0.18408442014832696
1931646514,0.1827326110682217
1931594822,0.18247789538655107
1932581550,0.1823564901589076
2092956573,0.18225989585221497
1934298875,0.18221924711015375
1932521945,0.1821725877488268
1434447024,0.18202683528865488
2092876611,0.18195590838101475
2501738297,0.18177276786409002
1427603960,0.18176134345066902
2499289927,0.18144299365268635
2501620755,0.18137284789211452
1933574671,0.18083870261148624
1880519952,0.18045398730030068
1433060821,0.18032921526957899
2503193011,0.18014187271969798
1433605720,0.18010545538502737
1433874220,0.1800025992283019
2502561930,0.17985497051836832
1879835951,0.17985246213660297
1933513673,0.1798045993695529
1434186564,0.1797328482393316
1879900432,0.17968677029330457
1932603692,0.17965587993097015
1433323862,0.17961900498110236
1879229867,0.17948384947547585
1433210013,0.17932366816477313
1433640483,0.17786026246688214
2092005470,0.17757342744612956
2094669205,0.17668055681537942
1932578071,0.17664756309919472
1932617447,0.17646750339827524
1434492110,0.17644366517565804
2095461312,0.17579704861899623
2094575812,0.17553916150128218
1933565760,0.1752632842386276
2499739313,0.17488878234220623
2092885581,0.17488027969794254
1931007435,0.17465830286424355
1432614015,0.17426612484266252
2091201847,0.17413550658218757
1879128247,0.17372258733445717
2092857993,0.17366624881966633
2094696577,0.1735248003561132
1930984042,0.17351589859268107
1931646933,0.1733182509418999
1427683122,0.17324977888925946
1930156691,0.17319599743993697
1931011424,0.17267861767555004
2501232520,0.17261106486232206
1933538050,0.1724672441599211
2093019022,0.17196919594645269
1439318215,0.1718236440100825
2091229303,0.1712882431319239
1932563445,0.1712424429381345
1434740355,0.17117080757918687
2501761580,0.17062540122550973
1427723110,0.17050326062601226
1879912115,0.17044040680126632
2094615401,0.1696245453689582
2095399965,0.16839794695891902
2501004413,0.16811107232985778
2091266807,0.16799963031462528
2096212252,0.16777324826984708
2091271812,0.16773142362066626
2502575757,0.16771688699801818
2502515742,0.16762717583591213
1879901184,0.1670671138185066
1930153461,0.16673881613324182
1434465884,0.1665490876904387
2091975984,0.16647853771409332
1427844971,0.16635684880874263
1880518477,0.16590963583849347
2502075067,0.16562051558291338
2502170977,0.16551681245383898
2094610225,0.16534957895217445
1880497214,0.16514236577543723
1433801845,0.16452409904244011
1439545517,0.1644271199324936
1932499902,0.1641530411267201
1879792804,0.16401540731078945
1427718637,0.1639963779454704
2500337507,0.1639364463067153
1433575931,0.16388880066000505
1434475192,0.16374216479436424
1880444193,0.1636773100411896
2500215957,0.16363541182506697
2093092247,0.16351539957020753
1434686293,0.16347419548358263
1931029102,0.16302306081465884
1879155741,0.16297983642705882
1932609990,0.16276792432358891
2501698604,0.162334084710459
1878595455,0.16228293149994114
1879876034,0.16214469522210806
1932637202,0.16203201999752037
2091197675,0.16197237265231848
2092832282,0.1619554967926412
1879831393,0.16194644986198084
1934324023,0.16171670433053975
2091278492,0.16136287088546153
1879803764,0.1613152583590643
1879209727,0.16082124308042078
1879794247,0.16050694304214208
1427733943,0.16008234910627667
2499247624,0.16006230231800017
2091288534,0.16000523375187772
2501601853,0.15983598490830123
2091981394,0.15955267993288952
2500886690,0.15954194797524127
1880433261,0.15944947290724076
1930245727,0.15926762806482347
2501594203,0.15917432685318245
1880532903,0.15846137326023096
2092942884,0.15845229585185605
1433219794,0.15842280969892691
1434339604,0.15767358040213378
1879796834,0.1576605121957651
1427756644,0.15754892626257613
1439541671,0.15743325636718813
2499739493,0.15738633450354886
1879843593,0.1573192559835106
2092898682,0.15709601288062994
2503626845,0.15670740191680071
1434429255,0.15662137055872752
1879143033,0.1565342435813757
1929307921,0.15620876673481934
1930211501,0.15596129540294146
2095372073,0.15533375281983092
2500922755,0.15509134923399354
1433876622,0.15497185345140338
1439375430,0.15477810875138728
2095379051,0.154720064343052
1879827145,0.1546240780761409
1933524122,0.15440933300280923
1879126040,0.15420370582128057
2091200190,0.154013619140515
2499317145,0.153988680094812
2093042013,0.1539202516191779
2092832452,0.15390357790039866
1434370320,0.15376816032473614
2095373041,0.15318497262329586
2503819321,0.1528775885243511
2502355462,0.15281195143330958
2502547051,0.15240821921496028
2092763127,0.15238642153531096
1434402060,0.15226323427515775
1433951991,0.15205572064571488
1434533641,0.15187719860805124
1879774433,0.15165401300878054
1932518390,0.15150750234507887
2500819390,0.1513855854530157
1432847273,0.15136219873232146
1427733824,0.15119339999111978
2096214577,0.1510856063353192
1880451477,0.1510355692748159
2094638767,0.15068574701841966
1930216771,0.1505557283569065
2093941090,0.15050245895526118
1932474750,0.1499837213455268
2093966992,0.1498645192422855
1433616141,0.14975440883861488
2501960571,0.14914076784788066
2503639857,0.14911678729275588
2093951330,0.1489800939704737
2503365964,0.14863907252135633
2501307115,0.14781322937833513
2500856790,0.1477669225429926
2500147711,0.14737226528055983
2503750192,0.1473083890693803
2092832314,0.14704272310941915
1880523237,0.14672095143347097
1433453934,0.14642378507910017
1879156082,0.14602022097263484
2503094822,0.14575268282395756
1931026877,0.14546314079097059
1879241163,0.14543873161696758
1932455451,0.14489944820005818
1433387177,0.14479109278505567
2502495642,0.1447550382321709
1879768667,0.14474930373406852
2502030691,0.14449574149016242
2503292310,0.14439117744734967
2501007541,0.14428712175246972
2093943487,0.1435634778335661
1930189870,0.143340053448985
2500922980,0.14300159289639316
2095397813,0.1427988062361456
2501275014,0.1426962563346449
1930969701,0.14257410931079
1433294104,0.14244735279354162
1879805851,0.1424222992543872
1434160330,0.14235397453053888
1439503732,0.1421872136580277
1879826137,0.14216447438680146
1433882174,0.1418118012556666
1432938931,0.14172633197519263
2092930844,0.14126365203919708
2503528392,0.1410760199803993
2502367615,0.14091907282417837
1932479042,0.14089949843887078
1879903894,0.14076449492610724
1933550393,0.14056050205332277
2091239674,0.14050871871779472
1878592112,0.14036456623118515
2503759152,0.14007358091399424
1439337172,0.13990749806106803
1931674885,0.13939137770779728
2500139662,0.13919422690010097
1879799467,0.13878119212514273
2092944212,0.13852971749768703
1879223171,0.13843161431995574
1932462110,0.1383943109784614
2095389374,0.13819824139997108
2499677377,0.13797909915975898
2501857814,0.13797401795309824
2503349300,0.13796391539759462
2500739710,0.13771531866039155
1433804711,0.13703648366186516
1931623927,0.13655698976197944
1933598391,0.1361521284956097
2501955052,0.1358441419466703
2500151964,0.13563932832016776
2093050347,0.13545279187630932
2092794291,0.13513555285929132
2092020381,0.13506668627450266
2091973345,0.13469346969383617
1879137877,0.1346562893642703
2501610264,0.13457685928386148
2501336704,0.13454032883172484
1433416121,0.13453555509976234
1427874617,0.13452195044097337
2091236781,0.1343764847898466
2499331070,0.1343122191524361
2500234743,0.13426009623177557
1433228131,0.13413580083307197
2503768927,0.13412587147481092
1931023450,0.1340653597815187
1880427971,0.13363702466312535
1930190197,0.13327172956188324
1880494727,0.1331683621043694
2501849394,0.132992870326284
2502136912,0.1329573673014628
1432854021,0.13262919685150615
2095429191,0.13230207238670033
2501848827,0.13229059361555834
1930192881,0.13215168981627284
2502657644,0.13209117741274598
1932653043,0.13193936787616822
2095448302,0.13155287376926017
2499240954,0.1313497276192978
1434273035,0.1313366186767415
1433185493,0.13119490252021013
2092066125,0.13117785067727844
1879231473,0.1311002886168978
2092008871,0.13108435430337986
2091261752,0.13099136805875872
1932430441,0.13084908317089733
1434684397,0.1308462440845134
1933515570,0.13000068507654006
2092008822,0.1299096697682506
2499652350,0.12963506018549545
2502148720,0.12955093860365754
2502453420,0.1294394884355753
1934295433,0.1288432957267477
2092959164,0.1285150225727581
1932652601,0.12816983157559728
1879857292,0.12816001497335822
1434371363,0.1270070589705841
1879132153,0.1268371891822953
1880525774,0.12657597176040847
2502022563,0.12636002953634135
2501597622,0.12611279043474705
2502468280,0.12579990522714501
2501931757,0.1253555852875282
1879856592,0.12482458650625296
1434437727,0.12419942395076712
1933497437,0.1241809311445135
1879811951,0.12375162404070926
1929310913,0.12366809882192649
2502041342,0.12329604344433975
1880513392,0.12322598342218623
1433962217,0.12309034930301231
2095402962,0.12281709195983591
2092814124,0.12259726784402929
1433621275,0.12257787244646699
2503520814,0.12241074995058676
2502430597,0.122393511382163
1933517253,0.12203885181456249
2502758985,0.12194633061738257
1930247330,0.12143384081741082
2503472355,0.12102017494018927
1432680574,0.12077400414558331
2499258051,0.12049225351041819
2502024915,0.12022934550802579
1929303241,0.11923775978126584
1433428644,0.11912543530459328
2502433147,0.11892017677683643
2502243282,0.1188921372642726
1434056841,0.11873833909970871
1433940047,0.11867989891168039
2501302705,0.11849420475103717
2502041924,0.11825879586820914
1932596071,0.11802141512851375
1434409692,0.11734032094823897
1427828665,0.1170430216648101
2500702935,0.1164618330399093
1933554442,0.11644832617334595
2092911407,0.11603268014959016
2501334994,0.11602751042029122
2503105092,0.11580787044209895
2503326951,0.11532379012375164
2092894567,0.11438423247694673
1879127255,0.11429522615907448
2501592432,0.11395760553590024
2503175015,0.1133614380113037
1879856931,0.11316422573685818
2095418863,0.11276587448604498
2502839362,0.11194506846073739
2499366054,0.11192710146376449
1932579397,0.11101218175445146
1932448480,0.11083042188445472
1879128453,0.11049323842921732
2501609115,0.11002273814225351
2500334647,0.10980012357508212
1930938195,0.1096565967466068
2093920205,0.10957802431514083
1879138105,0.10930591131827934
1879187112,0.10922743879971564
1930146545,0.10874507999538496
2094553640,0.1085022445978406
2094642871,0.10798417545883258
1432716392,0.10782938138502596
1879829492,0.10695907097753839
2502881181,0.10695689683367579
2094687144,0.1068921806356259
2501861542,0.10676852764438269
2499245363,0.10675907165711987
1930241761,0.10588987701103368
2092819681,0.10584122220428495
2503325382,0.10564143523205005
1933510172,0.10524308000949614
1930214507,0.10420909580713299
1879842345,0.10416024779376733
1932532430,0.10401172351783823
2092043451,0.10394531132407098
2092792555,0.10375472957452779
1932506565,0.10344705795370895
2499508827,0.10339492343975132
2500852682,0.10324968979904209
1432873234,0.10273075422654898
1930201220,0.10107298747332064
2501435522,0.1010089206443643
2501576382,0.10040173742379273
2501324422,0.10022222552086803
2096220847,0.09998810055139458
2502096164,0.09992173820567368
1932585507,0.09991553498667825
2503846912,0.09991516050084305
2500196971,0.09836552338989292
2094671105,0.09799317682075775
2095443221,0.09791768578176101
2502725855,0.09791276622298253
2502068343,0.09696333574451269
1933521190,0.09694900649486025
1879850863,0.0967190885280337
2500456320,0.09626297914827703
2502320960,0.09608201758538432
2501075082,0.09585833129964627
2501423727,0.09481120293699812
2092760642,0.09479873478636942
1434383565,0.09472554035222691
2092769611,0.09402285049303917
2501729401,0.09393052536997877
2500308852,0.09361264117486258
1931696954,0.09348984445799698
2501958674,0.0932369127187127
1930951112,0.0926261211252849
2092037512,0.09252712023923515
1433033357,0.0919459736428348
1433187183,0.09171313536332566
1879878294,0.09161892817980322
1880512835,0.09120607444642703
1931685142,0.09085711474252027
2092065617,0.09015270288321826
2501819262,0.08883393741598637
2095390805,0.08814179917954856
1879171767,0.08791850047172678
2093024797,0.08784875828357412
2093984407,0.08720547380351991
1933583520,0.08616397331072514
2499601542,0.08569534935932964
1879201087,0.08453508745657441
2503059394,0.08404035462844626
2503245374,0.08301966147849442
2094664670,0.08269584306278331
2096266562,0.08262093500934266
1930182094,0.08156386026806213
2502049053,0.07966440156754151
2501573822,0.07929808441147672
2499281044,0.07888991553767546
1930253787,0.07876819351743553
2092769907,0.07726584724833789
2502895714,0.07630987496888562
2092083520,0.07566786357131057
2094561684,0.07557023588572163
1934315214,0.07030365703442838
1880519110,0.06934201505989526
2501446557,0.06916995260297333
2500767104,0.06828789161545622
2501786493,0.06479179821400628
2502859782,0.06273890847807427
2094632575,0.061629846005125756
2501476241,0.05888172148472509
2502989862,0.058260925403753244
2500862077,0.057939247728033466
2500608922,0.05458389474304203
2093081852,0.05117181445994933
