user count in community:311
Topic id:5,Representation:0.26033076073942163
userid,score
2503131707,0.3295984045610185
2503119187,0.3224436694450704
2503127493,0.3210596800294203
1931646097,0.15426395389394262
1931645613,0.1526255866486322
2500370072,0.10604102736087162
2499256983,0.10410223834053826
2093072075,0.08357621152300256
2501495104,0.08252698421238666
2502695253,0.07836415249534644
2503819272,0.07799120343531958
2091271790,0.07477341106935059
1931617953,0.074766559678664
1930150663,0.07346026977147929
2091253811,0.07342451784233407
1930182193,0.07238736265363163
2502035333,0.07130126784525544
2095468132,0.07129156004761661
1931589695,0.07122686892996485
2499506874,0.07105591356751927
2501625731,0.07081118039296444
2499886517,0.07014714430549941
2096270713,0.06988104345281283
2499385204,0.06882060816359312
2092902691,0.0685480884273067
1879166473,0.06791648967500506
2095398862,0.06791630449778056
2094628125,0.06789348739689098
1930179660,0.0676512894072826
1879141267,0.06736235654131226
2502383232,0.06721960830321161
2502150940,0.06707662954103055
1434587547,0.0669457919013819
2093930480,0.06692956002928184
2503168190,0.06618744279126944
2501214202,0.06596830064559144
1878586892,0.0658903149133092
2093889411,0.06581197609654459
2502484114,0.0657507099765096
2502116391,0.06548459089459717
1433121964,0.0652679821874993
2501995297,0.06474847034822856
2499636982,0.06463906779652016
1433678592,0.06416116567879394
2094624744,0.06408925452855137
1879246662,0.0639061313733106
2499273574,0.06370183769535936
2502374653,0.06345420117022124
2503361553,0.06343530809257672
1434634947,0.0630951928051348
2094636912,0.06278339521279756
2502957240,0.06260309553694648
1931018942,0.06227791426988362
2092857225,0.062235800751194455
1878583253,0.06202675071713337
2500202173,0.062007057146015336
1879217220,0.061719861962421796
1879234541,0.061652872559762664
2500241810,0.061398067805041055
2502524632,0.0613119367462234
1880543673,0.061307612868239866
2502584224,0.061261588688408565
2499406734,0.061217709902384204
2502609604,0.06107847143133223
2500125562,0.06090279791636521
2092760521,0.06065005360419177
1879788995,0.060582499589980306
2091962437,0.06047384180395222
1933526775,0.060356518643185184
1433281792,0.06017013532831693
1930195061,0.060097986630083436
2091963713,0.059757077117661005
2503283747,0.05944449086974047
1930983777,0.059417806154569
2499367001,0.05744993132370284
2091246527,0.05698144711188861
2503706070,0.05686210709519527
1931008895,0.05676232811724723
2503547500,0.05658839262657129
2501233962,0.056526179533695105
1432895617,0.05604320402444728
2093089440,0.05579540116500785
1434397371,0.05562865012990709
2094690595,0.05561580739214393
2501797185,0.05554096306126515
1929313851,0.05534175332332752
1930930335,0.05533565114091389
1879891652,0.05506069790788468
1879199300,0.055032434755096435
2501840167,0.0546870695586935
2499568820,0.05458234831802798
2501365061,0.054568335708266844
2091949285,0.05426766447064877
2500642921,0.05420302710540515
2501417192,0.054176727455661364
1880520612,0.05375771733309043
2502154014,0.05374229258160955
2499511232,0.05352671846561806
2499630991,0.05311129722428005
1427801217,0.053056273826923815
2093897572,0.05288822607666982
1929304783,0.052381546996551905
2501330450,0.052364934511323694
2500735704,0.05217466651168493
1879826574,0.05215864166039113
2502976484,0.051948608099337594
2093056013,0.05191591893205506
2501409341,0.051647652082848716
1929314135,0.051535623098758594
1879213657,0.051514693443666985
2501834312,0.05129541024116567
2092085424,0.051226657280534875
2500597742,0.05104468194882314
2502208162,0.05092996692196873
2502344812,0.05090282049140837
1879195423,0.050796381334729766
2092756445,0.05077742412819551
1879901180,0.05071354594052927
2091223454,0.05065158135081469
2501743942,0.05035268767373044
2502484850,0.050314237033526776
2501419345,0.05013412286316109
1930957921,0.050065415454613786
1931026823,0.05002464875103038
2093010572,0.04994152290265905
2499233225,0.049896496273395
2092809433,0.04988853555958843
2502448472,0.04983244838363871
1879794645,0.049708060306555314
1879856732,0.048857864447387815
2502212964,0.04858428350285835
2503257202,0.04828111363226392
2091194817,0.04823556596755598
2502270430,0.04821563616733948
2501062180,0.048183879008062376
1931639887,0.048127062494595065
2094604660,0.04811125528364839
2502367794,0.048105781539451414
2499223904,0.0478026409624892
2503671800,0.047447303598986176
2094565175,0.04743949793930961
2095365674,0.04743524017254791
2499623642,0.047168498397989644
1434434673,0.04713796876993603
2499301005,0.04707783976317817
2501060657,0.04679012578823586
1932529823,0.0466126508005649
1933512572,0.04576267798713465
1879149994,0.04573020372778031
1931659025,0.045652711050287655
1880514172,0.04552360927692879
1433320585,0.045302828435869816
1434304963,0.04523732456505264
2092877171,0.0451188486559594
1879777241,0.045057483804692086
1434238083,0.045048960531801074
2502932734,0.04491723448007777
2499276040,0.04483523350589598
2503101400,0.044799672740999594
1880465640,0.04472762136553231
1880545253,0.0447274339145147
1933536007,0.044574679136284046
1933506255,0.044571827212716346
2499597587,0.04414538383803719
2096237952,0.04406000154826092
2502018237,0.04395422155346995
1879823955,0.043375250853569775
2502261835,0.04333779466688222
1880517155,0.04315183280052335
2502282900,0.043106238514359144
2501702960,0.04268706680456577
2093878710,0.04264181244933019
1931666125,0.04229332320299478
2500344960,0.042108016935172514
2503491790,0.04175641391050171
1931001532,0.040642708894835254
1932571975,0.040638740734769786
2096246144,0.040517076693749834
1931650313,0.04045514255791405
1932580917,0.040322204549360134
2092016803,0.04002571334739048
1879903732,0.039879086688447564
1932604581,0.03972046225143088
1879897133,0.03945125351877941
2501951010,0.03943329124686639
2499257642,0.03930659472906688
2499487050,0.03929959459872046
1930161347,0.03919921659369856
2499600914,0.03919766169183825
2092051533,0.038922057500070356
2501742310,0.038825855647865316
1879768950,0.03811614535735019
2094677051,0.037546979315259764
1433267413,0.03744870452727677
1879132110,0.037437621314674145
1433471714,0.03731007279737735
2500674190,0.037036387386615174
2501678964,0.03702539284281035
2499462271,0.0368173361945448
1433801823,0.03675025727612638
2499658284,0.03671946254030557
1879843694,0.03652349124480543
2500271721,0.036387852084122534
2499706644,0.03634029299841659
2093035280,0.03607918516777049
1934294445,0.03545760110958152
2503376934,0.03545406614562454
2501179192,0.03542973847061662
2503549912,0.03509898724394925
2503075752,0.03508205813062361
2502206924,0.034971302362096036
2501547482,0.03481252114865182
2501409934,0.034606481831059625
2094578173,0.034466249100275785
1931638677,0.0344331876776197
1933503461,0.03399028075539629
2502789243,0.03394977711043881
2503409892,0.033816426619488624
1932576243,0.033682707293644316
1879895110,0.03343199766446419
1879773915,0.03275768235788488
2499672211,0.0326934791873887
2502045177,0.03266218266007059
2091284584,0.03227308278455475
2503276922,0.032238716110059934
1929310631,0.03221155974922473
1930198115,0.03215568671171638
2501465580,0.03209573821697862
2502196083,0.03157006952105141
2095408541,0.03134881725471004
2499760704,0.031251902509819844
2092782931,0.031069613702248738
1880534100,0.030983200331180277
1930977571,0.03087625246236337
2501868970,0.030856922847826755
2095364637,0.03066316626060223
2499205004,0.030640118377573845
1879151613,0.03057453089961926
1879246941,0.030392480115363302
2092954041,0.03035820263602281
2503048671,0.029742114222191314
2092092363,0.0297262967125945
2095336313,0.029492892179348848
2503891514,0.029300142469442958
2501315301,0.02925710444533433
2499255871,0.029236114642347776
2503127092,0.029207848014820233
2501452932,0.029144074009749745
2092852711,0.028911860506594972
2502014644,0.028754224896934574
2499229015,0.02866633894604275
2091229994,0.028425288535085688
2502954552,0.02840527513128759
2091184385,0.028243177769230413
2502098144,0.028153224929386655
2092006852,0.0280688533411861
2500235942,0.02761151111363517
2096199184,0.02715152753521812
2502013235,0.026572909795413133
1930158277,0.02649377037994126
2095459650,0.02646232906391533
2094562654,0.026413193523968582
2501601321,0.026085641093021476
2091974890,0.026070422454797484
2503262324,0.02591080174541205
2093906944,0.02545011024957144
1933520017,0.025335359560379137
2502353354,0.024765553257280866
2093085227,0.024599276579044933
2503030942,0.02459859010960208
2501775670,0.024426153751679017
2092893471,0.024388622652794203
2503785175,0.02380663314093795
1880489702,0.023686070925728643
1930195414,0.023650042005797844
2093000111,0.023565283797322915
2503420091,0.023456144333000407
2500230182,0.023448918640762446
1930930971,0.023242523002996646
2502247592,0.022914078143700056
1931664345,0.02274009719331636
2500532595,0.02229175539070948
2502735804,0.022174468436653286
1931595517,0.022023915778711038
2092076237,0.02201164384044297
2501008625,0.021925377581360133
2499313213,0.021870097883874305
2095403957,0.021362253003811213
2502164570,0.021119677791992787
2093040804,0.02086203582139969
2500253040,0.0207072720373311
2502109890,0.02059522799939866
2501655165,0.019585977725427698
2499806932,0.01955902676009875
2501876201,0.019258862111082003
2093889797,0.01805430904708961
2094559110,0.017705102057761976
2502467922,0.01764821143370864
2503607053,0.01686317074181074
1934320773,0.015768260412343894
2092016511,0.015754556353390656
2502781277,0.015559557149234892
2502949832,0.015489451129935989
1933585575,0.014732733319371678
2501665430,0.014646474970359159
2503883795,0.014156676311935758
1930220275,0.013773464937343818
2503167024,0.011640768490943351
2095365521,0.011053879571112792
2500238875,0.011052718876953443
2502397640,0.010558407841171631
