user count in community:1395
Topic id:5,Representation:0.5697902818036025
userid,score
2499212230,0.5057615042234218
2503516244,0.4278751422241214
2500453793,0.4169318411843757
2502545140,0.41628703261710465
2503716041,0.4094938133441921
2500117303,0.40390595356662967
2501810187,0.4013229332810707
2503185300,0.3997625105623793
2503414640,0.39898637811675003
2095437317,0.3982997326638605
2502349134,0.39544543582780267
2500809501,0.39210814388966847
2096187871,0.3903450183355617
2093027000,0.38965346048388705
2092958540,0.38855215140833876
2501578225,0.3881872158745287
2501762335,0.38698657070027126
2096186462,0.38619496045472074
2091993037,0.3850553371379207
2499540550,0.38404147087570356
2093050194,0.38390077501710956
2094568234,0.3838313630970108
2094632757,0.38316038578705375
2094582245,0.38231641001822964
1933531492,0.38151309210116074
2093011980,0.37928589164621196
1933511781,0.3787824939740942
2499670265,0.3773485985217773
2499595081,0.37710725792633487
2091288237,0.3760422165789942
2501950561,0.3758192927556341
2502498080,0.3742538209742825
2093018750,0.3742209049281121
2502401707,0.3740773703962368
2500845293,0.3721055504494987
2502656582,0.37199146949347506
1930943243,0.3719185646472025
2093084625,0.36851033657540944
2091239712,0.36830610808430353
2503385734,0.36829100175776835
1930994834,0.36778970774711034
2092914461,0.3648179111096677
2502452763,0.3644947432874268
1931592705,0.363644690827226
2503506700,0.3634654917179756
2499600715,0.3633942624796525
2501716040,0.362391642773693
1930183927,0.36193538523620394
2095349894,0.3617901095557253
2502265414,0.3602883031701174
2094630197,0.3600652551815739
1930970327,0.3598022792549361
2092866067,0.3593115004226955
1930239843,0.35891685568849196
2503549720,0.35823847127928377
2092013871,0.35782391013489157
1933540517,0.3576758507202778
2499476163,0.3572798590518593
2502047610,0.35707391217361323
2503427920,0.35702086085076834
1932459477,0.3570118796088059
2093905824,0.3569794631425381
2092938840,0.3568624786141536
2092883075,0.3538919050585157
2091201194,0.3536063324236132
1933543465,0.3534685662807357
2503303150,0.35334333093040443
1879843533,0.35324560954954504
2095384362,0.3531661533506222
2499590433,0.35307599505803555
2092815185,0.35293304386235386
1879169997,0.35280941024944584
2096257452,0.3522465188021757
1931691605,0.3522141879197395
2094549637,0.3521378372990618
1879797051,0.3519561680301816
1930177004,0.35179843608148
2093007033,0.3511626181770829
2503630092,0.35087707625713965
2092967043,0.35068089235471955
2501244310,0.3500044313075191
2092022200,0.34982473270666814
2091982001,0.3491356194944126
2499701364,0.3488485349711525
2094640780,0.34861964081527935
1434595863,0.3480859966259473
1878594043,0.3479394310398299
1930174345,0.34787042424149983
1931622151,0.3477789544201052
2502948892,0.3474761736656926
1880505975,0.34640716622648376
1879188362,0.3463742798478528
1880521572,0.34570241174884003
1433691375,0.3457010859492387
1930983443,0.3450163154795398
1427672811,0.34500815754957087
1433636373,0.34457820376428683
1879184040,0.34443498247733473
1930978814,0.34437519185610554
1933522340,0.34427984433836056
2499218462,0.3441529922849118
1433032790,0.34411101201071176
2091208623,0.34373088469855784
1880521735,0.3435065765158536
1879847921,0.343356155574615
2499241432,0.342554115735475
2502168854,0.34223246528397405
1433059564,0.342225262235499
2500413904,0.3420689310593532
1930954471,0.3418437466117433
1880456420,0.34176177521806134
1879912241,0.3416707461253605
1931602815,0.3414694792402884
1439502590,0.34070980357051434
2502731733,0.3406121551319951
2500916822,0.3398088992439199
1933501687,0.33957590554279266
2502322064,0.33949175160168843
2092823411,0.3392097056821126
1931615354,0.33885990664517607
2093860037,0.33851128102408545
1879189522,0.3384770857938097
1433646922,0.338310245496906
1433830194,0.337878520879428
2093915881,0.3378726459629188
2093870940,0.33769315449418946
2092908945,0.33715703725303825
1879191701,0.33706471934154697
1433943210,0.3369529372218075
1879194432,0.33649841929672264
2091230723,0.33643980259112066
1879894060,0.33628015440070824
1427864260,0.3361896367160301
2502729377,0.33601268473398344
1879777331,0.33572027968327367
2095464937,0.3355700338624239
1931618645,0.3354722811169584
2095453897,0.33518074327298014
1930981352,0.3350834756837554
2091250091,0.3349286553897407
2499805230,0.33454948507544857
1879189547,0.33443628216544735
1931673484,0.3342375563785596
1879794900,0.33378886003059255
1931635527,0.333697362710633
1879189555,0.333609184486666
1434744771,0.3335980266478278
1932505485,0.33357260068063554
1878577095,0.33349739678867374
1879838747,0.3334266596273864
1930196863,0.3325286436488336
1433385627,0.33249078257292225
2503233495,0.33246549307327733
2503056460,0.33236264788981545
1931010185,0.332240098408064
1433578515,0.3315061417992682
1930927003,0.33145698876044233
2092842911,0.33121620253995565
2092825207,0.3309831911038827
2501179443,0.3297538128854497
1932453615,0.32973531595963856
1878578191,0.3296887124886715
2503523992,0.3295109054524954
2092907515,0.3289279431161425
2094604510,0.328862192955954
1433385411,0.32833444332543343
1930199167,0.3280857060783426
1879803475,0.3279004010681474
1932448024,0.3277905337743728
1933585211,0.32724193127677625
1427855105,0.3271879316533917
2502245897,0.32716742707221247
1879796033,0.32711645987663074
1432645403,0.3269721123078112
2501248034,0.32676079536672487
2502007812,0.32646332953876706
1931610907,0.3263595078663017
1880502731,0.32623364971673363
1880497114,0.32620965601055796
1880488485,0.32615991610776973
2499818804,0.3251093001968981
1880511843,0.3249516872824404
2501780115,0.3248736800900667
2500203413,0.32408205406229795
1879878010,0.3235740448901238
2501833491,0.32356005695226986
2091204570,0.3233971185500177
1879208353,0.32302815849219696
2499282211,0.3228637319471859
2091253535,0.3227920266818638
1930196033,0.32237619402827855
1433207191,0.322371913040133
2093917370,0.3223519408276959
1931617721,0.3222054871995179
2092917647,0.3219798748448312
1432725934,0.32183259333090575
1932499622,0.3218139341801115
1878584127,0.3216482046573307
2092984265,0.3211530922751878
2094616277,0.32104211122905446
2093911634,0.320860070608357
2091968342,0.32061508402051914
1934314961,0.320360981473781
2092763133,0.3202719942461664
2092775241,0.3202613423455686
2095346027,0.32018435541450435
1880532087,0.3201077608451904
1879840542,0.319940877567274
1879220197,0.3194966639817085
1879160514,0.3193960579517981
1879911894,0.31920534040542153
1879172017,0.31916424923601744
1933511405,0.3189758750247126
2503539557,0.318540225192009
2501886724,0.31819336257549224
1879148511,0.3180860875723838
2095413343,0.3180532962236446
1878603547,0.31780364123191046
2092089121,0.3177907595198351
2500167733,0.31770844021340383
1930148957,0.317306339217624
1433135800,0.31700718743518286
1930183113,0.31678884629513326
2093883525,0.3167704549992232
2501868731,0.31666830683139735
2093050600,0.3158690118899889
1879146780,0.3156561682775728
2092892851,0.3155525151439358
1880541425,0.31552819501030716
1879225737,0.31548270081679514
2503202880,0.3154745151388331
1879852660,0.3151669826198168
2503130940,0.31510593132456594
1879856112,0.31483439258651247
1930215614,0.31461631604724555
1879841014,0.31453460530189736
1433875892,0.3143000215745254
1433039047,0.3140231795785671
2503473880,0.3140139678335913
1932638224,0.3138266146606167
1433302311,0.3137465235624489
2500162972,0.3137457614788416
1433658445,0.3136626808253329
2499498142,0.31365119647744705
1879816440,0.3133261107958566
1879771370,0.31328049476123443
2092877773,0.31316424681533556
1879159893,0.3131311899743425
2094605064,0.31280590686787973
1879856344,0.31272889530647663
2093931387,0.31252669713051867
1427862181,0.31234498270537236
1434491204,0.3119284041936323
1433601890,0.31123921396538895
2096227567,0.31083287502327983
2501369984,0.3105415054158774
1879790333,0.3102156239446573
2092043787,0.3101663398376441
2499701434,0.31002101864175285
2503700332,0.3099806422689208
1433141692,0.30983501792109286
2094582137,0.3096304375840819
2093047690,0.3096260531690294
2501155181,0.30947972929324863
1432947450,0.30934467293849693
1434767884,0.30932403542899756
1930183377,0.3092663023965004
2095377410,0.30922876065299004
1932622561,0.3091581091328013
1434596923,0.30884777161591287
2095410027,0.3088321760380119
1880507394,0.30872006709950595
1933516751,0.30862227556199273
1879803624,0.30853043945677483
1880496345,0.30830750386496847
1879894654,0.3082222181427096
2092848075,0.3081527768623918
1434642433,0.3080200890861282
2499453160,0.30797360469296037
1930246051,0.3076507952269936
1931602441,0.3075683506501269
2499232403,0.3074876169574484
1931604093,0.30738097790686664
1879854537,0.30711281180864836
1434720681,0.30677435911529577
1434430871,0.30671570432267414
2502453835,0.3066791694577711
1879855724,0.30633827957462434
1879223875,0.30614284763942756
1931662031,0.30609570543538606
1880500342,0.3058548916278648
2092894141,0.3055408826096723
1434532894,0.3052741542208163
1879167552,0.3049728927448886
1433390473,0.3047018753871484
1439498664,0.30465656339969494
1878578874,0.30457421506003235
2502775600,0.3045496246674353
2096236307,0.30452289029091123
2499511530,0.3043503208716719
2092861690,0.30415356111467334
1427836754,0.30408907169590943
1933516660,0.304047980779519
1932642990,0.3039448555054101
1879232271,0.3038968669512234
1434117060,0.30384641131542917
2502421872,0.30382384536978846
1878575471,0.30356303512081745
2501430114,0.3034717637333498
1879831662,0.30331779592792824
1439597407,0.30327209893068474
1433639300,0.3031007859715119
2501120651,0.3029764658287512
2499874662,0.30291351488283286
1934297260,0.30271398228046625
1434682553,0.30264931340911666
1932481550,0.3022427664472976
1434542493,0.3022132581382571
1930148371,0.30191931101502834
1880445213,0.3015137824826528
1930982635,0.3014938693813449
2500148685,0.301407197063504
2502371533,0.3013061699895242
1879202681,0.30129164453337837
1880500567,0.30127938185483727
1931600081,0.3011614564647551
1879882734,0.3010255200300831
2503629030,0.3007109248070019
1932620974,0.300695135553883
1880527400,0.3005464783083846
1880509377,0.3004046203946419
1434301931,0.3001967190931211
2092836355,0.3001009755684315
1433504873,0.2999828474201631
2502231512,0.29953065607895585
1932590597,0.2991200296867536
2500793294,0.29893667220444126
1434138737,0.29879704173870675
2093088457,0.2986855591496685
2499225637,0.2986055836859408
2499446312,0.29859608249698005
1932548213,0.29837271123814746
1434618582,0.2983479380558992
1930140941,0.29827387086926627
1878597701,0.29801562385779384
2503605217,0.29801226767245936
1930219773,0.29800324753646074
2092857115,0.29798475199336033
1879835940,0.29770151272782747
1434559071,0.297300260986032
1930993477,0.2972191486595171
2500424603,0.2971862977329147
1880472232,0.29713595008183513
1879899837,0.2971182431490817
2503887320,0.2970893992050046
2503381431,0.29707496423303337
2503362361,0.29671838416154506
1879894710,0.296202562688285
2093867465,0.29615358078470394
1879899142,0.2960239533898576
1880495271,0.29599655002360925
1879793210,0.2959239676926649
2502042364,0.2956894248763252
1930226962,0.2956011650973184
2094597364,0.2954766508117008
1879896024,0.2953222487915963
1933593281,0.2952225125768975
1880456647,0.29521954330569566
2502168522,0.29509938340494546
1434428723,0.29507118584381015
1433960787,0.29492053851662053
2092058795,0.29487077712077003
2502746283,0.29473215890294485
1879872130,0.2946897106173554
2503492265,0.29445100014276543
1879183555,0.29439975446850003
1879135213,0.29439748221611645
1931641727,0.2943358892251356
1427602503,0.2939428261915314
1879154673,0.29369864073395907
2501690592,0.29367327696028755
1929305261,0.2934926625179135
1878603625,0.293213028234425
1879184551,0.29312465076727673
2091235064,0.2928328593382928
2091181103,0.29264966316669366
2094656850,0.29208627312613983
1879187432,0.2919992906386796
2092017483,0.29198015884933476
1931638127,0.29172302248072984
1879855071,0.29165084735280034
2091955353,0.2915556811997462
2094552514,0.2915542388588965
1880461842,0.29147104171226307
2096252117,0.2914362325119852
2092076261,0.29136300896096584
2094584300,0.29125799482668147
1433264242,0.29122522688944313
1433245247,0.2911816864415572
2091269851,0.2909846666839812
1434162980,0.29018654548779976
1879137674,0.2901593762865886
2503251084,0.2899821790137212
1879878690,0.289880555709419
1433430875,0.28981571204126466
1433503065,0.2895410647256002
1879147780,0.2892806721540804
2499249480,0.2892015323969249
1880495633,0.2892011830561711
1879808512,0.28915675888674786
1434641584,0.28905333582060977
1433294943,0.28894363038370763
2092841470,0.28866292712029107
1434197324,0.2886470661503492
1931648893,0.288506093324867
2095362597,0.28826388206821524
2094620071,0.2882584267881058
1930940712,0.28788451865496734
1933518550,0.2877965832773026
1433014400,0.2873604289506915
1930212753,0.28730316453996585
2501854321,0.28727954112477905
2501670285,0.28716864599302633
1880529157,0.28681603887012186
1933565513,0.28670342381181285
1930203011,0.2865483028583144
2092886751,0.2865137766264407
1878578405,0.2864524336414154
2092922035,0.28642536124680035
2500421450,0.2861496396269622
2093061554,0.2859843004884722
1434635635,0.28572637252218996
1879815304,0.2855084970720222
1930945727,0.28548105107297306
1433452523,0.2854024831234814
1433168190,0.28537424066434997
1880490507,0.28507632092964114
1930976787,0.28501545166070485
1427851377,0.28493998948507565
2502980641,0.2848127230448623
2093002063,0.284788479228592
2501404785,0.2846284288953225
2092893880,0.28453425997688075
1930216252,0.28450154101614245
1879138273,0.28401941419882576
2501894420,0.283860090426897
2093074877,0.28372016864400745
1433193614,0.2834394137089305
1931018977,0.2825395339146352
1432707775,0.2823507791623834
2499300257,0.28224383330608754
1930152335,0.28217036450156446
1930145571,0.28173777926313176
1932611027,0.2812116916500418
1933548690,0.28120796170933127
1932500973,0.28113720928096797
2501209115,0.28054960861007994
1879189223,0.2805085438456291
1879823803,0.28013339035449136
1434508174,0.2800475369225576
1930973711,0.27994738411419323
2502332847,0.2796201315324133
1878603172,0.27956325447929486
1879800564,0.27950301636943703
1879230497,0.27946263318945136
1879836104,0.27940611362356954
1931688484,0.2792851841911075
2094594650,0.2790424317119696
2092794503,0.27895976622190255
2503210297,0.27888655378035987
1879889052,0.2787322977446276
2094676253,0.2785781513866795
1880441331,0.2782760524297353
2501669253,0.27810910082506524
2092863863,0.2778755973858429
1879813337,0.2778715049922771
1930249087,0.2777681748439514
1932648625,0.27768896277005056
2502481820,0.27740234281609805
2501491620,0.2772925512767698
1879824454,0.27709355367600436
2502636654,0.2769028584361804
1434101331,0.27655636371140185
1931695150,0.2764278590586823
2500527117,0.2763497267218363
1879769624,0.2760381887157997
2500104713,0.2756157983530038
1931588647,0.2756096147584264
2499576032,0.27552765330680895
2092882120,0.2754969356994381
1930226754,0.27528458827291236
2502317682,0.2751279177070222
2091265383,0.27501126270176113
1930207641,0.2747774094678044
1930137101,0.2747656809550992
1433162625,0.27456254034569694
2502376575,0.27450553247413856
2502237647,0.2744988874017528
1880535341,0.2744952623080927
1879147112,0.27425722648573175
1930233401,0.2740486073859
1879149213,0.2738955028352598
1879775944,0.2737767516401147
1880511241,0.27370263383635024
1427751365,0.27350051254762386
1879866563,0.27349273082761566
2502183104,0.27348857029114454
2499655780,0.27341522630623116
1879217103,0.2732895865742131
2503916172,0.27328874479381415
1879886464,0.2731507613393017
1930170175,0.27306514969113943
2095383675,0.272904014691008
2092766250,0.27288120361116236
1933543885,0.27272906910611483
1879878254,0.27257112205194145
1432845141,0.2725301124839658
2503675931,0.27249904783917844
1930187851,0.2721108531072745
2502478215,0.2718103266446464
2501937211,0.2717916925447101
1880536880,0.27168722091398123
2092049037,0.2715971468592598
2091253857,0.2715750904395331
2092951443,0.2715088631495297
2502985532,0.2714849884745384
1879795681,0.2710988866261297
1931028313,0.271072735948154
1434278044,0.2709094672063709
2503382911,0.2704768749178036
2096244485,0.27044722438995655
1879810662,0.2701735717466535
1930992041,0.26998937115229343
1432836790,0.26980312783937543
1879165430,0.2696103690326797
2503187830,0.26930393655690943
2092031893,0.2690773308583945
1879773570,0.26905789247475526
1432633995,0.26891001252268676
1434190651,0.26880130052834095
2501965344,0.2687745492576332
1879149283,0.26793190391097793
1930197052,0.2676918191613512
1879844673,0.2676747208259315
2499257907,0.26741768753314915
1930937742,0.2672185559723738
1932499717,0.2671130344007838
1930164047,0.2669651006828864
1433755423,0.26686758218218476
1930203374,0.266417609189387
1434599762,0.2663119207133912
1433066175,0.2662387760051469
2499732414,0.26595258335392513
2095392045,0.26585637337684004
1880504634,0.2656178365108535
1880483995,0.26543783560986745
2092868741,0.2654279085963023
1879241701,0.2654267097914861
1879861984,0.26538924991782614
2094639653,0.2653795908480747
1879168147,0.26509309433140565
1880526177,0.2650863588441361
2092088127,0.2649868051539589
1879833267,0.2646827451500454
1931664044,0.26464058999269674
2503412784,0.2643508678570984
1879802075,0.26434526666349584
1879890132,0.26429665386500983
2096271871,0.26414116507973484
1434495821,0.2641083265991032
1427591573,0.2638912801691308
1930148935,0.2637038641327508
1879833644,0.26353690020922976
1932629821,0.2634850343088003
1878601460,0.2633383099528224
2501356707,0.2633326015568757
2095393265,0.263327951531261
2095366027,0.2632647353328522
1932629414,0.2628395496836482
1879217593,0.2628297970267652
1433781027,0.26276034750174515
1930228001,0.262632134475709
1432637681,0.2625694898647211
1932606413,0.2623152008877089
1879909085,0.2621455370029826
2502927371,0.2621064950746949
1930148211,0.2619140225764729
2502636050,0.26189510557859574
1880517807,0.2616291339236619
1931658225,0.2616204520841402
1930955204,0.2614199610430128
1879178187,0.26133130077895306
2500265754,0.2611883087754651
2092895481,0.26112021114634565
2094643294,0.26078718370643633
1433570441,0.2606687371221643
2092080263,0.2604625399917722
2502599653,0.26026743860632784
2092871577,0.2600190225962543
1879214795,0.2598766479530277
1434339160,0.2597198991958658
2092787267,0.25936882667118116
2500973963,0.259256801493018
2501953781,0.2592293417187312
1933514214,0.25911329471231126
2503261990,0.25906673080807874
2092970917,0.25885730193204204
1931640135,0.25846095162122584
1934297007,0.25841039925308507
1880433130,0.2582172507960795
1879156897,0.258098207442908
1933514080,0.25805787989028317
1879203352,0.2580014814469539
2499573570,0.2578090861440996
2499247044,0.2577918484405736
1879172691,0.2573598287598808
1930164693,0.2570741080183901
1433739244,0.25693147215044815
1879818790,0.25675460711329184
2091951267,0.25675316726543657
1931619820,0.25657979575955203
2095416015,0.2565699997932094
2091262507,0.25655654256409643
2499205031,0.25655116764672287
2502282002,0.2564566144209283
2500895977,0.25636285518326013
1931639002,0.2558124015558383
1879773543,0.2557933773033979
2502535787,0.2557000473487631
2500506442,0.25563078800147054
1879793953,0.25551967471327725
2091216573,0.2550532612654404
2499488215,0.2549621130959002
1427722133,0.2549359896380811
1930226091,0.2547231131142115
1932633181,0.2547124692840763
2500824484,0.25452137790639007
2092000993,0.2544553433452111
1878598662,0.25418286397135714
2503922830,0.25395495696709547
1434471061,0.25394807394872737
1434476403,0.2537991525957325
2501166762,0.253640567400384
2501468972,0.2536108919539888
2091948333,0.25358185143740297
1878587053,0.2534629995405777
1878579845,0.25330853949274224
1434342830,0.2530616712884756
1930229253,0.25282851473660306
2092860551,0.2527531416304782
2502617040,0.2526658747312593
2502282840,0.2525101893994654
2500612951,0.25242675606895904
2092804167,0.25227779379559023
1433075185,0.2518659158922979
1433583043,0.25186272387249964
1434096183,0.251539225787167
1879887305,0.2512544509811995
1880476520,0.25094884208639834
2503380151,0.25080970462470015
1930242275,0.2505461962898697
1931017420,0.25038900078335563
1880481251,0.250162346663565
2091957401,0.25012837008231287
2503851520,0.2501115799337726
2501963084,0.2500658412962977
1879154335,0.2498644753532998
2503768020,0.24976625459509746
2501216275,0.24966226201087063
1434068273,0.24945900497307066
1932590544,0.24927689184776256
2092084755,0.2491690484377123
2095400011,0.24876223890411142
2092832394,0.24864437190977903
1433697001,0.248613502148907
1878587204,0.24857148047537275
2095409990,0.24848085288516816
1880507833,0.2484464324149746
2502858837,0.24844378650822338
2094671381,0.24828803558638
1932519405,0.24809528699472136
1879870332,0.24797246066689094
2503084312,0.24787613420663063
2502378464,0.24784104000013368
1879826951,0.24758286823262768
2092834487,0.24753399756475414
1879150325,0.2471254258828164
1433277003,0.24709176212298833
1879814304,0.2470490525697869
2095461623,0.24701406862054104
2503841962,0.2470004090656252
1880436792,0.24693047325793618
2093990220,0.24638799183908083
1933579024,0.2462629822970364
2091230624,0.24624841658581212
1879243697,0.24599001882522584
2499631330,0.24594570685569297
1433800261,0.24594217954872133
2091956291,0.2458473728843349
1433025417,0.24581430678249805
2503275000,0.24570022828133645
2499823914,0.24566401075036967
2094694375,0.24540905856170458
1931636617,0.24524263845220576
2503892540,0.24523656316370573
2096243505,0.2450909567208772
2091210382,0.24471658211099015
2499330552,0.24470595603067025
1930989237,0.24393732738532228
2096272905,0.2438396911460105
1434558484,0.24350959143344847
1434383341,0.24327255558253413
1427654367,0.2432489954794459
1427784422,0.24314754069371494
1879146547,0.24304451644433195
2501703010,0.24290175590998483
1879822001,0.24272837247976867
1934306281,0.24268330717841563
2092018555,0.242543085772772
1878574214,0.2423457908747374
1931691327,0.2423046860078126
1879840017,0.24207670395112185
1933570794,0.2419739865315921
1879902582,0.24175523690459363
2091199193,0.24170093068698945
1879202903,0.2415536245293911
1878580747,0.24150248342222227
1931641962,0.24116967129714945
2501859655,0.24042291873034158
1434384562,0.2403087622155892
2503772045,0.24002813488331715
1433246401,0.23922109419410795
2093962521,0.23915134127738816
2499230603,0.23909650583202297
1439483001,0.23890466098528992
1932476351,0.23875749672865962
2499543057,0.23870862869582168
2092866367,0.2386514888483138
2503180127,0.2377183921372825
2092058925,0.23770568401399605
2499802124,0.23754543932319458
2095432621,0.23726463047146687
1929311842,0.23697051736579458
1880518163,0.23679248704220562
1439599741,0.23674455532277527
1930147935,0.2366988903635337
2092887923,0.23639193993270072
2092879253,0.23625827482312267
2502505582,0.23621333994949575
1879147434,0.23593745574587024
1434258574,0.2359031784434018
1931026637,0.2358320166172484
1434618061,0.23581451377641044
1427772923,0.23570067201252412
2092064013,0.2356620603848742
1932438022,0.23564535887884805
2501094995,0.2356218199581302
2503371853,0.23547354695859907
1931617462,0.23504874004089857
1427816602,0.23502510332654117
2503632677,0.23492716845078065
2091268024,0.2348028777403375
1439369912,0.23463934295996916
1434531197,0.23459588372511644
1432702731,0.23453450713503957
1932466341,0.23440012782031094
2095434001,0.23431969469289674
2500211607,0.23427832977833093
1931661997,0.2342562603962508
2092771202,0.23411573787407167
1879788453,0.2340610360004733
1432684130,0.2340214403021065
1878589562,0.23396889128383266
1930170022,0.23362860239318795
2092912684,0.23348685114445444
2503134067,0.2334475585410037
2095451857,0.23335201916611628
1880473641,0.23326604441680793
2499729510,0.23320551139815704
1931001297,0.2332051284885294
1879152944,0.23300958855156387
2095378004,0.23298019277846407
1930217913,0.23284360902411627
1931588942,0.23282592811875527
2501517224,0.23268100682352677
1880478483,0.23186364300442722
1931012001,0.2318269341249428
1931686503,0.23152141510652638
1933541191,0.23145262541359615
1432804503,0.23138276812007547
2095429141,0.23137923941212157
1434314877,0.23087190197775262
1433442071,0.2308304498693647
2500127067,0.2307585192886093
2500327027,0.2303406611563622
1930947453,0.23012180459303624
1427620683,0.23004532519222845
1933597771,0.23001051702138084
2500119065,0.22989883895332278
1434130427,0.22973531111341847
2502648425,0.22973080193335804
2502545480,0.22962723674014573
2095399191,0.22960278224590416
2091953365,0.2291411902365178
1933575795,0.2285400024755182
2501947111,0.228478744387948
2091996213,0.22843692141878857
1434206133,0.2280089876852662
2499497915,0.2279832353424717
1930247677,0.22784623442916005
2091963423,0.2277216727651615
1439659294,0.22764892613960294
1879227840,0.22761745742001901
1878583483,0.22752794494799225
1879194397,0.22736318812374412
1930986841,0.2268960205133737
2502788671,0.22655292407685976
1879812770,0.22627760175916023
1427652811,0.22582011468808028
1931629201,0.22570812839892326
2095350585,0.22570066053556262
2502267454,0.22555288308599758
2502469740,0.22551538209503635
2503819547,0.2254054649066231
2094612804,0.22540056392973762
2092019887,0.22537039532225953
1433630363,0.22526990153931767
1933600554,0.2249836292032301
1433133782,0.22488790988024218
2501969262,0.22459810354835294
2501015290,0.22430336371600182
2091199825,0.22429179474324504
2501220240,0.22428627892690298
1433733834,0.22409096639491094
1879774842,0.22407314357194036
2499588640,0.22392965059499617
1932641025,0.22388483119443486
2500744904,0.22381603293799193
2501465292,0.2237933051250066
2501272335,0.2235265797664387
2503151560,0.22350316203219975
1439427684,0.22345793064330713
1929315913,0.2234410131297577
2501308223,0.22324267965054015
1880544120,0.2230524328131614
1931636420,0.22296596717579767
2499815750,0.2229380325375657
1878587037,0.22281004920581077
2499585657,0.22257593812121065
1880526614,0.22240139317490445
2091237704,0.2223028118410732
1930994542,0.22199912822370504
1933498845,0.22199346749034563
2499299800,0.2218757183942715
1879130510,0.22178185846991413
2503570454,0.22158837341395993
2501417297,0.22146732893474685
2093946140,0.22138787799582932
1931006322,0.22135391803228943
1930215635,0.22108123790357248
2499500162,0.22098156720982554
1434222243,0.2209601359612406
1933521451,0.22094863603452075
1934303255,0.2206436454537476
2503573112,0.2205945345084347
1931594537,0.22059435925339516
1880511160,0.22044489733204187
2499883642,0.2200831499132549
1933564375,0.22002928034760752
2503868812,0.21996639795865358
1931593950,0.21992115392148348
1930984701,0.21991130745757342
1439482372,0.2198531550849496
1932440190,0.21974783819634042
2501567841,0.2197033749381117
1930166677,0.21963256007913293
1879800233,0.2195185475290409
1879176623,0.2195042732372505
2503390892,0.2193934200165568
2096222302,0.2193329481165003
2092959707,0.21932699386367338
2500431790,0.21915278240246006
2502346602,0.21911716357728933
1427689630,0.21904670486882838
1879224677,0.2190236135383683
1427864823,0.21873100636493373
1439358383,0.2187232572706436
1934300257,0.21857164741587912
2501052660,0.21825288506573234
1434470915,0.21824451195532438
2092076503,0.21815337244454752
1439514351,0.2179147666500194
1931643020,0.21786067011342453
1427886984,0.21775488768641602
1934307130,0.21743982425482686
1879836837,0.21730077178014753
2091949710,0.21707700400538843
1930172151,0.21705813068862523
2094667025,0.21697806362970484
2093089071,0.21690909932769284
2091271224,0.21673360154904286
2095336380,0.2167004204418212
1879884063,0.2161483832165203
1432603415,0.2159634949287787
1427755310,0.21595462439127547
2499486102,0.2157474992735431
1878597327,0.2156720291426616
1880538765,0.21559495874555779
2092767931,0.21520846071451
1434474163,0.21520370209072495
2094564307,0.2149328567874164
1879903312,0.21490181107463563
2503520765,0.21489338683377646
2092999530,0.2148676018867383
1930181673,0.2147377608153472
1933510183,0.21435175104266466
1879888392,0.21412740988229187
1433859440,0.21400308944844104
2501262454,0.2138497658573101
1880495650,0.2137361091891403
1879780590,0.21360078103334904
1879154971,0.21320498926645282
2092928521,0.2131464128895529
1932573783,0.21296381013821317
1934307945,0.2124369496294684
1930954015,0.21221983365235667
1932615813,0.21215288650749045
1879208903,0.212071487539022
1433546934,0.21205756931671146
2502274783,0.21202816118164616
1880479131,0.21187581462741953
2093929672,0.2118096790562626
2501456512,0.21165803810762443
1930950261,0.21157536270297364
2502245990,0.211573134408299
1879814690,0.21137996595936873
1878600987,0.21103866070658578
1433703774,0.21098155569133892
1879248523,0.21063284452700096
2091225392,0.21041956266883632
2092925490,0.21033051344982073
1931607622,0.2103010392890797
2094584252,0.21006460927769813
1879836814,0.20997559769129762
1880526357,0.20987897490129626
2095346133,0.2096989540083736
2093858032,0.20968520599023205
2501083502,0.2092336245855874
1932563855,0.2087995074065051
2503717070,0.2087101152925344
1931028312,0.20840362052754288
1930940603,0.20800964548978265
2499458864,0.20778004972465047
1933501874,0.2077127728000422
1880508490,0.20757441767735338
2093876511,0.2074542753479328
2502635747,0.20739462936115619
1878596164,0.2071625975271674
2500953042,0.20715947420330977
2502277934,0.20693346093475937
1879206022,0.20687615001802623
2501665382,0.20674585729758965
1933494711,0.2066825221619745
1933546200,0.20666008571667863
1932461261,0.20645706572367714
1879780801,0.20628775227228016
2091273977,0.20609097207240354
2502105703,0.20604999863220977
2499529310,0.2053072033503385
2091188577,0.20526856511080818
1879161280,0.20512227289312443
2091961791,0.20496494778275842
1879796645,0.20493413091569446
2093876592,0.2047303227047607
2501728871,0.20453073978686032
2093009913,0.20404952037670204
1878589487,0.203268035849311
1879835704,0.20322506998649373
2500848271,0.2029672538226246
2500298964,0.2028403199092796
1880529565,0.20281219001984863
2502125320,0.2027245046994202
1933595357,0.20272172278561187
2500910092,0.20247524691454233
2501899404,0.20245362607564596
1879811465,0.20244305754023018
2093049863,0.20238452003040222
2500440344,0.20205359973990197
1879811650,0.20204202948944874
1439414435,0.2017611184159394
1880454443,0.2015186540909916
1879811890,0.20138120288719144
2501409150,0.20129339143223038
2095382143,0.2012820643839883
2092087163,0.2010317076778071
2500221872,0.2007529100850266
1434250440,0.19976876359239548
2091963553,0.19971708356917806
1930975947,0.19958717417878655
1930933573,0.19919898401336533
1931625055,0.19892795039294198
2092773853,0.19887452501340314
1930175854,0.19875803343034867
2502951294,0.19869866006506284
2499768852,0.19859904303484333
1432640924,0.1985883973825593
2502913592,0.19841441283289224
1880483660,0.1981690183528341
1434764827,0.1981051088475991
2499651060,0.19795842265828376
1434350237,0.19783071336125724
1879773321,0.19733227870069622
1930992352,0.197149258099878
1932490153,0.1970926333829526
2499426904,0.1967611462937666
2092777021,0.19654976806931307
2095451137,0.1965235757654221
1932541354,0.19650789947124905
1880448233,0.19631969701916788
2093042550,0.1962607112711809
2095350227,0.19623716082680323
2096207725,0.1962076182045778
2095422875,0.1960518599209358
2502086472,0.195990776516574
1930969434,0.1959391193051881
1879863864,0.1958831539850701
1930231971,0.19577896357311886
1933555950,0.19553037335109033
1879125695,0.19529231753504178
2499302703,0.19522759751770388
1879182725,0.19521579138744574
2503711534,0.19516587825675116
1879237145,0.1951036739185591
1433881343,0.19498529514249024
2094687982,0.1948418124689666
1879795914,0.1945869029729803
2500514233,0.1943405602696199
2499382070,0.1942671461546193
2501254685,0.19423536960277343
2502318014,0.1939283393851539
1878603877,0.19358042822016658
2093923470,0.19328950426386884
2094641831,0.19328794361733376
1880531015,0.19321611654932264
1879778934,0.19319866677951034
2500980572,0.19292552744721697
1879241994,0.19284793237867406
1879217553,0.19267225301907248
2093980440,0.1925682647409638
2501276130,0.19253009026155354
1932612563,0.19245243774539303
2091973117,0.19217004231659354
2500851610,0.19158711326608216
2500838150,0.19149131222697707
2501761493,0.1914340607194547
2092954843,0.19133472852695796
1434221201,0.19132578586108281
2091237282,0.19128846944744726
1880427754,0.1912883991990811
2093937187,0.19124872174796217
2502082510,0.19092884850522565
1439411820,0.19088345350904454
2499491592,0.1908609777655352
2091194191,0.19075145324751827
1879902430,0.19060823786253928
2499257222,0.18991478784201135
2499305347,0.18976624254399233
1879843095,0.18975913042317333
1433991732,0.18951696580256897
1930241843,0.18950564404226075
1879202085,0.18942887393911287
1878592084,0.18892790040324728
1879183745,0.18885955241631236
1931665035,0.18880975064633115
2092836372,0.1879415701797482
1433201810,0.187635201093438
1879908023,0.18724911090753
2092054787,0.18719480102593156
2093930581,0.18702810433003997
2502339012,0.18702436074380183
1879172645,0.18691651911764026
2501412210,0.18662038962751792
1931670162,0.18611684032984974
2500933895,0.1852716723366131
1932601025,0.1851623534085314
2096247613,0.18506812517182059
1439321142,0.18494451176218074
2502219574,0.18475083561067038
1434432584,0.18389808171493968
1434199920,0.18381544451307685
1930166371,0.1837133309044272
1878601291,0.1833013046206216
1879156917,0.183269308837052
2501034280,0.18325531939688966
1434636037,0.18308511468013403
2092971594,0.18308259159192564
2501005770,0.18293613312469512
2092937533,0.18289616355704783
1880511635,0.18284241551137428
2501508910,0.1828091234240983
1433710197,0.18250431915619164
2092024830,0.18215963876138722
1934319970,0.18199873230289332
2500243340,0.18170758633436107
1879845685,0.18159488520912717
2503134564,0.18094107715642385
2095364133,0.1807694939880404
2092781801,0.1803163878861726
2092752310,0.1802460678874019
1879214501,0.18006014690555003
1931689031,0.17995105406367448
1878598725,0.1799313510490883
1930970155,0.179911097351286
1930959933,0.17983344020533823
2093952365,0.1797183427776234
1879893545,0.1795019055571171
1879911255,0.17947840978103027
2500561363,0.1791958141652598
2092779621,0.1789448881667368
1933587081,0.17881025775132878
2501979142,0.17876415590205622
2501749142,0.17867418924364228
2501063052,0.17846141328212128
2502113181,0.17828183964609132
2503456083,0.17795749586822968
2093023244,0.1778767184951737
1879768393,0.1777776450943655
2502238784,0.1775787448186162
2499459190,0.1774885681128082
1932457174,0.17744899923251722
2502291050,0.17724938477702246
2092948962,0.17712914036477692
2501183215,0.17666197345504264
2091984675,0.17651727634015285
1879782824,0.175747395769638
1880452565,0.17554982415948867
1879237643,0.17502656203672845
2096200262,0.17501507796809826
1930940280,0.17498726773996198
2500959423,0.17489717713888078
1931001041,0.17447545460261762
1879200495,0.17412935495816298
1879776741,0.17393281928025336
2092040984,0.1735545648576032
2503060941,0.17338801162208267
1879825524,0.17262077352327884
1879823771,0.17209241489078422
2502502294,0.1720293795008126
1879865277,0.17168314424733994
1933519420,0.17130820789709744
1879776943,0.1710222688468635
1433466075,0.17002628130772587
1880483700,0.16995440589231287
1879888574,0.16992804687491359
1931608954,0.16992242595617224
2500465907,0.16971296669308905
1934319431,0.16962096655059217
2503786723,0.16961894515127013
2095467261,0.1694842075261829
1933492860,0.16926314566526754
2501661824,0.16889591648446536
2502326242,0.16867189793557924
2501978697,0.16862495529769653
2501984814,0.16852207143718892
2503073171,0.1681370668528468
1932535815,0.16742725499901703
2499763604,0.16733871696601596
1879791133,0.16722858694989948
2095352311,0.16681378995093335
1932591405,0.166713163386949
1434452880,0.16667941069640657
1932623811,0.1665557730966976
2503329080,0.1665103011788663
2093970330,0.16639355374400355
2502501430,0.1663286418976875
2502215800,0.1663156585715756
2502123624,0.16624256565345555
2502076602,0.1662390830754091
2092848397,0.1661419957952119
2499716555,0.16580641958254824
2499885794,0.16580006546745651
2501957217,0.16570882649203028
2499655397,0.16567082335998265
2501977282,0.16544946128821178
1433313887,0.16513035774956972
2501763224,0.16499894947339486
2092886003,0.16485743978906608
2503653185,0.16457767466137588
2500414825,0.16456996292652895
1880485512,0.1645202914235978
2499783320,0.16449581515516723
2095353173,0.16436693036336966
2093918845,0.1634720941112033
2093907945,0.16345323795263658
1932504094,0.163390812116068
2093086613,0.16295550984597984
1879877182,0.16294651217239003
2503197992,0.1627361170822411
1932567225,0.16270960122498143
2502985382,0.16263941949730595
2503702802,0.1625646497834159
2499416981,0.16220990399261748
2500869874,0.16219824472352617
2503608270,0.16216696776672565
1879151463,0.16184933215515332
2503819890,0.16173105762204548
2499633757,0.16169180456886187
2093045167,0.16156177424976345
2502267942,0.16152060448486139
2502662673,0.16121423804126508
1932460174,0.16116788448908942
2503282622,0.16103379340747412
2092926813,0.1609245535447297
2501286622,0.1602175332690858
2503588050,0.1600913756029107
1930954185,0.16005646920139527
2093080013,0.15996697175961339
2092846763,0.15926334480552387
2501843601,0.15925860334234845
1879832213,0.15923090497095024
2500809400,0.1590939762198304
2500390413,0.1590715760103192
2503052112,0.15866429109945257
1934324013,0.15863073456025256
2500266087,0.15859350333966232
2093960770,0.15858863095823006
2503618484,0.15785974505341147
2503244174,0.1576431500139038
2093011210,0.15762915481396142
2093958040,0.15753176660855925
2501235352,0.1573370590701534
2501802401,0.15704984654504625
2500895150,0.15702942221220395
2501573564,0.15694922482005963
2499704044,0.1564247537335657
2502235563,0.15603031773835613
2092055271,0.15579661049508658
2091278312,0.1555444218386239
2501848772,0.1549559239441029
1930156655,0.15483528536640628
1879853294,0.15480899153813182
1879149223,0.15464911972839795
2501198700,0.15457641234035233
2499393542,0.15443344810864593
2096270973,0.15430656195804626
2093896111,0.15370038868979832
2500971053,0.1535404609630898
2091253151,0.15318924692711894
2499291103,0.1529846830118145
2499459012,0.15279536554003584
2096230544,0.1527647054849187
2502296224,0.15263728956908584
2095412565,0.15260672030062955
2499206293,0.15257863150141562
2502802372,0.15177921975701172
2499206154,0.15156175964752155
1932463507,0.1515057488381075
2499252035,0.15149473813590925
2500409523,0.15136258185821788
2503129437,0.1511216022343024
1934324887,0.15099877877279155
1932495682,0.15086373117354762
2502694877,0.1506414811729555
1879798201,0.15051937771141222
1931617017,0.15051782691833673
2503619083,0.15045640196791354
2502287237,0.15045249719155626
1433714624,0.15040944877895457
2092878885,0.15029487213650575
1933510842,0.15028615066634504
2503655660,0.1502346795798992
2501049334,0.15023106370512676
2499671352,0.14999410054133222
2095453584,0.14975943384439497
2093057597,0.14959041001451281
1879782090,0.14944982441070695
2503779154,0.14937454295320537
1880513295,0.14924406897810283
2503725854,0.14916338642894444
1931006080,0.149048050384248
2499531205,0.1489282424427016
2093922924,0.14864267090461597
2502987530,0.14839329222851655
2503718010,0.1483583303883897
1879771185,0.14784086623041723
2503465050,0.1474940223056268
2503892845,0.1471586185020544
2503792674,0.14706838459670935
2096208345,0.1469861786047833
2499530091,0.14675370806067456
2502093972,0.14674133221690222
1434597257,0.14673132334794386
2499655133,0.14664523347508332
2503273750,0.14577595383107572
2502486533,0.14567981576783418
2503833490,0.14519347504841648
1930966252,0.1451213576049899
2500304223,0.14497672760625577
2091223811,0.14484320987935045
1931690022,0.14483917770532584
2092872161,0.1448135487107999
2095419411,0.14465644858010668
2503296557,0.1446132558098405
2502844741,0.14445851232309392
2499323777,0.14420851170659785
2500270590,0.1433140858391896
2502529801,0.14325570689097306
2499606560,0.14278311058101745
2092860614,0.1427636753180077
2501775000,0.14247413299433054
2503260092,0.14243328215716464
2499313540,0.14221144783518827
2092997547,0.141804222774288
1880488220,0.14178913067034632
2501791630,0.14136043402189485
2499282703,0.14071819776689024
2096268040,0.14048512380768952
2501268972,0.1400986232477321
2503638252,0.14009041285140292
2503538754,0.1397126214842581
2501305902,0.13967934823190364
2502571032,0.1391178540272009
2095439572,0.13900100704050455
1931005652,0.1388193461778128
2502520590,0.13881554056141596
2503257965,0.13876579613371354
2500594534,0.13847703697458266
2502634473,0.13807256336022108
2502073357,0.13791533674028666
2501207730,0.1375493380787428
2501512930,0.13747895996964404
2095441474,0.1366487168112964
2092888355,0.1360834803581539
2503722825,0.1357008511823135
2501387574,0.1354788204603599
2095352751,0.13516704351952752
2500410693,0.1351026938547677
1878584871,0.135001167898084
1879858124,0.13474752920999447
2502590442,0.1338341981677309
2499552123,0.13321813349224743
2502445865,0.13318678992965802
2501450034,0.13280923746967263
2500106844,0.13260851123166556
2091222152,0.13204595699911
2503368450,0.1317101485355076
2502313740,0.13106781911736867
2500289660,0.130179625912024
2095384984,0.12969724221630033
1929309083,0.1295024142712002
2502802233,0.1293705353394567
2499619937,0.12936784313274757
2095370287,0.1292785526142313
2503584952,0.1292601967809426
1930234011,0.1292530413759745
2500157837,0.12842765727422262
2502849382,0.12811276668001217
2093956967,0.12788029020026986
2501296824,0.12774620019178912
2503374124,0.12767471364595714
2499470433,0.12690127058164463
2502635175,0.12672376131252136
2095468603,0.12652147028357866
2502114942,0.12615790234729338
1433562390,0.12607703053349137
2501241902,0.12599787736221765
2094656613,0.12536960607150358
1427808664,0.1247937417840355
2501479774,0.12424285327577195
2503143945,0.12369462892037734
2503153094,0.12344410880726085
2501326262,0.12327607901355055
2501169814,0.122797593441652
2500736950,0.12274238797363642
2502914017,0.12101819707568057
2503876297,0.12015985852329776
2501287882,0.11816769300539605
2095407205,0.11736752997251057
2503500327,0.11713440805214771
2500174963,0.11642413539644282
1931658407,0.11641716305743295
2501788375,0.11533360107207408
2500916855,0.11500357524827283
2092026823,0.11420454767609715
1930169244,0.11314981506891418
2502308657,0.11282645410418793
2503261852,0.11279605721101295
2502943682,0.11277953318133321
2501044013,0.10942938937803681
2501883342,0.108567024819768
2500325924,0.10849466109742761
2092856594,0.1059780089722267
1930227130,0.10313539438908391
1931639655,0.08930890473761025
2092011654,0.07185680456567545
