user count in community:618
Topic id:8,Representation:0.5621190250773899
userid,score
2502096030,0.41294835559712434
2501573705,0.40916976773030295
2500371823,0.4026427475803212
2500102190,0.4001685884819451
2502367164,0.39859443237009384
2502887135,0.397485692049201
2500296344,0.3960945644587979
2503404540,0.39403791498540447
2500219720,0.39365972408013084
2500399293,0.3897274246568206
2502159035,0.38924481140057865
2093969754,0.3879256845232054
2093943574,0.38693340628046585
2095340617,0.38298623722503433
2502582172,0.38246835948866964
2501969041,0.3791240362926885
2502386213,0.3760212315975771
2092064384,0.3754656414061648
2502838235,0.3732458474762078
2091186867,0.3712120213834916
2091981662,0.3704440962202334
1930939857,0.3684487963502593
2092080070,0.365479354638522
1933501107,0.36493472510357494
2503034700,0.3638965842266435
2093943622,0.3616536422874593
2502292901,0.36114634854181205
1880518571,0.3600051394345593
2502035962,0.35992614421632096
2095409650,0.3586306542164768
2092799007,0.3578688011787881
2499284220,0.35779055689623623
2092918933,0.3567674672414007
2092080571,0.35602552487794853
1932608894,0.3548481981799031
2094684312,0.3532645046622689
2503778574,0.3531936994451061
1932531327,0.3489824530197367
2502146201,0.34853629533801445
1427611500,0.3482861261087048
2501643600,0.348248961742468
2503743230,0.34809701076890764
1930136852,0.3478497301830341
2503006452,0.3474391911842493
2502432240,0.34729573771782757
1931643017,0.3461588307695347
2503626107,0.3457376679573347
1879150732,0.3455001465400918
1930968441,0.3442046865599483
1879822264,0.3433960557005432
2502581142,0.33868834409959137
1932555224,0.33861582605894863
2503768161,0.3384166654692267
1879842480,0.33705299560757657
2500103064,0.3363507625853264
2499624740,0.33445230285986827
1931003510,0.3319261407454453
2499283287,0.3305178406226598
2499833534,0.3296607093807996
1930212161,0.3296268140331969
1879178394,0.32844809882234105
2499244132,0.32774982595847146
1930180330,0.3270808321925998
2499645960,0.32607080933368887
2092817663,0.32574867510066075
1932600585,0.3248639022278498
1930991267,0.32464213810649506
2500102042,0.3243685774733714
2502932442,0.32411446743119476
1930216045,0.3234314597387253
1930200207,0.32302127136482883
1880533182,0.32299248037997236
1931003663,0.32214868893670523
1931608607,0.32175460509943044
2499667832,0.32072833706423926
2499535077,0.31941664039128526
2501729072,0.31863704717135277
2096253487,0.3185595553816825
2499255770,0.3183672117920858
2499772990,0.31813625406401075
1880439310,0.31761884737109675
2503056204,0.31739486728216926
2092032733,0.31706526202200125
2092895213,0.3141030148514932
2094616831,0.31396539818796687
2092853552,0.3133163894134765
1879895723,0.3127967600866268
2499296120,0.3126310324594267
2503564650,0.31230359776935784
2502676583,0.31215682814361256
2500202283,0.31183844287933077
1432715841,0.3114010145086888
2500212595,0.3104288580767785
2503100674,0.309920775368374
1932514924,0.30978264801413846
1879176952,0.3090683369208366
2092965332,0.3084903512959661
2095433443,0.3083256369559352
2499605735,0.30803379631827654
2092026415,0.3077363372490335
2503793365,0.3058343196731825
2092896782,0.30560958350658296
1931610084,0.3051942031157074
2093001787,0.3046997426997481
1879831903,0.30298157858765634
2095482085,0.3028911083947714
2093072843,0.30261460508239185
1879243184,0.3012735352828576
2499223451,0.30089628298735116
1932505457,0.3003996285547567
2499308242,0.299753374868784
1933549545,0.2996287124251546
1879169507,0.29906816881358245
2091947402,0.2989242774542669
2502617454,0.2988377021872517
2093060064,0.298126679802372
2502246510,0.29776406866205346
2094634993,0.29744983084111465
1932510763,0.29741969552270353
1930961914,0.29726542344463475
1880468610,0.29604590353575344
1434601634,0.2954636298441484
1933561165,0.2949920791531888
1930949107,0.29459913132107496
1879211333,0.2945348049702092
2091180663,0.2942321672035508
2092058544,0.294097411182469
2093911237,0.29388264770437894
1930203205,0.2925870165225918
2501987473,0.29155697304297784
2093856124,0.2904237812884351
1933555542,0.29021102704725776
2503396477,0.2900682248302403
1879222605,0.28949028348428785
1879207954,0.2887251864438288
2092990864,0.28871455547741515
2502217212,0.2884434530833295
1879794502,0.28804924961312955
1932489561,0.2865359039715839
1432959657,0.286108978131829
2502723321,0.2854939953622037
2093053935,0.2841327919530334
2503026234,0.28407999035091436
2499499890,0.282952602205937
2501499373,0.2822049166548985
2502397084,0.28219593991562836
1879149390,0.28202927126348565
2500433831,0.28142679738342313
2094623015,0.280997147852517
1930195303,0.2805757660286121
1433352803,0.2798044082948897
1880437670,0.27840087665446484
1930973980,0.27782490896421475
1433199633,0.2760106041868238
2091982721,0.27523502983980286
2501089503,0.27415909798937876
1879807244,0.2734165052557178
1930964653,0.2731695154053226
2503747972,0.27303151498913475
2092992673,0.2719794049946012
1930168374,0.2718157074932015
1931020402,0.27134600915689283
2091201120,0.2713361299150617
2500640503,0.27128352854871035
2501040175,0.2712120017371036
2503707324,0.2708190662062773
2091186947,0.27048278428524986
2092776380,0.26933133247838204
1879866257,0.2690587193239343
1880481975,0.26792117838577145
1931689215,0.267793032681228
1930174271,0.2674560264726915
1933493590,0.2666280379977366
2502286981,0.2660677530582267
1930979633,0.26570081878845003
2501199145,0.2653545451660119
2095394617,0.26522481821944766
1434094101,0.2651719290620487
2095392243,0.264855090627397
2093967565,0.2644718981602819
1879859474,0.2643811890916235
2502450323,0.2643681435451365
2503872484,0.264336051263894
2092761487,0.26392673352554163
1879881134,0.2633952194409501
2092019875,0.26328141231202656
1879888110,0.2620027912706906
1878595471,0.26174668255836636
2499712482,0.26127042742249834
2091950073,0.26062117760686293
1931649310,0.2605001592634437
2093862715,0.2603487753920955
1932556122,0.2598360970203539
2501690062,0.25932925191148143
1932614251,0.25879222194242857
1929303183,0.2586978836954151
1931679390,0.2582469267241079
2093960557,0.25789441338451324
2092922897,0.25763721839846787
2499826432,0.25762407476999577
2499371070,0.2566308595127759
2096279842,0.2565768291736041
2500900994,0.2559379780311223
2501745474,0.2556341237822376
2092856014,0.2555148270284133
2501652962,0.2555060153340156
2501197010,0.2554992758354876
1930998551,0.25433807316648105
1879792694,0.25326291957637354
2094632982,0.25305566919807587
1439377233,0.25295077041654057
1931656005,0.2525093226008707
1933569752,0.25179818914110286
2092993380,0.2517316442127703
1932566195,0.2515069300968966
1930197437,0.2513814099389077
2095444641,0.2511768221797288
2503031734,0.2503639670645612
2499581512,0.2500700391440644
2092800062,0.2493240525709601
1930934351,0.2492781786797259
2500150361,0.2489733128166019
2503826374,0.24895179793663014
1932582351,0.24738720817706278
1931633804,0.24731196649644868
2501008205,0.2470564522969002
1432823653,0.24637814476408493
1933494805,0.24615771586051355
2503774534,0.2460495843004959
2092082737,0.24494723185427789
2095492575,0.24410680525263648
1879207707,0.24396299379454794
1879802412,0.24363750021988786
2503419273,0.24293101217751054
2095434701,0.24239903056097917
1879786804,0.24226468185704417
2092973252,0.24213793622545912
2499828202,0.24166886090000167
1879840945,0.24115928896178687
2502107004,0.24067697864091425
1934303325,0.24024120465546955
1879224335,0.24008783773502324
2091997783,0.24005384395211102
1879823660,0.24004346462183299
1879224101,0.23977700847517813
1932651147,0.23926509151718814
2093866991,0.23920320565206776
1434293665,0.23880353413874486
1934319462,0.23852861785815502
1879157904,0.2376084976379779
2092007703,0.23724953380026642
1879177281,0.23668480250762314
1879244284,0.23618222614740372
2501098453,0.235866962033172
2500362523,0.23582637367726347
1932653744,0.23559474854594395
1433101515,0.2352456823823544
1930954477,0.23451207521086395
1880536181,0.2339764932762917
1931616884,0.23358551901628108
2499762194,0.23355432957773295
2092021475,0.23353258114064646
2503692947,0.2334512434180899
1880527951,0.23299179749044502
2092858435,0.23160229668001903
1930201942,0.23156881987246938
2094576674,0.23062374899890706
2502492422,0.23052386755629214
2501471075,0.2301448143158275
2501621443,0.22979932021403107
2499639367,0.2294592531258557
1433589300,0.22937969610326808
1931664417,0.22906024748498122
1878582487,0.2290594206929188
2091975120,0.22903985799073498
1427732714,0.22897131502202409
2499259942,0.22884139884687935
2091186777,0.22848368174034098
2500837732,0.22847542738322008
2502682142,0.22798201292329345
1930937403,0.2278025777380929
2502208634,0.22770102228986627
2095368807,0.2269646076296095
2503373132,0.2269019930842519
2092885952,0.22615417932166967
2502781272,0.22585536482646978
1879143971,0.22468016317012343
2094686062,0.2240504533068314
2501230707,0.22383328478146702
1880507674,0.22382738867438004
2093064853,0.2234945588963631
1933530140,0.22345107998963215
2499552207,0.22328187076702213
2096271540,0.223250561167096
2503719523,0.223167842775272
1931679275,0.22270182516352272
1433063880,0.22247546931645637
1930993880,0.22242316913702856
2091188353,0.22193826383030912
1932472671,0.2216706922752615
1879839430,0.2212132656511287
1880443787,0.22115687069652976
2094649620,0.22026019486122736
2501820991,0.21999347381065787
1879787050,0.21926335624915988
1879889037,0.21844016529171364
1433467521,0.21816823552267842
2092931571,0.21791261486093647
1930249271,0.21648292915097167
2092934154,0.2149136375638315
2501542111,0.21440979062580426
2095398655,0.21439384249984528
2501651352,0.2140368851243743
1930192312,0.21385095360218695
1879906943,0.21351728892348276
1931672455,0.21310326138252092
1932506461,0.21305370371796045
1439334713,0.21232956861064706
2094669691,0.21205721075498432
1930152301,0.21204890406861646
1434760937,0.2119649525565996
2502528323,0.21156446081404667
1879829071,0.21147582613533783
1878601002,0.21115588968751234
2093946341,0.2107268099429671
1433936424,0.21021833096156742
1427602581,0.21021266884562628
1879808712,0.21007778673501398
1879175273,0.20982689136851237
2502459502,0.20959201881145786
2502358664,0.20954224899686935
1932479880,0.20921815793495077
1879855563,0.2091325519234855
2093085411,0.20910534131173097
2503380831,0.20907954287996494
2093981553,0.20896661348132156
2502792727,0.20884524198674387
2091988012,0.20877728030806733
2091990522,0.20726032468719854
2502129845,0.20724772933308003
1932483774,0.2071553403655064
2499482903,0.20707378058936377
2092840745,0.20691114856875584
1879179333,0.2068432506580168
1879167575,0.20631393289023323
1932468557,0.20621545284137544
1433603200,0.2057537123691313
1931013474,0.2049397614587265
1933523414,0.20490952954135208
2500774710,0.20484447469947992
2499735083,0.20480432466345377
2503921877,0.20468376529183016
1880490001,0.20405046202524277
2501875130,0.20366422768943537
2501355724,0.20352916157009154
2093945075,0.2033854547517467
1878586150,0.20336212819544547
2501800415,0.20237682202182908
1879847252,0.20224638272174422
1879238252,0.20210355575220945
1427820455,0.20193355967644813
1930150194,0.20102616747558094
2092925813,0.20100039630779332
1931589363,0.20085362137947751
2092786760,0.20023236737703343
1931025780,0.19896974713984428
1879891071,0.19707497997098733
1433177945,0.19592524652561602
2501311230,0.1956557436813717
1932627120,0.19545696814127267
1930928765,0.19431656419950538
2501409181,0.1942911870586875
2503638610,0.1933838956507646
1932582531,0.19286200630377054
1879887370,0.1922214160629322
1931588940,0.19173194968316967
1878592094,0.1914972096332705
2501163810,0.1900597733147867
2501226367,0.189736043245119
1931630260,0.18953478381621036
2503381524,0.18940803520462754
1879138233,0.18936302052542556
2499798530,0.18897880826520305
1432633344,0.18862670187816333
2499238983,0.1884396252587898
2094558563,0.1880123584514679
1930172982,0.18796683270555695
2501149074,0.187786716093546
2095485540,0.18772602888907322
2092902047,0.18725505625028638
2502130954,0.18565042045531985
2501692424,0.18559043160886873
1930148543,0.18467209831760228
2499434797,0.18461373875352974
2499729902,0.18439189870994632
1932639853,0.18369237281902284
2501320055,0.18355726481098697
2503160971,0.18313730685204363
2500253524,0.18269180822429984
2092060795,0.18255549120202783
2095365654,0.18233250766877088
1433871525,0.18176062339269305
2501835781,0.1816643569072189
1434235361,0.18147396821353567
1433177313,0.18129627877350682
2499259304,0.18034043827295765
1434304104,0.17836420407174491
2503181727,0.17819364945120264
1932634055,0.1778042817567828
2499319144,0.17752097040582684
2503320787,0.1772161723409542
1930950830,0.17708334343562024
2499489561,0.17623516166092845
2501252125,0.17594332544339664
2093025897,0.17587108393535858
1879842813,0.17541431358060988
2502510802,0.17532119054458567
1932545561,0.1751918082924351
2503554092,0.1746854062114549
2501447114,0.1744479879436078
2500746960,0.174290187508339
2501016970,0.17408887168541262
2503315264,0.17322543311751787
2502188240,0.17281695312519554
2092922107,0.1724959493631943
1427595804,0.1720850931646304
2502217292,0.17205043164034273
2093977123,0.17181526663453608
2503273580,0.17165263667892475
1930960880,0.17164632300874832
2503076984,0.1711823439836685
2503869741,0.17100800675955416
1879164957,0.17095236636643268
1433263520,0.17085556247170586
2503345752,0.17066953859231487
1434687635,0.17066533828443828
1433302445,0.17061315217214676
1930207455,0.17059295711754993
2499689664,0.17052823626164365
1433271214,0.17004462373063248
1880488002,0.16957563446533735
2502403510,0.1695132969337019
1427648447,0.16886989226265045
2503025170,0.16771515635614717
2095341063,0.16731908180529165
2501721060,0.16692825889336582
1879850674,0.16682545796978257
1434204871,0.16681618427490055
2499389062,0.16634282036002102
2503125171,0.1660920267164238
1439375154,0.16434371849498178
1879791237,0.16422197242909053
2092020535,0.16362916001444888
1932568195,0.16309006397426928
2094633064,0.16290187396265363
1932488225,0.16279515928055846
2093042637,0.1625723464495656
1427705930,0.16243874417880808
1878584235,0.16242410772904736
2092970334,0.16220900567484206
2501722000,0.16219260225785262
1433061381,0.1617485235997182
1934302351,0.16078648855453445
2503534702,0.16032571377982263
2501095202,0.15963594808336126
2502542662,0.15923335569234986
1931637655,0.1589023107769997
1879835164,0.15824733624407908
2091246440,0.15755760819784193
2502110792,0.1575430309284711
1879815904,0.1569632256819332
2499396915,0.15659514593914903
2501599404,0.1558331324723192
2503665651,0.15533135614738305
1931642065,0.15480386901137813
2094584945,0.15445446322141715
2501686583,0.15423858423023673
2501905410,0.15390350412239548
2503045734,0.15342137542668471
2503862154,0.1528437517436972
1930939077,0.15281405337247297
2093005667,0.15198087866288126
1930946377,0.1518364509799728
1879847007,0.151763108569177
1433107491,0.1510090808229682
1933570641,0.15094262285990162
2501503601,0.15064301028251312
2503744012,0.1499873616654421
2093011495,0.14982416697079387
2499357373,0.14954569903892687
1879800210,0.14924495464478502
2501898923,0.1491744738359242
2502214953,0.1474389605663471
2499441582,0.14732975589214592
2093940160,0.14665557718255015
1879159263,0.1460447024207269
2501575212,0.14535137990822583
2500829670,0.14489546366702566
2501414641,0.14437752045799535
2092932582,0.14422647176380946
2503439794,0.14193236728369532
2094668963,0.14124227672012873
2503135672,0.14063631014146621
1432924181,0.1405715091474775
2501401463,0.13981252694211302
1879802973,0.1396354908149931
2501143594,0.1386456029718858
2091197315,0.13844945316467366
1879786902,0.13836381546761867
2503442302,0.13784747206110318
2501326697,0.13759648247480538
2501677534,0.13753728393561146
2501876944,0.13745322276514133
2093905673,0.13738566596470916
1879238355,0.1373482940870168
2095358872,0.13731699393216523
2499591744,0.13680822053184963
2501240590,0.13649506627473484
2499718954,0.13645493904926345
2502636935,0.1361925368907261
2500948187,0.13599967017069045
1879247017,0.1357185798344249
2502054707,0.13547857583140424
2501418171,0.13507005082600748
2500972741,0.13292688259190524
2499345390,0.1326447963596277
2093866724,0.13214336546045177
1879171031,0.13171302344379618
2095422180,0.1310410005968209
2502698673,0.1302153727129433
2093010643,0.12980770963277255
2501244800,0.1281314093121501
2501065732,0.12783707537885408
1930156457,0.12773506036522886
2501971577,0.12760188115450266
1931022664,0.12687383453045248
1879181184,0.12661246627656889
2503009400,0.12612484253765896
2501726255,0.1251581391387667
2503779132,0.12354183853992388
2500342187,0.1233490155865097
2501904833,0.12280522781339459
2499405205,0.12238426863696338
1930142043,0.121768211620478
1933581352,0.12107272270713686
1932540173,0.12062145700019393
2092038522,0.12036578405722287
2503346140,0.12022896145179403
1930162875,0.12008977584098535
2502490110,0.11977453384573461
2502425540,0.11975248142396834
2092806583,0.11954244018822142
2094621957,0.11937406846537414
2503451410,0.11828212577604352
1878599031,0.117906865398511
2094672883,0.1176904880559896
1879784700,0.11763038515826985
2499270867,0.1175118162382389
2503096674,0.11643092715911259
1932438440,0.11530282468664893
2501853565,0.1150361648385032
2499682364,0.11425452427542568
1434387020,0.11361310256994067
2503924824,0.11353585656862963
2499802202,0.11351363233347753
2503242567,0.11326284300462654
2503215500,0.11226184519436955
2502319740,0.11139557965281725
2501590787,0.11118883975596301
1931658935,0.11099436108168505
2499470951,0.11001187590956542
2500293600,0.10965259184068758
2503931750,0.10958827818453815
2095426867,0.10821044890246252
2502610987,0.1070972307323835
2501279374,0.10655391490579215
2093898101,0.10611854748779816
2092082593,0.10427063634057522
2503770674,0.10268577844877876
2501532360,0.10223937192431808
1879791831,0.10152422667063887
2095413893,0.10141167962096045
2503114182,0.10091773709762522
2499858797,0.09870842080956019
2093023272,0.09822774947019083
2501732960,0.09679137348212377
2502260081,0.09602896428241775
2501358252,0.09511355416801298
2502875953,0.09503017265742512
1432651341,0.09314595583514122
2501965535,0.09288466809863
2503471987,0.09199444532913985
2500157893,0.09007121943642463
2095425472,0.08930685035963297
2499456874,0.08908781524828514
2093065220,0.08775509903359614
1433485943,0.08586226209758355
1433531634,0.08324927758559107
2092880697,0.08299265934308937
2499346223,0.07881647965333205
1433523485,0.07867990342862308
2093904494,0.07820897877094225
1934298653,0.07781166122701065
2503172652,0.07764197198221509
1930153455,0.07585928247604726
2092768680,0.07231837116943506
2094672994,0.0716680760209897
2095391127,0.06876826362845487
1879801480,0.06840932800409111
2094608093,0.05899239659531752
2503215820,0.05879569517020667
1439408447,0.0576748064706294
2092842645,0.056666950108356026
2093088532,0.05449842073127864
2091231384,0.0542270834993111
2501294401,0.05383582715912905
2502718800,0.048042334877937416
2503582314,0.030876362893636308
