user count in community:1058
Topic id:6,Representation:0.49671299915539563
userid,score
2501017590,0.31035605229544766
2501975964,0.303870792238468
2499468711,0.3034406203004573
2093008442,0.30323625117687314
1930181620,0.3030731474381352
2503903980,0.30255065333293457
2499773623,0.30179749915805626
2094616307,0.30151371382008524
2092885947,0.30147970001564756
1880427241,0.30141861938292197
1930218083,0.30081970684787235
2092799485,0.30057572503878854
1879221291,0.29860851376022524
2501070782,0.2985829320080247
2092893934,0.29852645524093463
1930215957,0.2982542514066697
1434755350,0.2981017880585053
2499545522,0.29732006582064097
2092923457,0.2970473700589281
2500887494,0.29687643617792386
1879863907,0.2967071238382814
1879808064,0.2965590931328595
1434692513,0.296296812399592
1434650911,0.2961922161351875
1934306130,0.2960406022799667
1879194187,0.2949409054184331
1879824747,0.2946935175005942
1933585151,0.2938543254662489
2092881184,0.29314947356437837
1433117594,0.2930176158576587
1879891340,0.2929880762427786
1427898074,0.29298093311661216
2502355817,0.29255862707179014
1427721785,0.29245770588611714
1931629244,0.2924106046017015
1879869544,0.2921485229770797
1433275452,0.29203446356666746
1434162690,0.29171827975777825
1930192842,0.2915726141610638
1933539015,0.2908985876504821
1931693431,0.290635649028066
1433360685,0.2902438863902816
1439404747,0.290112431899316
2095403717,0.2899435352262826
2502062802,0.2898626037931627
2499608320,0.2892995553816443
1932436162,0.2892875383470984
1433982342,0.2892119093027954
1880466244,0.2890142024535242
1439397993,0.28861567671452615
2092760703,0.2882756513844992
1930941787,0.28743616797592764
1427877191,0.2873057583440907
2091979702,0.286956847149862
1433529834,0.2865378187708289
1434670970,0.28599761068582175
2500650924,0.28593570586581396
1434415820,0.28578598989814397
2503294012,0.28565100204521005
1433753262,0.28502353721154944
2091964065,0.28488668275658213
1879136522,0.2848525307854552
1433402950,0.2838096936035452
1432931987,0.2834967869504011
1931676937,0.2827780327925953
1434632771,0.28236606329261715
1878598480,0.2820498241578205
2499556945,0.2820109765614732
1878582623,0.28195199143688554
1427627952,0.2819461924468979
1933580971,0.2815669428587749
1433045643,0.28151602552715027
2092885143,0.28144230421626665
1879894472,0.2807716560267648
2502803060,0.2804015622102687
2091973640,0.2801940341852506
1934315825,0.2800339670372277
1433144204,0.2800268699707136
1880492550,0.2800242588205748
1432765150,0.27996923163926496
1930947125,0.27949990091516164
1932635941,0.2793118259243783
1879239245,0.27780254288779194
1434299874,0.2777067379821042
1934317955,0.2776340975689789
2503558894,0.2774568618553046
1433582734,0.2771355493069833
1434335341,0.27692869380492646
1879165595,0.2763252172077918
2502869134,0.2744606305483158
1433496763,0.27445068340719553
1433680664,0.27433586322771614
1434125727,0.273819033645067
1930157255,0.27367634471970853
1434257055,0.2733155112546747
2096194874,0.2730128393744709
1433442590,0.2728773335273681
1433618733,0.2720857967324208
1433942433,0.2713715226056262
1880529093,0.27122245039026094
1439339567,0.27110975918247987
1434498015,0.2709291290016782
1934322223,0.27042866243174285
2503583472,0.2702409122702758
2096188802,0.2699033484400027
1433765237,0.2696386892937487
1433391875,0.26935567532930366
2095400005,0.2693226358231651
1427731544,0.2690516001124307
1434165024,0.26903263406734834
1931673051,0.2689594837203241
2093904952,0.26876637969922473
1433553182,0.26867465179894867
1432898205,0.26860682360664245
2500473457,0.26840174071802986
2096205803,0.26808748739604177
1432669377,0.26780487794116536
1878585634,0.26766911482953265
1434371813,0.26755807732223713
1433682370,0.2673978983787318
1933553585,0.2671769798313773
1433086425,0.267028610344091
2500223840,0.2664555976826339
1433553163,0.26601450968957685
1439458191,0.2660011125344825
1879884353,0.2658272012392868
1432693372,0.26533691918156643
1933577105,0.2652263890963446
2499374314,0.2649626941321227
1433487104,0.26463068226586434
1433138157,0.26386693168436887
1932433465,0.2638421054357022
1427631271,0.26343292352378483
1930144527,0.2631869893370351
2093880341,0.2629355611992799
1932469323,0.2628505953615091
2092902070,0.26283646210809547
1433655842,0.2627413173079859
1433048350,0.2611112655840495
2092885913,0.26086851682620305
2503238690,0.2607408647036531
1878574743,0.26050269150668603
1427813545,0.26037764748333053
1433133064,0.25975279715917743
1879808285,0.2594217083943617
1433507123,0.2593984435960563
2502664942,0.2587673857502884
2092882723,0.2584104424323126
2092947293,0.25782603378566266
1879218177,0.2570406723263903
2095416411,0.25689968944965225
1434009002,0.25674251938018666
1880469721,0.256631243271136
1878589707,0.2565775736605308
2501379905,0.25651814584339167
2500514505,0.25622419758872894
2091186372,0.2559917187769466
1427864280,0.25555783910872976
1880501655,0.2550736853839931
2091276410,0.2548675632219486
1931626865,0.2542417500244304
2500708681,0.2538289070762417
1433318164,0.2536338374744245
1879228947,0.2536038633710287
1433672402,0.25337048701652376
2092975351,0.25309174746935065
1433205471,0.25306898669510974
1433652795,0.2527737435484713
2092802273,0.2524406272279009
1433428505,0.2522876158178654
1433656880,0.25216943904903666
1434513602,0.25196466736502726
1432651591,0.2515069499020587
1932636863,0.25106731275474026
1433182373,0.2503380285450906
1427843737,0.24989509607597438
1933503670,0.24983787890611572
1930940591,0.24969951726019757
1931624743,0.24942549640408151
2094675184,0.24937301043235213
2093974727,0.24928714701709567
1439349140,0.2491520435626409
1879200581,0.24903497274133687
1433964490,0.2485998156948404
1433795281,0.24834034347574993
2093042107,0.24783931540571869
2502742093,0.24773335953123063
1434580724,0.2469477003686366
2095449293,0.2468134938217456
2092844531,0.24640900193274978
1880459485,0.24623269951007942
1433305140,0.2458435643669338
1931655382,0.24561427221193718
1434762314,0.24538434191180775
2501687305,0.2447688275063826
1880533571,0.24470402256718754
2093959215,0.24444850156435535
1432681090,0.2444137898856581
1930963992,0.24426619743610928
1433285502,0.24387329178241798
1931696122,0.24382204540580596
2091197467,0.24360395911852167
1434680412,0.24336024252844451
2499851572,0.24288766832427053
1879809257,0.24251065279084852
1439589664,0.24238140475132622
1879875302,0.24227870931399667
1439645633,0.24218281538351372
1427677814,0.2420351770895749
1931658890,0.24193180799768063
1933496395,0.24114633328352042
1879792741,0.2406484812340457
1934316980,0.24040018443155226
1432760514,0.24012381544793984
1930980985,0.23961946763674877
2501251910,0.23960745812176396
2499224092,0.23957839596963879
2095391200,0.23898586515317372
1439520770,0.2378558004996021
1434533624,0.236942633047623
1439590941,0.23693686690792912
1878603271,0.23688319590846496
1933495833,0.23677112322452634
1879163373,0.23657461813251335
1439369572,0.2363349325645879
2500915872,0.23612457862536798
1879796272,0.23529464189312194
1931021795,0.23473461906810147
1434022202,0.23441949075865262
2092764477,0.234050246553681
1880506345,0.23375037163881857
1879192565,0.23372706691220643
1427794842,0.2336973783644123
1439471085,0.23352735962404075
2096228203,0.23338484240132162
1433356432,0.2333573231546345
1439371750,0.23320459004324184
2503117574,0.2328418630798256
2095363443,0.23279983487862083
2092967152,0.23264736509065173
1931600752,0.23200603394366046
2499504637,0.2313705157850167
1434605193,0.2311507538969449
2092881521,0.23106897177976857
1434511983,0.23034733466900306
2092843663,0.23031441921284
1433266572,0.23004696818982076
2092853285,0.22994799425768025
1427846302,0.22992490045849462
1931593524,0.22988559317943677
1930996945,0.22948483972218583
1879238465,0.2289867804294618
1879152533,0.2286821247559606
1433143691,0.22841539823940563
1879893504,0.2281721208515778
1930233010,0.22792539017486027
2501511785,0.2276236547130484
1427825430,0.22752123040529898
1432941235,0.2272941123403011
1433726045,0.22713118330163984
1879146041,0.22699824467597451
1931632767,0.22676939816404054
1880475094,0.22650524084095391
1433033533,0.2264504376897404
1880493887,0.22578425163090604
1930942152,0.22563579529372793
1433086265,0.22558561503483054
1434153472,0.22550819859068738
1439497251,0.22441520662257203
1931671897,0.2243361934146261
1880450404,0.2240904279450305
1434215890,0.22375286229591795
1434595832,0.22356392844001047
1879137537,0.22349465816232242
1432745315,0.2234433299617157
1930949297,0.22343545161480816
1433048100,0.223159781860062
2092899224,0.22291792789809875
2096190774,0.22275999819013872
2093937587,0.222546788386943
1933495383,0.22200555318996915
1931632687,0.22162036087567127
1427872764,0.22149658306642767
1434602584,0.22142632710383678
1434261005,0.22129918206188876
1879826633,0.22114496925629248
1880464900,0.2208839104591617
1434640582,0.22065903437033282
1930175691,0.22015584911748676
1439621227,0.21996237543090696
1427639247,0.2195799775726771
1434722114,0.21931086739206887
1427633167,0.21881472061523813
2500694027,0.21853144293510632
1433736781,0.21838560964249046
1432714760,0.21756345131389765
1930959090,0.21660594370791522
1433313435,0.21644166293672093
2499753134,0.21629641008107936
1930204741,0.21620249870243086
1439462707,0.21618753078859368
1432715825,0.21607656424790472
1433981645,0.2160311602131849
1427753861,0.2158301401970758
1433537083,0.21550563240398424
1427587605,0.21515780013000385
1879147302,0.21486783923770855
1427877127,0.21461242414442724
1439558562,0.21448977655877155
1931606862,0.21406867869548318
2502903684,0.2138046971439578
1427749604,0.2138025764552917
1433287103,0.21354228306576667
2500374671,0.21339628164739752
1879789762,0.21324007799397326
1879140447,0.2129089634679309
1439360804,0.2125702626580208
2092929857,0.21230920251425292
1434734343,0.2122944015605677
1434497893,0.21213287662218497
2095422983,0.21193564358571212
1439543862,0.21154600910395263
1879130154,0.21141592951702792
2500799591,0.2114077631239905
2093021023,0.21108484570572786
1879172860,0.21101830094193996
2095359503,0.21093157353868558
1879231097,0.21068144901018987
2501783861,0.21066221844537997
1879233294,0.21062038123823398
1433462462,0.21010090589129177
1427763785,0.21006763636215847
1433569557,0.21004191461775298
1932525067,0.2098079762581768
2503329332,0.20931197248407785
1880456277,0.2092256995335318
2093896374,0.2081609639014002
1433255704,0.20815887282927445
1880489307,0.20815561660918222
1434394605,0.20767241674990725
1433588610,0.20749858783637012
1427652963,0.2064735916437813
1433147017,0.2063149382957236
1878580163,0.20627673064597488
1434293755,0.2061726671193297
2501294722,0.20555636020147766
1932614415,0.20546780732197226
1432669251,0.20532194475198945
1880490650,0.20513335721941703
1434256930,0.20493398357259157
2503853552,0.20489826253853802
1433070857,0.2048627370057365
1432875094,0.2042491784658593
1434003162,0.20404963437857448
1427710465,0.20310352353886169
1932451285,0.20299934414718124
2092969551,0.20264076088562602
2091268085,0.20247359449128624
1434459051,0.202372491167133
2091245335,0.20223902076534928
1434337702,0.20195290086239476
1434115290,0.20184436696588004
1879818481,0.20156369625311457
1434706431,0.20109918831646692
1879844420,0.2009137819908643
1878592160,0.20081917767141746
1930930244,0.20072751219145993
1433303824,0.20070128441933935
1439464803,0.2005668694532531
1433179100,0.2005015954573294
1434419771,0.20046100025303587
1934301372,0.19994006125266475
1434378324,0.19992795320392343
1434594472,0.1996302384528535
1879811301,0.19930432627218753
2500443985,0.19916006601241257
1879904224,0.19873659061364907
1879807083,0.19842620204651448
1931621485,0.19819595915097743
1433372185,0.19814811247623265
1879193650,0.19765047177336428
2499783000,0.19751248263040805
1433087100,0.19745643090232784
1880542203,0.19710835581832312
1439410773,0.19709218697535755
2092847577,0.19692896981772157
1432648212,0.19691990440594198
1880518493,0.19687046753649892
1434288600,0.1965719823719343
1934323297,0.19624921545784096
1879225615,0.19623871638584323
2502415547,0.19609743766967014
1432627977,0.19609032342579027
1879864870,0.19600135244525985
2092037190,0.19593038842550164
1930949034,0.19564928554164304
1434134645,0.1955622971960065
1434465331,0.19551023746940016
2092863767,0.19467169453720046
1427764695,0.19464306804460949
1930234462,0.19434136579722366
1439580687,0.19323252854403833
2499586364,0.19300960234232598
2499526114,0.19295511610489974
1434378705,0.19295073059068724
1427877877,0.1927243197160352
1433262197,0.19263726206456996
2093971490,0.19255460971614943
1930186434,0.19241802202047284
1933518872,0.19239503279570455
1933511847,0.19227182105999585
1930187985,0.19209183207474426
1434724153,0.1920742341193894
1434514324,0.1918842619456568
1930177944,0.19152357246103247
1433779494,0.1914469074296212
2092915017,0.19119881818859458
1434619817,0.1911737316830467
1879779672,0.1911709094225699
1934300801,0.19103851269010821
2092805935,0.19083174910621872
1879837012,0.19066987676119532
1427882435,0.19060131745757072
1433036224,0.19036762713440133
1433370203,0.19011012188981358
1433628257,0.18985411369508234
2503914134,0.18976938278839361
2501625547,0.18932988110609633
2503467064,0.18913108487755617
1433443917,0.18880740854140626
1930249892,0.18865505163306698
2094599521,0.18808898036260857
1434742473,0.1880701611732115
1879134747,0.18804797963690068
1434233155,0.18792558936857504
1427622133,0.18781503205895908
1439539882,0.18758247497273095
1433635083,0.18712845982752888
1929308073,0.18684187834595242
2503683470,0.1868209059005919
1432703175,0.18664193462518813
1433116653,0.18649824722360442
1434563757,0.18642851580389022
1433566070,0.18605615451015567
1439426074,0.1855292996303619
1879782977,0.1854551270278913
1433489530,0.18533331366132674
2502440317,0.1851911410479046
1878572677,0.1850168149465058
2092819941,0.1849475797051313
1432776161,0.18481206584150234
1879149400,0.18469017469949814
1879831652,0.18457494426645576
1433886074,0.18435999827506386
1434694951,0.18405169224996099
1879820780,0.183948722890914
1931025653,0.1839203957928038
1880470004,0.18295151547514238
1434454671,0.1829405247982584
2094662132,0.18276840407293352
1931598421,0.18270278705114015
1433127597,0.18257646226931326
2091979743,0.18233915429209502
1434760990,0.18209950146582207
1880547814,0.18206643330273503
1433657400,0.1818166992223893
2096203500,0.18166994060681746
2500245155,0.18161414269798917
1931622525,0.1814880146754284
1433212801,0.1813599248543208
2502620407,0.1812392315854315
1434700155,0.18064272497760916
1878588223,0.1806142886356224
2092917577,0.18058438481658726
1434160101,0.18023032089907967
1434521743,0.18020922335713105
1930241917,0.17940004502398252
1880519770,0.17922669877071865
1930941135,0.17919970888256195
2095468007,0.1789316655116577
1433861701,0.17867701812271738
1433846335,0.17847580301903518
1434204134,0.1784064335292899
1932552267,0.17795769867902334
2501860217,0.17775082681366292
1879897894,0.17759596705026334
1879873750,0.17749741678405756
1880503444,0.1772937828321249
1931647455,0.1772903114188433
1427825320,0.17691101091621597
1434483427,0.1767949248921297
1879883460,0.17660703759320354
2092939625,0.17651414437769153
1433762481,0.17627390683568736
1880498913,0.17608915398369018
1433055292,0.17602842686478637
1880533001,0.1758957879340138
1434640054,0.17578550522567626
1433191674,0.17564258224099882
1879838672,0.17562927762549718
2092803963,0.17518695084844624
2094669121,0.1751677105974409
1427635110,0.175058741846014
2500451855,0.1746762705782607
1433681503,0.174559352669465
1434101723,0.1744707143522974
1432644924,0.17440430796792733
1930165604,0.1743316173394772
1879886572,0.17406775202601377
1879126180,0.17369637798723234
2092938634,0.17368208884632833
1879839424,0.17356753597463156
1929303875,0.17349414861014592
2503622612,0.17346249882512893
1432631611,0.17307375852774984
2503221055,0.17292439430565432
1432828334,0.17268724338363858
1879825804,0.17264411985190833
2502091393,0.1721641461603147
1879913164,0.17179639175321457
1439573570,0.17163188922863892
2095396381,0.1715446684024659
1434386092,0.17147450107107948
2093060952,0.17111182877763587
1880478810,0.17089203754023652
1434444892,0.1708480001336467
1879778684,0.1705650859615524
2500958670,0.1704259159251955
1427715021,0.17028093416000192
1879819712,0.17023968643464235
2092944792,0.17008792835417844
1879223201,0.1700227581896011
1879905811,0.1699974399868295
1930184137,0.16994935477895576
2499538263,0.16905956116510515
1930247051,0.16896696971393765
1432923947,0.16877537380896948
1439364990,0.1686384339887589
1434437771,0.16861594209063516
1439368335,0.16811771205731693
1930986901,0.16810200889510848
1930225521,0.16808332115278685
2091258122,0.1679232780099138
1879833060,0.1678681384920479
1433222831,0.16774361638851956
1879231743,0.1677031007341943
2500217044,0.16722085095512562
1433155985,0.1667782866171272
2092078510,0.16669903578654857
1879845774,0.16654851573540874
1433912694,0.1661587524404216
1930233195,0.16611028775455244
1934299441,0.16590663625102928
1433642632,0.1658732173482697
1427648915,0.16537861056380282
2093869002,0.16528691507066215
2092827491,0.16486025273685112
1432889673,0.16481581680282822
1434346725,0.16438304819586766
2503898797,0.1643102758886525
1880470240,0.16411340060316368
1933600954,0.16398782774408968
1439348691,0.16397931813374245
1879837801,0.1637228758249929
1439573153,0.16311514537868485
1434016761,0.16275996157943548
2092015760,0.16218206789373135
1434266192,0.16194156910319704
2095466893,0.16185861076966845
1933560115,0.16167712991345343
1433175237,0.16163429464969906
1434567067,0.16159449598122508
1879826624,0.16134385473137003
1933529521,0.161332653465304
1439501521,0.16130679335293097
1879132970,0.16118540037106396
1433855447,0.16118298729287767
1932442933,0.16107399137505396
1879136063,0.16067296491990157
1433166203,0.1602239933120586
1439386254,0.1600692047328978
1427617877,0.15996032927802226
1879174481,0.15986250672525143
2500128114,0.15877659568209163
1433247434,0.1586513579019475
1433499435,0.158571911007813
1432662141,0.15854506407059307
1433855575,0.15828736545232971
1433022504,0.15792922914824442
1427727480,0.15787646958391321
1433480703,0.1578075426078114
1434723177,0.15776244250194044
2500682831,0.15771705355272497
1433027452,0.15769969738156692
1427717997,0.15767834201106282
1879147973,0.1573798979598788
1434612054,0.15734439961761626
2091275437,0.15728870491705685
2502308180,0.1571954539468721
1879795123,0.15709241423158338
1427601244,0.15687606881534022
2500759072,0.1566099093391072
2503237427,0.1561185221234517
1879848164,0.15605431044006055
1933574590,0.155979634880653
1433318045,0.15584277538046315
2093085452,0.15575823446710424
1932565493,0.15574017620478808
2502028124,0.15557073336411814
1932566777,0.15544816660997257
1434320761,0.15539200001151954
1879203167,0.15531917158374212
2502402680,0.15526533431153447
2093889821,0.15524692953235047
1879127944,0.15500607436519645
1434727094,0.15444361479983393
1879176630,0.15407949790928127
1879772351,0.15394020770715858
2095463791,0.1538787554557124
1434451731,0.15387865124402716
1433051460,0.15375240605841045
1432670765,0.15360333449505362
1439434345,0.153560433685543
1434551502,0.15355519709558463
1879235340,0.15352034622583974
1433439357,0.15337341652565248
1434501485,0.15334166750780975
2502913340,0.15313126162572074
2092091944,0.15309316953778143
1931001827,0.15309081264294977
1434139633,0.1529790795331289
2094555047,0.15297792322705045
1427894905,0.15285752331265803
1432659420,0.1527901428647141
2503665290,0.15271259666076434
1432910457,0.1525895997612082
1434266707,0.15252329754544552
1439317363,0.15251624427110289
2500487533,0.15250593295681866
2092776444,0.15245124034076707
1439518811,0.15229333031106046
2094603981,0.1522433690058408
1931626621,0.15195527820402202
2091276944,0.15183460186604156
2500736757,0.1518092926274125
1879799667,0.15177757502774053
1434646351,0.15173484439034576
1433150711,0.15155835471342913
1879153000,0.15075303744155336
1434258320,0.15033881709353913
1439530780,0.1501542331463748
1433166775,0.1498936804194044
1931595361,0.1498392242481129
1433961657,0.1498178936788157
1439486270,0.14964118788422626
1880495603,0.1494969181070767
1427793024,0.14948384969561007
2091238614,0.14945770334810982
1427893767,0.1493636880563264
1434159320,0.14915776650295942
1427764763,0.1484824604465298
2499376610,0.14846788672423278
1932652390,0.1484417500681611
1931000225,0.14827860856603425
2502541615,0.1480296925824412
1427781257,0.14760756888695722
1879811777,0.14749023281863508
1433849561,0.1474878877445797
1434037477,0.14740494092297526
1432761741,0.14681569782153742
1432764915,0.14672357146526016
1879908695,0.14656837601546924
1433389131,0.14655002674734843
1439433251,0.14646436537521246
1433593472,0.14632591908854378
2093974751,0.14598602455337192
1434014663,0.14597112169402565
2091211512,0.1459277699289074
2502505194,0.14562353255408475
1434552554,0.14556165981931654
1879247165,0.14518468171196144
1434043830,0.14486984058659697
1439534550,0.1445570742769816
1433638014,0.14440877419098164
1932611685,0.14428296919564798
2092023721,0.14424033130139666
1427764885,0.14403491166609123
1434492385,0.14371610453973724
1433950091,0.14358084382731756
1434613061,0.14328197436865045
1434598652,0.14309906764922892
1932587267,0.14290036937256273
1880457634,0.14262509755574376
1439397575,0.14235833707991946
1439423814,0.1423447524493505
1930927987,0.14225068714728273
2503380130,0.14190835315388406
1932605322,0.14179584385158708
1879159552,0.14157164734802533
2093861905,0.1414562402359585
1434320201,0.14123186944949398
2499325834,0.14093104790418332
1433139807,0.1407723776662739
1931026004,0.14060769312877366
2092982291,0.14054665601640343
1434364475,0.14031689152470986
1931006744,0.14023760324646758
1439364292,0.1401823047190719
1434551585,0.1401598758731814
1433971892,0.14012024585969565
1427733180,0.14008265732625774
1879188771,0.1393348532879236
1434452683,0.13917211069401664
1933552995,0.13911674317192826
1434383267,0.13910744170200776
1932534517,0.1387551824406482
2502728503,0.1386449831229114
2500850970,0.13827184228505504
1433008470,0.13821605670069914
2502116051,0.13806970698206114
1434054744,0.13803056619013568
1930939970,0.13797636099006252
1427598480,0.13777485727998048
1433209532,0.13776986200473473
1932497395,0.13775467316704618
1433063245,0.13768236990045304
1879810531,0.13761787111408091
1433344383,0.13751304603001863
1427749581,0.13746687787345063
2095426313,0.13737155175555557
1433502061,0.1373492131677371
1932558083,0.1372701888284555
1432665233,0.13726053359688722
1879783257,0.13695723738736368
1433777772,0.1367288777114098
1879135977,0.1367170242037022
1433644764,0.13670388020280597
1439459363,0.13666134263423113
1880485711,0.13665304037010745
1880526554,0.13644358149101307
1880516117,0.1361719191372343
1433472471,0.13615487928671877
2091284582,0.13610499544907473
1933581927,0.1359725946424861
1932618683,0.1359409828355735
1434503647,0.1357909402763445
1433087902,0.1357573811232644
1427685475,0.1355905565509369
2500952314,0.13551912961154647
2093945821,0.13541247230425932
1930230667,0.13539787345273963
1879877174,0.13532587193302897
1433012600,0.13530648605511136
1879879952,0.13517120511779485
1879851630,0.13511973895211635
1434527732,0.1350647009488133
1433654304,0.13457451137225981
2091182424,0.13444715873908705
2091201693,0.13430456451353695
1432917292,0.13430432038828444
1433830517,0.13403429972466704
2501131224,0.13398867811779133
1879773475,0.1339139323981243
1439407052,0.13389597810071488
2499854203,0.13382833081144732
1434069935,0.13379603001094958
1879838604,0.1337337353794429
1930243812,0.13355888341184985
1433995350,0.1332322530086524
1930240721,0.1331159394254962
1434687935,0.133079083994228
2091972922,0.13271746486268984
2502659424,0.13242560074750312
1880520660,0.13237883624489538
1433188740,0.1322687344381361
1879878740,0.13199229117425612
1879882684,0.1319419027738791
1434451581,0.13186778128833715
2502457091,0.1316226809470108
1434676802,0.13161682580049047
1427827025,0.13132315705638356
1878600597,0.1307635952421887
1433999762,0.13067607561923744
2501430820,0.13060951669263005
1433136073,0.1304455422889312
2092917182,0.13037689148669662
2094641455,0.13036225571236587
1427626355,0.1298380368334553
1427767664,0.12981860291646213
1931003157,0.1297540179038317
1878573891,0.12974905138208673
1879881144,0.12973371182615404
1931015983,0.1292078102875503
2091239271,0.1290140015862196
1433583394,0.12884253571446896
1433114135,0.12867296485334156
1880514232,0.128479736671461
2092880077,0.12844723477805478
2094563407,0.12832935572278
1434419580,0.12824623265758817
2092953355,0.1278095445498426
1434537702,0.12772581456198437
1932518294,0.12747929283411577
1439548877,0.1273115166247997
1433035470,0.12730017694320728
1433440645,0.12728211337728518
2095352907,0.1271660634166107
1879912771,0.12694231052609012
2503580077,0.12675088696019512
2092845117,0.12660550836398515
1432869167,0.1264493956111096
1434092364,0.12632609598192607
2499596257,0.12595297169590056
1434057295,0.1257334990162658
1879903644,0.12554201450779293
1930985693,0.12546426716286568
1434093142,0.12518002770792
1433228373,0.12517553615569316
1433182957,0.12510391196970283
1434197362,0.12503933564604452
2503113721,0.12494011608722765
1931013757,0.12478045270960085
1933561810,0.12428555295172126
1434419602,0.12395932965967844
1432805790,0.12392019372947854
1433740551,0.12384763418141294
1880533831,0.12355337720966565
1434476591,0.12329762523288576
2501303245,0.12316559115808189
1879778344,0.12295184216084375
2501882615,0.12294891720188429
1930951374,0.12286833269672655
1932527695,0.12274692375394798
1933506795,0.12272356075309226
1930235327,0.12256194673488496
2093069085,0.12242794572763127
1934300683,0.12222414716095868
1439478962,0.12221122115148639
1934309293,0.1221711117104158
2095349422,0.12208603835001368
2091212702,0.12202558455948437
1879880930,0.12149621915275725
1434044670,0.12143624288345437
1427704773,0.12143531971086391
1433551501,0.12131595675247127
1427739495,0.12126023226469215
1433471552,0.12117790348093807
1880495091,0.12113081687881394
1879870634,0.12094965390756944
1933518853,0.12069404169597119
1933511237,0.12067510410599208
1932459677,0.12057809967736656
1879163794,0.1205064877642092
1434507223,0.12033513151814379
1432684464,0.11999530291486114
1879778661,0.11995179696566627
1878592651,0.1198901697690441
1879197591,0.11984810500605424
2092769813,0.1198329291858769
2499229470,0.11982266457115295
2092848943,0.11978088465823812
1931588713,0.11975838841487706
2499284581,0.11962831100244968
2503536890,0.11954530229655898
1879902965,0.11947356529421582
1432682854,0.11936194831586579
1932521922,0.11901804542583012
1878579784,0.11898348903999943
2499680703,0.11880378425052475
2095379683,0.11870491264333397
1931020000,0.11867383363638391
1433263533,0.11863331411143527
1433738334,0.11831712331146178
1427839717,0.11821135921831065
1433550811,0.11794629497598043
1434210211,0.11775636912186221
1880540874,0.11772155501532393
2501392185,0.11752260075987317
2095452030,0.11738322661594527
1433567930,0.11726850701261175
1433454290,0.1171508123364756
1433057320,0.11696829335428433
2503221244,0.11682315669443001
1880458174,0.1166338774024937
1932517893,0.11639721483226438
1934324777,0.11634175767688677
1933532717,0.11628857919153678
2501734700,0.11626405255585975
1432602970,0.11598524813426245
1931617397,0.11577977434962772
2503675373,0.1157777735031656
1932623795,0.1154771832168503
1879125957,0.11543158311686179
1432871933,0.11538336007849623
1929317141,0.11536845086572384
2091950935,0.11531560745630473
2503088435,0.11490725134516697
1433467250,0.11472751763959642
1879854952,0.11456861186372035
1434095305,0.11452271385474676
2096253264,0.11429975380737765
2500846440,0.11398711693127955
2092850682,0.11396706009574312
2092091991,0.11374189941911755
1427662425,0.11338862654948598
2499885020,0.11338813308294467
2092075372,0.11296343747850755
1879812475,0.1128930329595972
1879238341,0.11283214376998783
1433510192,0.11270413833038317
2092897105,0.11244370142270436
2092840940,0.11238700484942615
1433706647,0.11218580704279857
2094636907,0.11158478762550554
1427798572,0.1114699524826221
1933552790,0.11145021011315184
1427856044,0.11141133958120845
2500232233,0.11084254953286005
1879791924,0.11031581484403484
1434396997,0.11028950273886888
1433533977,0.11023095936740647
1439526984,0.10971823080672097
1433669240,0.10949993095480924
1880531947,0.10890231640062692
1439442072,0.10886525086555107
2499718764,0.10876082066974076
2500448414,0.10865572451669987
1933585353,0.1084149572477179
1880509394,0.1082697403571445
1880514180,0.10769161485638855
1427624332,0.10747343910427785
2500933944,0.10724107116445446
1434490112,0.10713168134740017
1879883942,0.10693415880263324
1879777144,0.10687799359312909
1879824354,0.1065744839318063
1879223413,0.10655103867106169
2499247473,0.1062043780564065
1434731783,0.10521419453374434
1433080745,0.10516913761549192
2501981947,0.10488188775135675
2501674540,0.10473435114537265
1879874592,0.10465069959171194
1934321753,0.10399679666925872
2094618890,0.10398689412477806
1930227151,0.10327767921807206
1434482170,0.10301006086527363
2095445444,0.10260918933707522
1433649001,0.10255120543233168
1930148015,0.1024192487069722
2092764807,0.10221714376108545
2502350611,0.1018447152173958
1880456560,0.10183450324485538
2500988907,0.10172791885259945
2092974352,0.10168116153993664
1434256870,0.1010852583185029
2092918757,0.1009679149648048
1880437881,0.10045990280546623
1930185765,0.10044499716311577
1433688270,0.10038740671203475
1434636581,0.10005265533352044
1879863017,0.09955895485950501
1433128597,0.09896183499479548
2095412055,0.0987158436166983
1427807683,0.09867915963985004
2499639740,0.09848430760028092
1930149375,0.09829679956819132
2094549997,0.09814601926268346
1879249461,0.09801419773304834
2093955261,0.09796722388531133
1880445050,0.09756372904545749
2501296983,0.09673238155386148
1432668761,0.09630791587411187
1433789132,0.09612570384981646
2093962317,0.09608576459051066
1932477845,0.09563382341145292
1930983260,0.09537195861315062
1879232961,0.09509295871107644
1433378440,0.09503242160099568
1931609773,0.09438996875795656
1434192330,0.09397737992797009
1433958992,0.09387583965045335
1434629094,0.09374993687617418
1439393620,0.09364740281591878
1879146145,0.09347390789749996
2093072735,0.09299981607553212
1879202984,0.09280266702347309
2095378383,0.09267810224528361
1433818842,0.09215817476996767
2092922593,0.09161666259985937
1879910195,0.09160579492526527
2499248263,0.09158363209145715
2091220405,0.09053799253409611
2501775247,0.09049114278639396
1433365913,0.08987702286099135
2094675495,0.08985202038186757
1930228604,0.08968633941286636
2095448855,0.08933379953337865
2092942635,0.0883223242188787
1878589740,0.08830171713932497
1879138491,0.0878307148737716
1932560435,0.08777275703890583
1879242762,0.08769225834545948
2092005474,0.08767104337287508
1879194297,0.08741208762739115
1879769781,0.08731254910021427
1432976944,0.08724957768127645
1427802851,0.08654436363918433
2092770183,0.08650527418001713
2500623814,0.0862622342617392
2092783325,0.08610411727231228
1932448843,0.08450972827579446
2091992141,0.08411127788600603
1439558282,0.08409342905966682
1879171170,0.0835749906929286
1879900895,0.08318705457720932
2092769707,0.08297907530455359
1933589672,0.08266678696382175
1931622005,0.08260621121378936
1878587655,0.08195529057685466
1879774634,0.08182421225324758
1934301070,0.0814626519578651
1931645105,0.08119696670392772
2502393684,0.08082071503820147
2499268953,0.07882427537935875
2503470310,0.07821923194085306
2500775855,0.07779045149635046
2500605093,0.07775902472213572
1930929842,0.07773529401518306
1880446442,0.07719343041927902
1930950275,0.07586108094461645
1434452383,0.0752697868910169
2500943220,0.07503253926548518
2503886211,0.07457496648321917
1434427107,0.07418228137034372
2092922701,0.07349379837349448
2501517245,0.07281121029264288
1879865537,0.07115922772984326
2502991524,0.07058723055008699
2503254714,0.07021089346723651
1932595365,0.06912379699235231
2499370034,0.06888591004178504
1932629640,0.06860609453677016
2499553210,0.06839878217412215
1932482165,0.06784968390512168
1930987015,0.06754458286426648
1930146071,0.06747655644641393
2500972744,0.06663148090201551
2093077187,0.0664385096898756
1879231327,0.0661451216610453
1434155354,0.06158096661628446
2503779085,0.06135502600375154
2499414650,0.05897172378316535
1930991543,0.057401261734563426
1933495237,0.05718451621873026
2503895143,0.05703478241240833
2502356982,0.047433255146483874
1930198433,0.044111997430941643
