user count in community:441
Topic id:5,Representation:0.6159579686344955
userid,score
2502796770,0.45236841185608323
2502675011,0.44942086218573385
2095382730,0.4358949115841091
2502577127,0.4352318993214325
2503731217,0.43392926085441264
2500829892,0.43156606047789076
2501384551,0.43069266736221
2503656442,0.42941081470877196
1933544141,0.42926249859159726
2501745235,0.42600254382140046
2500562923,0.4254855232770486
1930188835,0.4243834623288764
2499578592,0.42346690164033124
1933503817,0.4213808042402797
2499276117,0.42098273740973974
2094643512,0.42080353305777435
2093954513,0.41940378278281093
2095490667,0.41909535316161667
2503212142,0.4190847420483981
2093883721,0.41871355922533265
2503480454,0.4185679852469849
1880475223,0.4144158326956916
2091191752,0.4142140780759406
2092864520,0.4139903453273377
2096201044,0.41315836205831236
2092022550,0.41270438967049394
1931670954,0.4118378599472143
1880429174,0.40982107245258637
2502125414,0.4093540213593174
2092015653,0.40920754613747434
1880476694,0.4088017925793579
1931639725,0.40795187931522187
2091986543,0.4077770097296634
2503383480,0.40774788368509757
2091209730,0.4074776157576192
1879802911,0.40714257915066154
2093878794,0.40711967774668056
2091216905,0.4070795142167659
2503183434,0.4057799427726409
2502895320,0.4034242494510078
2502137600,0.40287960706148684
1931026657,0.40266092504398937
2501320521,0.40256131069899076
1879791684,0.40144221377677086
2503002652,0.4006987431464965
2502260182,0.4000546370991643
2092870902,0.39933321686414686
2503739834,0.3991394068583277
1932554282,0.399078127588391
1879141490,0.39903764715302203
2091205603,0.3979775055916208
1880541811,0.3979137700906541
2502933294,0.39727590676000785
1434310311,0.3948891434692254
1929304267,0.39467606558501583
1932453091,0.391574137232304
1879808471,0.39129818115155984
1434285184,0.390542965290226
1933525097,0.3904906135058834
2091248795,0.38978711017976964
1934302332,0.3896765185759359
2499721744,0.38913800784700814
1879822043,0.38905461642901085
1931006010,0.3884664183812548
2500780277,0.3883626962171493
1880531513,0.3881487858080852
2094693872,0.38802040001539884
2094611334,0.3879735010640988
2502438443,0.387530934428499
1930138105,0.38743128595209725
1880441582,0.38702607912294257
1930985463,0.38692307913635443
1879867475,0.3868505524155224
1930238760,0.3868110342238227
1934313423,0.38544537746281465
1432703867,0.38531918786942376
1879867287,0.3847495383304846
1931675414,0.3841308459571965
2091256321,0.38408560849993834
2092998467,0.38393009915427817
1879140324,0.3838347501047414
1879793421,0.38274401569643635
2095425003,0.38113378603889997
2501862952,0.38046311385114145
1880479792,0.3793269983996157
1880492085,0.3792621172384915
1433543690,0.3792601053654875
2093978042,0.3785647896685562
1930165571,0.37768091763896205
2092056530,0.37740420896612903
2502030823,0.37721879255852975
2091966895,0.3763412905407127
1880477391,0.37628324268592467
1434226220,0.37577401930459425
2503795060,0.3747239132493263
2503800525,0.37445286870170263
1879812904,0.37383073565209907
2094593570,0.37358422265056734
2095356013,0.3728733519222417
1931028585,0.3717512114526719
2502365680,0.37135352730479765
1439612393,0.3710609480923596
1880500503,0.37084522585448776
2091203791,0.3704964591893644
1932635287,0.3698211353609468
1880513753,0.36964216983608034
1931002392,0.36952737943595054
2499772550,0.3682311488823735
1930187045,0.36809638367061426
2092921772,0.368050851322973
2499761712,0.36784905446315375
1930254163,0.36763442092159754
1930224053,0.36647364115601017
1433033120,0.3658019358597775
1879227165,0.36558030276293363
1880504970,0.36546200907458193
1880447703,0.36539815511211254
2092815833,0.3645670063500374
1931632375,0.36380333468473236
1932430190,0.3631043079515953
2501412120,0.3629280412440345
2096234531,0.36265892860065124
1930226141,0.36260837866668494
1930949072,0.3625403452905301
2093917913,0.36253189655382323
2502124400,0.3615886222106121
2499573814,0.36098711071118156
2501590725,0.36075539514948035
1930186197,0.3605577620387844
2502742444,0.35966030103106433
1439545701,0.3587580917913635
2500759554,0.3586497169503806
1934304752,0.3583842578807813
1931692594,0.3583787967010448
1433770634,0.35834275114547476
1879774782,0.35830843258351175
1930221823,0.3575214186744379
2500114310,0.3573226547660459
1879246974,0.35608112615793786
1879190432,0.35576219861959424
1880425242,0.3557298463020823
1933537260,0.35570233339349555
2499784602,0.3549646673194313
1880488212,0.35487552178242987
1879778215,0.3547990980826171
1880477263,0.35433944208936446
1433355884,0.35424392778619673
1880434252,0.35411091143622453
1930979700,0.3539959347501728
1880530875,0.3535433037166956
2499254732,0.3535362535949583
1879142512,0.3526503248947666
1433693345,0.3524576124791505
1880538272,0.35153432891502195
1439368315,0.35120767197554403
2501277372,0.3507478307505331
2091204184,0.35031230702786986
1929304691,0.3492677590328449
1880503815,0.3492599871040257
2499208964,0.3489759606695951
2093950000,0.3485874765968582
1930948532,0.34847586892225607
2502269002,0.34844579060514425
2094674662,0.3477685500957156
2499380584,0.34771103033359396
2093048151,0.34759781088298464
1880540863,0.3470574878437914
1931618811,0.3455323482949043
1879216587,0.34489348863654457
2095401971,0.34444380521308204
1930190333,0.3439672955758566
1932589155,0.3419744679957607
2499290604,0.34122060335652604
1930949627,0.3409567092073177
2501550442,0.340910819509496
1930928551,0.34058596075247155
1879896341,0.3402760233693139
1878582551,0.3401600440539815
2502871610,0.3400494625444695
1427743413,0.33963343727593526
1931021683,0.33806660441970565
2502950784,0.33796885614410327
1879189505,0.3371535796824931
2501324530,0.3365429237927427
1434176520,0.3343754327902428
2091264563,0.3330892151328065
2092092917,0.33308179296940965
1934295907,0.3325333635979389
2091278557,0.33247589666478267
2499525472,0.3320358395539869
2501976375,0.3319080233507547
1879201371,0.33165831854634764
1879136677,0.3311299066536508
2499255137,0.3307899902305794
1879142951,0.330750095996993
1930172281,0.3301922022977414
1933539462,0.33008217227672154
1932562641,0.3300395966717402
1879191524,0.3295455331510064
1879153543,0.3294178598478264
2501953380,0.3293662438385017
2502831002,0.3289883534728154
1879865350,0.328297683710234
1433903955,0.3280310270655192
2499378250,0.3278839316467909
1930971677,0.3276746033557232
2501161275,0.32581260844372384
1434307661,0.32521329557060474
2093884365,0.32433455962256885
2091982500,0.32432476719480896
1932552691,0.32420629250303623
1931635213,0.32409373294638066
2499238152,0.3236618438577004
2092882041,0.3232860765884103
2095351923,0.322959720296519
1433803721,0.3227597352680821
1879141082,0.3223655580515843
1879175861,0.32087444333850507
1931029115,0.32078657317372516
2095339303,0.32034511280736766
1930163130,0.3202133828892016
2095355117,0.3190305385533949
1879893423,0.3189958584814738
2092954573,0.3185338974677945
1931645525,0.3183029504261349
2499535565,0.31726913608430274
1880438121,0.315850397849481
2095488793,0.3151198150683214
2499493190,0.3147056571955915
2502107100,0.3143809134991221
2502139984,0.31349061825498015
2500811717,0.3132369320826189
1880504282,0.31295489967386425
1433219630,0.31149384099116345
2499311944,0.31131179443128715
1932462435,0.3112790260685129
2092754465,0.3108791502056856
1933521051,0.31074485943062663
1878600102,0.31071864608134253
2095432555,0.31014808949071865
1880438737,0.31010402075439486
2500340490,0.30899282565716796
1930935560,0.3086182774841397
2499835172,0.3079977378437061
2503763283,0.30744292150307506
2502200612,0.3064793404120568
2501479484,0.30608116190216494
1879192483,0.30606561203419386
2499314952,0.30574815763485164
1433144307,0.30544982886935046
2502085930,0.3054399835437767
2091949687,0.3050404246522437
1932507002,0.30270500636583203
1879214721,0.3025911582584914
2091269033,0.30127570580504903
1933568853,0.2998063903116111
2093926101,0.29946000820497715
2503781934,0.2983868527805701
2092874561,0.2975494018178445
2091268515,0.2964685752349133
2499480580,0.2963315725706103
2500200731,0.29173022355447303
2501221147,0.2911643061266416
2502823810,0.29102843879567
2499445673,0.29077388638724305
2503418130,0.2905322119577181
2499860350,0.2900208452320697
1931013371,0.2899707826258312
1930212347,0.2896026089041035
2502094112,0.2892344581948945
1434682201,0.2880247296676041
2502934610,0.28713570224787643
2501972754,0.28674342684107584
2091255017,0.286460299089777
2500600360,0.2856313617753022
1932602235,0.2852109637705918
2500884924,0.2850679830059975
1879862297,0.2846371200904378
2091997493,0.2844365171919426
1931589911,0.28439142605821405
1880438257,0.2837744562484223
1434245380,0.2835790869340711
2503801560,0.2830778338508685
2093950760,0.2830639046625343
2501822880,0.28294011259185287
2503066120,0.2828793853359121
2502092911,0.28223817473920293
2092815533,0.28137965334850623
2501282543,0.2799074387097203
1931676065,0.2797906123672147
2093898481,0.27938269252128567
1880451972,0.2793133478891832
2502089410,0.27907109508590366
1930211353,0.2790116411171968
2501896357,0.27686390476785266
2094694511,0.2766349100412445
2095483775,0.27628726829719324
2500625945,0.2762857366540558
2503760761,0.2754056892797816
2092063834,0.27514034430350065
2499731124,0.2746166918617302
2499388704,0.2739030505092357
2091976697,0.2732432967804529
2502352790,0.2732249587423309
2094593862,0.2731448059373713
1879842675,0.2728227100087677
1879173404,0.27212685607516507
1879830417,0.272081647450645
2499269440,0.27201834380919054
1878581697,0.2716335075313536
1931644470,0.2710189293951216
2502447625,0.26993787653397866
1879858492,0.26911984038229675
2501018897,0.26812630920189845
1930944447,0.2668726266577702
2502384194,0.26588099412530775
1879234225,0.2657153404124695
2094697551,0.2654795840456654
2501134382,0.26293828982106665
2503823792,0.262403842336873
2095456460,0.2605864572587445
1880526407,0.25992016624554
2502861624,0.25784233145759416
1932625815,0.25747610974310325
2093053971,0.2573908032574693
1432820162,0.2570243443613066
1930935051,0.2550414553561147
2501952420,0.25461786778694523
2094677064,0.252471625199459
1932651784,0.24963282743900522
2501807622,0.24652077585565846
2499603604,0.24608629069618715
1931003797,0.24487611358099565
2503004920,0.24296150156798377
2095422492,0.24261209982879506
2503922934,0.24083026658107415
2501492133,0.23876096668909014
2093018290,0.23849049099981526
2499398920,0.23727548394915174
2499242150,0.23215214876382448
1879243473,0.23213683087036616
2501303174,0.2270985199243101
1879865887,0.22625250175543488
1879881704,0.2239104998760794
2503647720,0.22353531986306624
2501332567,0.22337313461133504
1879768300,0.22298652298218202
2501895521,0.22294950170391273
2095391001,0.22232050339586976
2092014177,0.22182234470263998
2499706400,0.21929705699482582
2499593254,0.2166975718902269
1930930473,0.21394355527999714
2499756682,0.21087505118892508
2503390092,0.21062921668748766
2503769820,0.2102180848407807
2502551467,0.20999123470844494
2501846864,0.2082087029030672
2499323951,0.2076679414980707
2503678080,0.207086658656246
2503472983,0.2066979275891665
2499865192,0.2065411266707291
2499522487,0.20597149247013394
2501172514,0.20468786855788526
2501573235,0.20461542962490795
2502398367,0.20309203244471613
2502850240,0.2004890738348352
2092070251,0.20040280292366874
2503906995,0.19899737182311972
2503575883,0.197211130209164
2503110377,0.19712530535674253
1879226021,0.19598964381836262
2500881744,0.1941705300448181
2091990075,0.19087219209329717
1433639712,0.18936291949532918
2502449081,0.1892366953392732
2501558693,0.18850678297234466
2502712034,0.18771928853022476
2501024594,0.186422430446409
1932596207,0.18407151517337705
1439408702,0.18375181950013758
1879822355,0.18132866398577926
2502756675,0.18109542889353528
2500108750,0.17914291211530306
2096259373,0.1784702503516786
2500320512,0.17193268210618684
1879823051,0.17085304179863778
2502099493,0.17031830607793816
2502154412,0.16916156402420326
2500945574,0.16741936353623071
2502349657,0.16543553519485996
2503608340,0.16502179612790016
2501130577,0.16420171108489118
1880532272,0.16411708025089694
2503648694,0.16213792759602474
1931021600,0.16186106412847248
2502736185,0.15501603899249378
2501429182,0.1500860941829943
2499350100,0.14322325488771281
2503038084,0.1411177620784626
2503901890,0.1365815989408756
2500896810,0.13027971717212286
2503382054,0.12412835268395897
2092820933,0.11739836952872446
1880460051,0.11685038981503722
1879798084,0.11567560288187333
2502564430,0.10880543365723688
2502926130,0.10629366459570345
2501604981,0.10553324807505741
2501040410,0.09936550149812316
2091270412,0.0937219951325342
2501624163,0.08748529196477921
2502088490,0.0870633261548806
2500128913,0.08604518578725626
2502518690,0.0822241829090424
2095476407,0.07834662659738056
2499644360,0.07390689071977906
1933558965,0.057725663078238745
2502146670,0.05715437787862097
2499308220,0.05325292957860482
2502371055,0.05324063671763648
1879809035,0.05167459045441699
2503434493,0.04756905645518652
2499519152,0.04570216341874654
2499247720,0.04409467343328396
1931601770,0.034992658886571555
1433718202,0.02976825161781965
2093949481,0.025769278589254888
2500284384,0.025703460304934103
2501782910,0.02260609937647068
2502861462,0.022183801173641316
1427810841,0.02084863522378789
2502537130,0.01865905610940527
2500134344,0.017916990631669065
2502532600,0.014333142107352302
2502163757,0.012731306049858466
2095376487,0.01009109581771898
2503908500,0.00948592623891681
2503901374,0.008093531205728921
2502610444,0.003546635384425352
2502161500,0.001900378926079242
