user count in community:689
Topic id:4,Representation:0.64340328648262
userid,score
2501600630,0.5300608064126885
2502304037,0.5096810768478734
2502886265,0.5089102592802222
2095452301,0.4975844397336869
2094636725,0.4963481404509873
2503116461,0.4925909550002201
2095377207,0.4814684825053279
2502132763,0.4739883325803621
2092878423,0.4730028396951083
2092013854,0.4729350066631103
2093012983,0.4711011517551237
2094660043,0.47010982927438244
2092807483,0.4688347051498181
2501553183,0.46663623160649653
2094677502,0.4619105732727936
2091998140,0.4611981052449038
1932516241,0.4604720550358939
2094579473,0.4596793785389101
2093040277,0.45657715412812483
1932461307,0.45606668560446595
1933581934,0.45599180651506804
1932642635,0.45559073057482713
1930186825,0.4537950936842609
1934311132,0.44928065278666884
2502186100,0.4488342174930061
2092951260,0.4483794231635434
1932516144,0.4469789730211555
1879862882,0.4464693692252429
1932543735,0.44625196377774173
2499533087,0.4459407024526116
1930185973,0.44542051052381265
2092090004,0.4453474882795829
2092915727,0.44441562802993567
1879903837,0.44397020168146983
2092810204,0.44390979333890074
2499819592,0.4430744365840883
2095342411,0.4424195455979485
2093901271,0.44027237313272655
2093057384,0.44017627898524975
2095495454,0.43898573466578233
2499282852,0.4380483672291629
2091258865,0.4370176565151051
1879148865,0.43690063909003835
2501519087,0.436562039727968
2093932195,0.43596487695148806
1931588805,0.4358890569855626
2092879140,0.435492300619902
2092802794,0.43498378905382457
1932518693,0.4345325079144837
2499845773,0.4344495697221874
2095447640,0.43253109329932504
2500347237,0.43239199918560556
1434546357,0.43222549667831156
2096273465,0.4315557633760302
1433508693,0.43112762250768144
2091280821,0.4296805609457979
1879200853,0.4292437881220223
1930171180,0.4284188278797367
1880495234,0.42833437618005676
2095407751,0.4281240555912988
2092848203,0.4281178169051912
1433077095,0.4256258683317681
1879238233,0.42544507677826765
1930145462,0.4249860120507048
1880437117,0.42488796320964883
1933597017,0.42326134166333906
1879192935,0.4227925952333779
1930217094,0.4221402683665171
2091968752,0.4209406371869267
1934312535,0.42063725926117174
2503457482,0.4201844898368436
2091993834,0.4190229385945658
2092826104,0.41834934866497087
2503210194,0.4178329153922116
2501357973,0.41774293539125973
1879783317,0.41743365258924003
1880436467,0.41725128488861096
1879248323,0.41583200720881325
1879201637,0.4150666536714896
1879197517,0.4149020640315046
1879199307,0.4141206147597705
1434682307,0.41304174286766504
1930141335,0.4123816921638233
1930204877,0.4117804216092802
2094550853,0.4114487176961734
1930236895,0.41141766732164353
2094622895,0.4111114564173822
1434581652,0.4108394099441076
2094556274,0.4106488202104201
2092845305,0.41022888469016383
2093863851,0.40732329042142523
2094679125,0.4065392894639509
2500956394,0.405478582883186
1879146065,0.40525919946799477
2093942435,0.4052390013150701
2092882334,0.4052373368385091
1929306871,0.4051491120744709
1879858742,0.40397180676064054
2501916985,0.40358662461882755
1930960724,0.4030643988578868
2503583964,0.4016769201551078
2092946140,0.40003032646965314
1879843121,0.3999923693635598
1880471224,0.3980562977931782
2092910584,0.3972681781593826
2092871904,0.3966700474502873
1930187510,0.39663742350514036
1930173631,0.39596782266774305
2092930242,0.39525437191298685
1432681345,0.39485875251142255
1879792035,0.3947930888498454
1879179653,0.394632020738226
1880456667,0.3941694962765867
1880483524,0.3938617881607976
2093966733,0.39382020454893074
1932640544,0.3936086510831925
2500934104,0.39360705277316427
2092890127,0.3932861482157317
1932505922,0.3928921538433982
2501315432,0.39224793059124474
2094658367,0.3922309148559373
1930996373,0.3918211647455045
1434670014,0.3916349901012926
1934299325,0.3894074582032564
2501211582,0.38770161924223673
1879832175,0.38766418395965513
1427772955,0.3873444074622366
1878580627,0.38693022448631614
2500984840,0.38661949512235283
2095392941,0.3863869438873085
2092838991,0.3862315860441943
2502005027,0.38575657816482206
2503587865,0.3848115146502964
1879163861,0.3819167855922954
1930235983,0.38125549547038007
1879775220,0.38107093676048603
1933587957,0.3805663183632816
2502816970,0.3802289724124525
1932512645,0.38014985191344225
1930152042,0.37970826389800855
1931024295,0.3787298085535282
1880493903,0.3787058678425778
1879172363,0.37805131110293694
1879166025,0.3776807282165797
1930215862,0.3776707647354891
1932460691,0.377634208473579
1879156962,0.3768123841150235
1880493775,0.3764036658431866
1934318625,0.37549331252108564
1879179857,0.37521868581290724
1434531724,0.375153499962147
1932444720,0.3749390400016324
2092872947,0.3749270912320195
1930189230,0.37481299558010595
2500467523,0.37297329458128736
2092902285,0.3724018601691638
2499502237,0.37203799475263155
2499275172,0.37176582940163705
1934295297,0.3712862351160533
1880471054,0.36980881358832973
1879161394,0.36958295345058406
1932580627,0.3690858936032624
1930140851,0.3689765900908589
2500313667,0.3688701342467773
2503242393,0.3688468286467683
2502744111,0.368728032915768
2093932767,0.3686012020512127
1933514202,0.3684464926617026
2092969524,0.3672819997254011
1879235833,0.3667032175880447
1880469415,0.3661170587893198
1879163237,0.36566264364021933
1879883790,0.36467437081773524
1930940482,0.36452005933890336
2503262895,0.3627462888042029
2501525920,0.3624617282317059
2091196300,0.3624481219386405
1932518852,0.3622860086009336
2501424261,0.36183707632528683
1879849525,0.3618359303112379
2093878380,0.3611194885685762
1434624975,0.3610649171767047
1433648293,0.3609187087938926
1932573863,0.3608910130020466
2503422932,0.36010741130335744
2093087820,0.35985309720212194
2093860541,0.3597563758613497
1427833624,0.35963489392192094
1879132660,0.35952912502692785
1879214117,0.3593750168216447
2094657533,0.3589387024754855
2092797621,0.35859408372036766
2092978174,0.3580566794064101
1427583973,0.35768273118459754
2091995304,0.35723882423844866
2501206273,0.35541584119463965
2092992887,0.35526782548118196
2501242995,0.3544569210950191
1930167294,0.35424890387885016
2095421932,0.3539567476172474
1434394701,0.35351410831569113
1932449565,0.35187586611909705
2095363683,0.35178175397856865
2094699383,0.35152308719692765
2093942545,0.35126516019930926
2094564717,0.3511286478525278
1433646900,0.35060781787240125
1879786531,0.3500657810877209
2092773100,0.3493868210293415
2500876904,0.34932904719778524
2093964404,0.34900252467621506
2092017370,0.3489193480059835
2092858593,0.3486080581368771
1879829837,0.34858544277788583
2093064587,0.3481194560559071
2499474805,0.3473020258346537
2091189990,0.3464920876246452
1879778060,0.3463904881232539
2093088695,0.3460226369512273
2093930331,0.3452227613979995
2092082904,0.34439001170154665
2499819090,0.3440709195910937
2501544902,0.34402418305237975
1878581055,0.3438741000110841
2094673267,0.34386744617740367
2499817550,0.3430298075450839
1433050905,0.3423442847260929
2091204850,0.34169580400648164
1932625125,0.3413565088365347
1434681592,0.340559151379745
2092932207,0.3405389094778841
1427683692,0.3404598138730783
2499437350,0.3403841570275339
1880481584,0.3402707682550209
2092937872,0.33916418324474834
2091959542,0.33909840386506923
2501551951,0.33793754105126544
1879855174,0.3369049697394976
2501233234,0.33584752061701034
1434596990,0.3354084246098124
1879131453,0.33356214238483906
2091959265,0.3334669384599736
1931024700,0.33346624075282105
1432678663,0.33246307522646484
1879136023,0.3311064069171308
2092062134,0.330963557358802
2499392765,0.33077316035446314
2499546363,0.3304367407684507
1434152683,0.33033489994370696
1434014573,0.3297858766962784
2499678684,0.3297389650686669
1433002360,0.3295987866934514
2503747125,0.32959111239999395
1879785390,0.3291914086675478
2093973217,0.3290513709295301
1879801145,0.3287025495581535
1933512482,0.3286136325642184
1433821847,0.3276506111459863
2092881510,0.32742263524230697
2503619391,0.3273811306600355
2092022860,0.32698521354113147
2091998693,0.32566663147160174
1930243914,0.3250928315363793
1879884032,0.32504096258058573
2503806417,0.3249040538035273
1930141602,0.3248718399795043
1434271175,0.3236478484761991
2502149597,0.3234970512114497
2095399291,0.32271449127589064
2502701871,0.3216006729845056
2501661277,0.3204644050993492
2092958110,0.32042042057009296
2092842021,0.3195109481377262
2092781660,0.31882810610988
2092928542,0.31830433675271314
1434701290,0.3180954077471983
2092075317,0.3176478507438267
2092926527,0.3165921562196574
1433125275,0.31617339381614273
2501825024,0.3160933110796578
1879125197,0.31602636721705685
2503757252,0.3159096164916178
2501780563,0.3154960288954487
1878587424,0.31482264653468
1432604335,0.3121944710746077
1931622663,0.31199690724182905
2501807717,0.31154193975472044
1932435117,0.3106804804645123
1931693192,0.31008804062888223
2499262997,0.30988141988584567
2094627935,0.3097522340688108
2092965600,0.30955737594733734
1879167711,0.3092824518433093
1932516703,0.30918146122796186
2092792003,0.3084088156512845
1933498127,0.3082859130723144
1879160480,0.3078469831885727
2500389553,0.30744244021355577
1432960257,0.30722197422535513
1433300844,0.3072059248466689
2091276900,0.30529900984974656
1880477991,0.30465883865241156
2093077203,0.3045479250863001
1932441711,0.30400680479772446
2500306681,0.3032577125104883
1932619445,0.30233857234170075
2502123412,0.3021795960537753
2092835073,0.3012731239836422
2499531142,0.30117831516500426
2500177344,0.3011288849853927
2092766115,0.30082108561629933
2093884592,0.30063248204134935
1932457121,0.30003663336365916
2501842837,0.29977665323839753
1432682655,0.2994283142824486
1439647563,0.2994238482983144
2092890450,0.2992242441971875
1434001361,0.29918277291666334
2503900537,0.29907690303053586
1932494680,0.2988903313736864
1434698690,0.2980098482740658
2499255987,0.29795869057716007
2092789777,0.2979482707522633
2501165172,0.29790925238163024
2501426235,0.2971493680300823
2499650720,0.2968108091445939
1433349305,0.294924027327046
2092844294,0.29294732794960926
1880530042,0.29277382116149653
1434105404,0.2923317830920733
1930150582,0.2920285474461645
2092063881,0.2909897958218586
1433872814,0.29059764055354026
2499283755,0.29037961895570424
2499674857,0.290192235999305
1880540274,0.2901802153921878
1879823515,0.2900357386405379
2095420657,0.289513997859237
2501881030,0.2893947511747856
1439456073,0.28812636941134045
2499657887,0.28706421975735796
1931673893,0.28678219013465067
2092775787,0.28673397341083096
2501964965,0.28579022819726224
1880498892,0.28575225532613496
2092069681,0.2857147567612249
1878576610,0.28568165213509533
2503674523,0.28558086356345797
2501523005,0.2854479426526538
2092793725,0.2852121077628406
1930179205,0.2850781470430855
1433290767,0.28404384397897336
1932529017,0.2840392149864357
2093070470,0.28339554998026195
2091253160,0.28300999643733155
2095450512,0.28224683974267567
1439542342,0.28142044574093
1879191967,0.28138770831514087
1879154000,0.281363229516291
1932637814,0.28121983598353234
1930159575,0.27991656278695287
2500947195,0.2798541477463838
1932452212,0.2790941336090152
2502497955,0.27861829706990104
2499647033,0.2783760763134029
1932551005,0.27809963948067856
2094634373,0.27803446036488594
1932470910,0.2775574765683949
2092968710,0.2768878503691773
2503719755,0.2761935813903093
1434419811,0.2759909803462237
2500986093,0.2754888610439778
2092816615,0.275272357988248
1879158251,0.2740395947591834
2091185220,0.27377211933341233
1931006451,0.27366232805724583
2092878961,0.27311397375185115
2502422823,0.2730474684595872
2093080813,0.2730247319715267
2501497311,0.27275533429097376
2092833523,0.270968694235903
1931593835,0.27073611961269156
2094607472,0.27020231965682867
1880453451,0.27003116484831335
2501896081,0.2697219830244404
1433914252,0.2686964622914682
1879811190,0.2685124574019076
1931619017,0.2684510422305751
1434609220,0.2684406255740253
1434422064,0.26824566198261135
2093938124,0.2681198536698826
1434195145,0.26810067113177843
1930182993,0.2677756491569309
1932518997,0.26721522062381065
1879166217,0.26674287973786653
1434174565,0.265274521479065
1929313661,0.2648406699044741
2095430460,0.26473516026227994
2502567325,0.2633511319841083
1931646127,0.26327959846373905
2095354125,0.2630170050292615
2092870637,0.26267561367204595
2501633981,0.262506042782004
1879211747,0.2613530860120404
2093088981,0.2612031555912355
2501550985,0.2608024790705477
1427763725,0.2607061619323
2092820072,0.2604656321021163
1931696994,0.2600709499027543
2092067604,0.2600657088045681
2501262112,0.25978788515621415
2499263467,0.25885516759412164
2503161037,0.2587306193559744
2503560303,0.25868653410466697
2500108472,0.25849033187153536
1932633150,0.25809842468493616
1930154224,0.25771461820838887
2503811271,0.25760322586766166
1930935654,0.25730652094330525
2092801984,0.2572598105861901
1433579780,0.2571050399277972
1433091910,0.25641498761837334
2093886055,0.25594708015468226
2092953250,0.2550342584560638
2092018050,0.2547094034537794
2092015310,0.25461117282389173
1879224385,0.2545290139243925
2503665815,0.25379002293673486
2092833500,0.2533536871301239
2092034780,0.25315710250642004
1427860251,0.25202003887781854
2096255647,0.2519905921878936
1932493667,0.2515324550564832
2092956663,0.25144717896665025
2503596362,0.25137675538840437
1930978365,0.2504341357829243
1879793064,0.25041725670856657
2091202565,0.24981386159939648
2503784342,0.24943487150645086
1932627221,0.24919746326206427
1930961211,0.24723975247753233
2092015890,0.24603201007292205
2092892323,0.2457429460177292
2094554303,0.24548477970772417
2094590024,0.2440712586171252
2502773247,0.24355319636603387
1879883780,0.24292901064048658
1930249613,0.24274286197630093
2092034272,0.24274140775683917
2095437083,0.24243705899988474
2093070951,0.24226250982241748
1879905741,0.24121035522087353
1932525815,0.2412031158749452
2091236677,0.24058744259732853
1934311812,0.24034493649268204
2500384043,0.2392784853484877
2503907305,0.23870101999580734
1879173663,0.23790156482191047
1930152110,0.23776439662522253
1879883090,0.23736677863537783
2503201077,0.23722778937934783
1931680373,0.23715384788186455
1434373103,0.23709948108430431
2096204654,0.23700925941569828
2499669922,0.236729827187598
2094604503,0.23664170477528407
1433878912,0.23658048344399385
1932564172,0.235683378049358
2092782055,0.23492838503860955
2503767182,0.23488625280874825
2092953222,0.2343603864713486
1930949574,0.23389355836524756
2092990863,0.2326835006464215
2500910552,0.23228312702299675
1439499065,0.23200495284892025
1934319807,0.23088357025885972
1439564002,0.2308585925394423
1433451200,0.2302587605549457
2499754113,0.22969161716055378
1434682527,0.22950182334473512
1880461271,0.2291681093934123
1878578622,0.22863869371763676
2500363464,0.2285870368039837
2092891304,0.22817948836596053
2502644795,0.2278060159163367
1934297917,0.22722200742567625
1932648021,0.22715913077389507
1880523550,0.22614912472034338
1879835922,0.22590287223386316
2502372834,0.22582981438540187
1427799307,0.22550464368325512
2499645421,0.2254707655075616
1434667501,0.22505701398480688
1932637635,0.22500471232151042
2499703897,0.2247991829952912
1931605047,0.22442749023597075
2500242072,0.22431622870479856
1932488864,0.22369683337690457
2092042875,0.22310481830482973
2093082187,0.2227889367272606
2501159582,0.2222783118862288
1879179283,0.2222548418390272
2093946072,0.22213674166255107
2501207662,0.22163430421924793
2499785027,0.2211035765479708
1878574661,0.22035271769771297
1433153413,0.220033251239541
2502623215,0.21938009447789647
2092842951,0.2193251988620513
1878600965,0.21856185756552202
2096191031,0.21844138663234164
2500241993,0.21840476700798775
2093077621,0.21807009608136294
2501722664,0.21764461410974503
1934302773,0.21745000649276472
2093021794,0.2174058870824528
2503056380,0.21721976417127484
2092785022,0.2166841447465296
2502594271,0.21564364233652
2501492734,0.2153033603376954
2501428564,0.21521066479912512
1434029642,0.21514400044660226
2501680833,0.21400895843552725
2503664383,0.21351264362280914
1931028632,0.21328369766462435
1434301724,0.2128457108743549
1433831743,0.21257795010595762
1879854067,0.21142474630995647
2094596284,0.21035627334397133
2500710612,0.2102123177745076
2500280402,0.2101893659726486
1433622504,0.21004441695925724
1434110137,0.20959478135323417
2502024280,0.20895156383523264
1439649647,0.20810566982092332
2501749561,0.20800706621502787
1932484777,0.2072606498736668
2092841441,0.20687012397207719
2499806153,0.20651406697598812
1932451642,0.2055175883468411
2499612703,0.20501440028786144
1439333891,0.2047605274256439
2500383502,0.204741650964266
2092939025,0.2044471870740639
2501195984,0.2041333389881027
2502915650,0.20361200617610736
1932643402,0.20348088039437245
1433471202,0.20299838314745947
2093012963,0.20248477784013585
1930183645,0.2016000299972963
2092876343,0.20142638806214522
2094570007,0.1993444565955738
2501149557,0.19923221245448533
1930160470,0.1985304941213692
2093907865,0.19843763725506983
2499614332,0.1983175435598254
1433103593,0.1971234321896928
2502951552,0.196186218119481
2092926083,0.19592486799120135
1879130915,0.19516721941776533
1432857914,0.19386025488996864
1932546171,0.19254958218055243
1879890800,0.19170887000044531
1434350942,0.19158864715394822
1439607235,0.19080753601781197
2503230862,0.1902599013572032
2092976763,0.19025210635236306
2502951581,0.1900884078758841
1879834327,0.18985458746110942
2091194375,0.1889281772435707
2499709700,0.18866523716965874
1934301022,0.18830810849046237
1879198933,0.18813103763853722
2502575951,0.18771779973786157
1930935141,0.18740158664573067
2499890140,0.18610701453849574
2501472264,0.18510217262095513
1439504291,0.18503992683980333
2094550217,0.18478782284997805
2500114681,0.1847720182109555
2502154492,0.1843025577957876
1930162204,0.1838559555890915
1932627363,0.18344555593919978
2501875722,0.18280658645514336
1932640903,0.18017970532523764
2499475165,0.1785393613950672
1880480387,0.17777193001159994
2093051244,0.17727834142953425
2501489740,0.1770875566617351
2500532662,0.1762320999627251
1930929972,0.17592583472250736
2092771564,0.1745513446085639
1439334465,0.1717870421837124
1879847140,0.17153373929299598
2500339397,0.17114649278656416
2503469327,0.17004454446732223
1879812715,0.16988732239540616
1439510575,0.1696464170393038
2503321694,0.1696284366135216
1432627840,0.16882158944616726
2093965473,0.16881016445038835
2091224171,0.16725256489524903
2502641794,0.16608270869203012
1433652352,0.16460559663184307
2501378220,0.1642298957464755
2091969220,0.16304575229648205
2502960784,0.1620151917000371
1931006864,0.1615896705658444
2501280794,0.16061294413878935
2499526674,0.16008344741050115
1434205013,0.15952687783732447
2501858094,0.15952603485221922
2092844674,0.1588973078170367
2091219345,0.15866163887514076
2502398787,0.15849114432011677
2095456105,0.1581934771900568
2499565314,0.15692582663136684
2093058715,0.1566667010827011
2094609673,0.15660211688303846
2503593514,0.15657698247632051
1427668517,0.15482721237877997
2093019674,0.15391601949323985
1932565187,0.15343247513125352
2502945472,0.15324062908485286
2096245027,0.15245418644620826
2500446523,0.15237570044945076
2091198542,0.1522671644601078
2092816452,0.15213478542146844
2502285065,0.15198744957044286
1879885040,0.15167847560617573
1432862417,0.15156136273038084
2096239854,0.15124188324580856
1930927103,0.14866867422387411
2501499422,0.14858850030016507
2501534095,0.1480964121822211
1433119840,0.14790570125936772
1879154265,0.14785657985552575
1931597893,0.14521043965506206
2502339380,0.14475503654332383
1879872574,0.1439204108221991
2095380191,0.14268060718060546
1879825677,0.13925369668174348
2501839464,0.13874473571314025
1934304161,0.13871307300260868
2503363640,0.13744780026275916
1932610242,0.13744675724238387
2093908291,0.13711840650546145
2500224242,0.13438216486071883
2502045415,0.13404870818208076
2092882033,0.1333644989537484
2502930392,0.1293057546327343
2093975224,0.12884049792285163
1434526570,0.12810305294161656
1932572455,0.12513247704475786
1434695170,0.12502459519636058
1930186570,0.12449351990640646
2093071201,0.12356874929445177
2500672331,0.12131740797406518
2503742561,0.1200789501716638
2093872135,0.11922215775589913
2500852943,0.11779323227001713
1879144275,0.1156549733473509
1930152361,0.11324097877745112
1929306775,0.1126761012960779
2500245295,0.10752479021080585
1879171703,0.10660560262810112
1932497115,0.10477947423976858
2096222114,0.1024581627834273
1432689460,0.10209062011490715
2501479393,0.09972103680976711
2092936351,0.09773258050158617
2503272264,0.09613045441396131
2095337601,0.09384185632891426
1439369701,0.09315165410024911
1433211285,0.0855835576720357
2501621927,0.08461639538458349
2093071285,0.08271561372355347
1934307703,0.08073142599991645
2501855275,0.08026497988178917
1934312014,0.07497814839042613
2092025545,0.07456808294550607
1427634153,0.06671063941083495
2503354812,0.059172377242308886
2091258130,0.05676975055010992
1880495803,0.05675998733955094
1930157224,0.05191072365503078
1879133713,0.035419808357320615
1879859157,0.026478699192435163
1931594502,0.021872023810479722
