user count in community:2693
Topic id:5,Representation:0.737455952797267
userid,score
2499303891,0.662416434384396
2503615694,0.6485387312391673
2502822742,0.6378842529289077
2502316690,0.632230317262723
2501655084,0.6321624157082628
2503718475,0.63078085400376
2502054835,0.6290492697195473
2503789574,0.6277777018212668
2500206542,0.6245451128129114
2500212710,0.6239783060815272
2502668812,0.6218075737528593
2502972784,0.6199248677653695
2499479641,0.619536359606275
2096218634,0.6162966498379803
2096238664,0.6137498088501186
2501616304,0.6120284285349114
2503401552,0.610786693025631
2501209342,0.6103422624002313
2501580822,0.6091046284152181
2094646635,0.6080806634603159
2093967037,0.6074131252262324
2094644051,0.6073931789875336
2501353714,0.6073806199355577
2500155602,0.6073484679880301
2094641523,0.6060889894828007
2503351750,0.6049485694807172
2502471393,0.604366937237275
2501524180,0.603375645450986
2501282453,0.6031177134690777
2503847682,0.6016287689778259
2500823070,0.6000130701984824
2094698452,0.5996396538933305
2095439577,0.5990448722177656
2095406713,0.5989286384634452
2503846183,0.5980087492995919
2501886235,0.5969518003292565
2092768147,0.5967982826851738
2092995855,0.5964733930662852
2092824144,0.5960633585330838
2096207992,0.5954582394475598
2091984891,0.5950192511184905
2093900827,0.5947673142953658
2499360504,0.5939000461237858
2095378413,0.5919426629971242
2091977392,0.5917898089567611
2091252947,0.590644395621275
1932541573,0.5886330327653112
2501607020,0.5885211348677244
2503567480,0.5884772879470764
2502892431,0.5878584156744339
2095406881,0.5871894924531972
2091204291,0.5869176177125249
1934307724,0.5867268751870833
2096259843,0.5865818241717641
2096262830,0.5864755523267594
2094685961,0.5864529982226949
1933528515,0.586440371724748
2093967510,0.5862282161383259
1933590363,0.5846419375947707
2091246714,0.5844388628747559
2499646840,0.5842835953317022
2096185777,0.5841767287615731
2501698365,0.583907020702447
2501869350,0.5834532122695917
2092995194,0.5833799941204317
1932498447,0.5828119988591894
2093959901,0.5824258938495046
1931620197,0.5823322458817448
2094651713,0.5820825416924881
2501496503,0.5816082985232751
2499266922,0.581270481902422
1932427615,0.5809921297160263
2092775851,0.5804466379580043
2501004621,0.579805806291656
2499488247,0.5796557699254306
2499278570,0.5790050666341273
1932456487,0.5787412701341583
2091963161,0.5785112402880411
2499553550,0.5784151726875908
1932568343,0.5783627513767977
1933501672,0.5782869913558834
1931024783,0.578175420619664
2091237372,0.5770833081995466
2091969387,0.5770769405789602
1933549843,0.5768082580152023
1932457627,0.5764628637739398
2095463592,0.5760812095520451
2093083712,0.5748764127842675
1930198160,0.5745142162294484
1930982315,0.5741608341431406
1933560215,0.5741223018359055
2092033437,0.5732328921615986
2096218723,0.5731993077973546
2092025971,0.5731458696233982
2092846992,0.5731356079240464
2502053444,0.5730966230020019
1931677815,0.572783473930272
1930253957,0.5725210325574932
1932500584,0.5718845870685838
1931681182,0.5718431430163635
1930138403,0.5717886324493946
2091275554,0.5716292712911921
2092883925,0.5714824880363957
2499601602,0.5714321047991926
2092038275,0.5712909891102798
2096237447,0.5712308400572246
1931640457,0.5704439521730073
1930971255,0.5703698012040792
2092852901,0.5701841459068643
1930978534,0.5699520936173912
2093919727,0.5697397216899187
1932452561,0.5688601849797333
2091988750,0.5683466831600632
2500922010,0.5680441158765377
1932505013,0.566628082001721
1932450391,0.5665337273294202
1931008083,0.5661396136301834
2092780115,0.565994615588019
2499718200,0.5658214175907674
1931686391,0.5654150758126585
2500178713,0.5650667536506635
1933491755,0.5650072006120043
1930990001,0.5648833603324082
2499547555,0.5647862192615287
1880503622,0.5646995973341715
2095430435,0.5646746672435219
2503751580,0.5645432833530061
2501793810,0.5643922631748647
1931654123,0.5643378128965054
1880476002,0.5640030740718099
1932556065,0.5639209166601326
1932610080,0.5639056202296575
1932575485,0.5635000427358023
2092884813,0.5633866184767252
2503199797,0.5632480070221031
1931645227,0.5629636028273918
2095424613,0.562950988336322
2095453367,0.5624196520084158
1880440770,0.5623721168370747
2091984467,0.5623089403473465
2096202780,0.562267920799383
1932549361,0.5622234124787574
2501331684,0.5619292721020052
1933525414,0.5614731224992776
2093079835,0.5614210853752656
2499480752,0.5614081341581804
1930939995,0.5612894799983414
1931646343,0.5611697062199787
1931588261,0.5610832438841364
1933521987,0.5609807092607577
1930953733,0.5608095086294541
2093078171,0.5607273677776574
1932578094,0.5606817820010915
1879903515,0.5606786979976658
2093875080,0.5603245902094589
1931619101,0.5602883196989077
2502850787,0.5601875786763202
1930944562,0.5600701080940815
1931002220,0.559996450776931
2092963791,0.5597416929040896
2501037812,0.5596248379206699
1930997573,0.5593743086008925
2502232464,0.5589899381140685
1930217551,0.5582862622568151
1879908932,0.5577688883486264
2093858462,0.5573748734307217
2502383664,0.5569977490790974
2092951285,0.5561376970545164
2093029673,0.5560810065577116
2092878740,0.5560427535478499
2501846295,0.5557234248132995
1880479080,0.5554406098864293
1879202050,0.5552706881832649
1880521683,0.5552087547938034
2091270821,0.5547878442385731
2092756274,0.5547512007918899
1880469012,0.55454922593923
2094629835,0.5545183485264631
2093049490,0.5541799977091965
1931011233,0.5541283978080793
2092083621,0.5540237367963099
1879845963,0.5538414701206316
1880491875,0.5537377478102231
1934311923,0.5535879663096682
1879861454,0.5535262956475987
1930958281,0.5528933609962864
1879768104,0.55284624562499
1931017185,0.5527455086163762
2092833354,0.5527378858725998
1930996643,0.5526001402418054
1933517301,0.5523098991830326
1931633151,0.5522858268556693
2502503880,0.552086274621106
1879802041,0.5519858732158356
1930969773,0.5519519094253468
2094610030,0.5518285224849715
1933491244,0.5518175756315213
1879841492,0.551677017840746
1932449774,0.5516552782363058
1879797933,0.5515844744492303
2092011162,0.5515508223487084
2501989382,0.5515438448382873
1879182765,0.5512212585328667
1931026140,0.5507716175618059
1879890940,0.5507698393594774
1879835433,0.5507304147162233
1879174884,0.5503990987780202
2499211421,0.5502637632307446
1879191871,0.5501012508242201
1879137657,0.5500483354408182
1880443441,0.5498230038803966
1880534613,0.5497757371017649
2092069575,0.5496118952890746
1930222465,0.5495688417103307
1932645275,0.5494122283595138
1934304382,0.5491803126210277
1932542753,0.549127895358913
2500866724,0.5488267593961264
2499534042,0.5486658593556302
2501751000,0.5483350732978776
1880510905,0.5483305946565901
1879241787,0.5482880941242544
1879148700,0.5482691469583614
1879135063,0.5476616482607127
2095367872,0.5475925872246341
2091955322,0.5474256801324354
1879207284,0.5473659285531284
2095458867,0.5472549763330982
1930232087,0.5471258374324939
1931012337,0.5471057462335499
2091195395,0.5470149980764764
2502768851,0.5468566431969195
2095391795,0.5468332903968088
2502464201,0.5467696662163919
1931648751,0.5464914335268036
1879790140,0.546359939911269
1933519427,0.5462155822458559
1878581001,0.5452612524587138
1879789243,0.5451741119257777
1878574921,0.5450278958545554
1933572564,0.5447941909137087
1930974695,0.544704998261229
2500509887,0.5445388241792246
2500643587,0.5444584367514558
2092918875,0.5442828323839644
1879193544,0.5442177495464234
1930188871,0.5441261131474248
1933500367,0.5441234360872031
1879174594,0.5440247798129361
1879126995,0.5438181663814436
1879872902,0.5435400786473236
1434732514,0.5434423203431031
2501343091,0.5433783267743251
1879775550,0.5431317696892143
1439422443,0.5430428167755247
1933582313,0.5425826465243431
1434419591,0.5425527295383994
1879811431,0.5420125745072089
1933496767,0.5420014312255961
1434426213,0.5419637726209945
1930157535,0.5418213646136923
1934322373,0.5417930373984624
1433378471,0.541716673387312
1433230401,0.5417011171913788
1932541935,0.541167259431163
1879129987,0.540963988593935
1879167282,0.5409254073607337
1880519011,0.5407868229038142
1930225351,0.5405984994842488
2499565614,0.5405909365492402
1439551730,0.5405283610267144
1930189123,0.5403395948290207
1879154851,0.5401811953476033
1439371020,0.5398076158624597
1434559965,0.5394834884641546
2096185780,0.5392370347401428
1880544807,0.5390357345755046
1879886614,0.5389715743911241
1931592542,0.5387173570699791
1930246545,0.5385952443876292
2091183973,0.5384389530598324
1879850750,0.5384196218039493
1932568125,0.5383966786844284
1434732715,0.5382239917716177
1433417231,0.5376149982557493
1879834875,0.537534757453667
1930148521,0.5374713984797108
1434424964,0.5373173402343628
1932526717,0.5370728074420914
1932526457,0.537016679574447
1878584035,0.5369049574580496
1880457192,0.5367816288722648
1930228511,0.5367585113553548
1879214497,0.5367053990574957
1434421631,0.5366286207503879
1879774574,0.5366203959960785
1933521161,0.5365673513613707
1433650865,0.5362858845237947
1878604512,0.5360750436614001
1434447807,0.5357180500841446
1930158634,0.5356188014559304
2503819115,0.5354118966276041
1931691851,0.5352610637928367
2503478215,0.5351982541250614
1880507192,0.5351139026540306
1434642151,0.5349337434192363
1879785245,0.5348595691683928
1434351692,0.5346726602902704
1879184891,0.5342376208242582
1934322984,0.5341274726587818
1932496917,0.5339571938027522
2499205517,0.5338259121358522
1434564737,0.5337878726771969
1434566994,0.5337263921419236
1433935884,0.5336068855023387
1879901255,0.5334624593902849
1880501980,0.5334564926556524
1427900227,0.533374608868057
1879884974,0.533317224625409
1879200961,0.5332763246958082
1931026252,0.5332090193253026
2093987277,0.5327270332536905
1434243861,0.53266509435719
1879813020,0.5325611710920097
1434755755,0.5323918423020956
2092067403,0.5323214652323731
1434419542,0.5321547864386181
1433606504,0.5320444748207922
1432622982,0.5319208108062422
1930999350,0.5315392222725165
2503589982,0.5313318241515916
1879813224,0.5312209353560328
2093991530,0.5310961058173277
1879213093,0.5309425927405256
1879158530,0.5308348986738188
1879770454,0.5302339351066804
2499252610,0.5301311881740934
1427592300,0.5299663009847527
1931590410,0.5297772031896991
1879832410,0.5294198333390234
1880522272,0.5293706874287949
1932544583,0.5293361495849263
1427848567,0.529296930042462
1879794964,0.529250990604992
1878582655,0.529001472076884
1433043994,0.5289892337605819
2502955270,0.5288283799663139
1439532923,0.5286961650347184
1879145080,0.5286594969071233
1879145580,0.5286065969700228
1933505515,0.5285317110443628
1434557285,0.5285075452485297
1879177731,0.5284554018220985
2091212663,0.528384122442833
1439331640,0.5283412409012331
1432691295,0.5282230795389431
1433138330,0.5280578822453894
2502636873,0.5280515966413237
1432805264,0.527961321904105
1879155530,0.5277034581310833
2092799092,0.5276678035252113
1879876820,0.5276645510288224
1427682987,0.5276552563152042
1878586385,0.5273369642152527
1879836662,0.5273319175215263
1427785057,0.5271150088063901
1433218652,0.5269938762196448
1879176392,0.5268923606838617
1427590831,0.5268254213703166
1879133002,0.5267267644980115
1433933491,0.5267251754859682
1879162233,0.5266042731180535
2091181713,0.5263949510236771
1879784077,0.5259392566072224
2093863414,0.525633923460362
1433751803,0.5255884810248795
1931607770,0.5254301818598727
1879843151,0.5254251103457342
1439595414,0.525324433102482
1879192453,0.5251879840723558
1933509284,0.5251037094658771
1434199081,0.524944000963375
1433310914,0.5247328773085432
2503735491,0.5246775893038688
2092939483,0.5242425604194116
2502885197,0.5240043086486913
1434771544,0.523824100375698
1434541951,0.5236363896818312
1934315867,0.5236008866863349
2091197941,0.5235556868940178
1879183244,0.5231896390897142
1434263584,0.5230961743590994
1929307083,0.5229593486670309
2092864580,0.5229547750848641
1880535191,0.5229164644432084
1880476793,0.5229149874445762
1930955494,0.5226837791027829
1433653314,0.5226341647077232
1930148975,0.5225373493607073
1879167280,0.5221962697061094
1433866004,0.522076224878633
1930940544,0.5218171757839047
2502835711,0.5217610458269715
1433560783,0.5217603269338988
2502472000,0.52165297843744
1433478450,0.5215848950936446
1434345395,0.5214166369851102
2502294542,0.5212355036776259
2093935072,0.5211255896503131
1931670622,0.5210799755007374
1879797891,0.5209652742159976
2092775401,0.5206768450158937
1879908067,0.5206168158937722
1879908332,0.5206145528045798
1433305461,0.5204735807343447
1879804230,0.5203988845715811
1880455814,0.5202078136090383
1931666694,0.5201483505603617
2092824721,0.5200658145469613
2093968013,0.5200585051938693
1433714461,0.5200459785347071
1879145085,0.5195692480723817
1879143957,0.5194596645101064
2502643273,0.5192628452014386
1880466742,0.5191976767184682
1932499721,0.5189439742001021
1878577960,0.518712713364101
1931003013,0.5186562238704701
1434766840,0.518579230313554
1879847300,0.5184185106987921
1434564321,0.5183244907412222
1433345865,0.5182484045460115
2091181502,0.5180563286800972
1433518063,0.5179018238376838
1879204481,0.517900320166503
1434747404,0.5178596984272245
1434348073,0.5177902915625906
1879128591,0.5175243956525093
1433174390,0.517268950341673
1932584891,0.5172344423899192
1433088241,0.5170014639395515
1878593964,0.5169563632421579
2502647937,0.5168838915851174
1434228821,0.5168457679002021
1434137012,0.5166997038682922
2500991562,0.5165414610487584
1879156402,0.5165241127979385
1932470601,0.5163118780588647
1880491662,0.516108277027383
1879824034,0.5159780762204172
1879134031,0.5157319901506633
1879792962,0.5155222142885137
2094619862,0.5154907011942937
1931671902,0.5153978714765004
1434203610,0.5152615121479243
2093978254,0.5149490018283356
1434190202,0.5148451615663973
1879184517,0.5148212218631562
1879243234,0.5147925323646119
1433833077,0.5145635495276352
1433496540,0.5145252388566953
1879204733,0.5143643993407895
2092926110,0.5143491673114178
1432785024,0.5138361790401286
2091227401,0.5134154143709695
2501247791,0.5133741575077134
2094562911,0.5132744791288695
2499496530,0.5132407405908327
1427716985,0.5132397238795402
1931633462,0.5130925279190178
2092843825,0.513077965040978
1879806462,0.51289195140182
1880442072,0.5127812498538004
1879130233,0.512710361351231
2095336533,0.5126928301586601
1878586877,0.512661297180041
1879903355,0.5125290885304213
1931658307,0.5124775646993658
1879135361,0.51231530483923
1434420081,0.5122645974784609
1434510235,0.5121696047176615
2093031417,0.5120976793376937
1880476042,0.5120825972272438
1934320697,0.5119774346810427
1880450772,0.51163756091315
2091282502,0.5114306664386691
2095485922,0.5114305071472043
1432735085,0.5113806344880465
1879849895,0.5113459337086036
1433228560,0.5112830310031642
2093888471,0.5110218476591706
1930245992,0.5110037352806112
1879241531,0.5109987380852705
2503922437,0.5109906292379327
1879220321,0.5108819048845581
1930950300,0.5107003442541705
1432674253,0.5106757333488476
1880520570,0.5105814127064349
2095363141,0.5104902397670031
2092021465,0.510180876403724
1879155935,0.5101376239088797
1931627153,0.5099460141392216
2093941700,0.5098210068430177
2092837295,0.5097867425335173
1930969033,0.5094497927298199
1434643147,0.5093732673601147
1434559737,0.5092610897254163
1878597082,0.5092502873062156
1879828401,0.5087005115189743
2502294870,0.5086268344059869
1434426421,0.5084773934551994
2501582641,0.5084475696044637
1930225993,0.5083668388020083
1879806221,0.5081387664345284
1427701864,0.5080360387877157
1933526635,0.5080063107516721
1434282604,0.5079846937368863
2093906730,0.5078671566117986
1432936420,0.5077574862565464
1930940283,0.5076453546033206
2502445640,0.5074942176851146
1879840172,0.5074573822002207
1434251832,0.507420353590854
1433596983,0.5073642016460459
1433647611,0.5073194299853941
1879839551,0.5073061941126847
1930211315,0.5072691565421289
2093066435,0.507149091156249
1434502651,0.5071393753525302
1433801405,0.5071326192041441
2091191900,0.5069055953713856
1879167022,0.5067337812614987
1434504367,0.5065607345762804
1427837635,0.5060566213979779
2092943774,0.5057855318935383
1427758353,0.5057425273723571
1880503964,0.5054633438051982
1879805097,0.5054123704973216
2499290194,0.5053828850901059
1433506392,0.5050882679711544
1879837111,0.505050626184223
1433305747,0.5046191772236875
1433764400,0.5046180054694908
1434510764,0.5046124046956529
1879152222,0.5046092048612943
1880451887,0.5043937063046987
1931606564,0.5041353595313166
1879770050,0.5037929478286528
1880456120,0.503764912960494
1934323725,0.503762493233742
1879174047,0.5037568098722548
2499670200,0.5034685359989856
1434224753,0.503447892621289
1879786732,0.5033668241194261
1433341422,0.5033611093906434
1879894420,0.5032261998198045
1879170940,0.5030758709819985
1433668467,0.5029000026680595
1930193667,0.5027460359520614
2502160831,0.502701553531651
1434177157,0.5026528911680557
1931638773,0.5021992997086836
1879171152,0.5021981703645878
1433899854,0.5020484478924758
1878596574,0.5019459562588575
1433668703,0.5017868762571108
1879197002,0.5017456941636884
1439316504,0.5013060218946898
1879159590,0.5012452065849242
1434730644,0.5011266022399801
1930154233,0.5009782726624683
1434498742,0.5008688947356552
2502174845,0.5008606050265711
1434000397,0.5008014221269287
1879134392,0.50078428953543
1433057603,0.5004956239508168
2093853633,0.5004214669966159
2502314732,0.5003687227243931
2094624710,0.5002499017247902
1879187595,0.4999405973927555
2500953563,0.4998977087980657
2095464127,0.49983147107337045
2503749404,0.4996241988889988
1878588667,0.4995251209152566
1931008920,0.4994136202084109
1931688311,0.4992645764894599
1880459165,0.49906721747540356
1879198502,0.4989397751487567
2503066912,0.4988920782183157
1931657053,0.49862313192688995
2502235304,0.49859258561213476
1930981985,0.4984589709385453
1878592927,0.49807394687725676
1433646237,0.4980277189101878
1879160491,0.4979855609723136
1879149511,0.49798215832277304
1434066772,0.4979531218744266
1879773981,0.49787574928057315
1432947320,0.4977626039107538
1932459383,0.49770394401136037
1434721137,0.4975653430623696
1930184464,0.49740629683890436
1880447342,0.4972100671175894
1878583115,0.49713809227136435
1433277800,0.4968162003777472
1433594093,0.4965214508813248
2093022531,0.4964705189844075
2091214637,0.4963743189821269
1879194601,0.49616104630283453
1879150955,0.49615644932855996
2501820164,0.496064770601837
1879200502,0.4960052858982875
1933514114,0.4959717272454663
1879781792,0.49566368862538507
1930248343,0.4955726733834675
2503079482,0.4955620595791046
1879777673,0.49542801593822827
1433341277,0.49525510877184503
2091995703,0.4952533795856307
2094655364,0.49522310348449833
1879861982,0.49515014348602376
1879134130,0.495031937437747
1879234880,0.4949360640158845
2502160832,0.4947781319502849
2093003253,0.494751019546451
2503738814,0.49469179632055177
1879880354,0.4946477231979438
1879166904,0.4945368642075314
1439377027,0.49436923932518534
2091261215,0.4942651996921606
2500103512,0.49425568068449777
1879203637,0.4941991120457585
2092030383,0.49406961958339984
1931015301,0.49389915800038725
1433637537,0.49379388540495167
1434711685,0.4936257967363061
1434081092,0.4934987726734294
1880507755,0.4933350809279289
1879130405,0.49322120498398175
1880538780,0.49314296477866126
1434114220,0.4931032592926834
1433962915,0.49309766282631157
1879212093,0.4930785994171829
1930253297,0.4930417313097623
1930149441,0.4929156183494512
1439482777,0.49276053762487115
1880451182,0.4926354141485439
1439385562,0.4923667749944466
1930140375,0.4921929829054151
2093026454,0.492073680147074
1880495045,0.49192403133451745
2091973893,0.4917534424982831
2095433595,0.49155582150494226
1878579107,0.4914343194484635
1433229632,0.49125574653622134
1879810073,0.49118083441515825
2091241342,0.4911044179773899
1879193925,0.4910745150010067
1879823630,0.49105360709643553
1931616813,0.49103528420102294
1880518065,0.4910251330177292
2092789061,0.49089438291391224
1879224264,0.4908850768955282
1427860691,0.4907442438009048
1439387340,0.49067257851413953
1427890455,0.4906036039682207
1879165097,0.49030140931973265
1879804590,0.49009528983193684
1879126244,0.49004003989150813
1433286642,0.4900094311108134
1931626407,0.4899109135316236
1879161730,0.48978669474253506
1930965767,0.48976654343940895
1434460071,0.489506782787037
1879150034,0.48929326149413765
2091198994,0.4892323400192118
1879856853,0.48923000835314
1433845555,0.48921122479382567
2500496697,0.4890180943907085
2093056471,0.48867829435732524
1433852991,0.48856069229638366
1930229825,0.4885032550017426
2502081387,0.4883856928595947
2096191451,0.48804507084013826
1879838192,0.48797532565589785
2503515913,0.48795268336138115
1880442022,0.48774505761023845
1433265597,0.4875858991388771
1933568354,0.48733327694149847
1433428820,0.4873066896350371
1427834320,0.48728038536365176
1879168733,0.48710352162950765
1433758267,0.48709584725585486
1930196420,0.4869159574335057
1434531735,0.4865584407993328
1879136302,0.4864990826307578
2499846657,0.48645580485916806
2502850823,0.48590369461412175
1931010914,0.4857570269912725
1879199295,0.4854327679317722
1434566265,0.48533594934565444
1879129565,0.48488889263376483
1879837990,0.4848306890969964
1434118543,0.48471713117235793
1879882810,0.48465063633080524
1932459814,0.4845100010231672
1433631280,0.4844481858249317
1433730470,0.48425527737554497
1427864321,0.48384005155545917
1930180122,0.4838062012114278
1434660360,0.4837652286818186
2092806983,0.48371165410875566
1931665431,0.4836819440180819
2096244891,0.4836715523180654
2092077323,0.4834228190013156
1878581232,0.4833586315676887
1434307681,0.4832591739612418
1434750034,0.48320449574726837
1933516095,0.48311916556910345
1930149945,0.482969398408827
1929317197,0.48258503591878243
1879882765,0.4822869677265964
1439451013,0.4822252106169465
2501577444,0.4821335795269256
1879139004,0.48194499117308687
1880512414,0.48187266515774446
1433758735,0.481802961617091
1879132835,0.4816524935432103
2094602937,0.48159011924254197
1434747630,0.4813022993861531
1878587233,0.48123274049867776
1879835622,0.48117639205253515
1427854112,0.48114638210710076
1934300967,0.48113685506670995
2091233253,0.48103164454534436
1930137013,0.4808916487811118
1433554382,0.48087633859877316
2091998194,0.4807332897000896
1930207255,0.48063011967041513
2092066705,0.47991001764905267
1880507171,0.47989595490226855
1930175220,0.479693542551785
1880532555,0.47968169085739865
2501605592,0.4796418801150424
1879234602,0.4795029517822728
2501743761,0.4794270440208359
2502018002,0.47928890458273227
1879911024,0.4791477420321182
1433134215,0.47896978170761617
1879142160,0.4787838212213026
2502509532,0.4787687727908777
1434420062,0.47874026936806763
2500406050,0.4786981657935357
1930155762,0.47869174087585303
1432724711,0.47867723025370273
1434536551,0.4783855679222948
1433965811,0.4783461856223704
1879146051,0.47832416555377366
2095477823,0.4780629796264365
1879151193,0.47798772572943415
2499448075,0.4778780332910722
2500185220,0.4778680904454356
1433304605,0.4778141489834833
1931687261,0.477762360795229
1880501330,0.4775820053464401
1932645644,0.4774549136633609
1439386423,0.4773931434862537
1932432055,0.47720543555472317
2093091603,0.47716889846885174
1432725760,0.47711767483265977
1879200053,0.47710321350583296
1433219737,0.4770660150026638
1930245924,0.4766254634097986
1433872087,0.4765725498737377
1433070232,0.47656963397032626
1880536125,0.4765586552069252
2503112265,0.4765142100262659
1931612277,0.476383623939797
1434701294,0.47637038216379884
1434768663,0.47631311095692674
1434660721,0.47629788957676017
1433603622,0.4762586407958803
1434763932,0.476115911501196
1930945923,0.4760114552293236
2092091702,0.4758487186104837
2091288993,0.47578242339738747
1433575465,0.4756809308010617
1931656571,0.47557267453478375
1934309274,0.47556911905328275
2502443574,0.4753305328053396
1432718793,0.4752762374957468
1433999665,0.4751561661093847
1434717217,0.47510637796289523
2091954005,0.4749611079311026
2095416123,0.4747592037910387
1930948044,0.47470524711313744
1932481025,0.47454799831745165
1878580667,0.4745256449196392
1433959054,0.474512596868948
1933567755,0.4740520947778684
1427751511,0.47396019481963153
1930958202,0.473902596719377
1433864152,0.4737386117677755
1427830533,0.47372071901261037
1432612955,0.4737142660953346
1880494383,0.47369271676898705
1879139463,0.47363167745874163
1879903004,0.4734738037189716
1930237825,0.47347237311726953
1879215861,0.47346589547976525
1880427535,0.47345254358885314
1434184805,0.473432244729952
1434392503,0.473400943546291
1930963823,0.47298136135004565
1880450407,0.4729055055082574
1879876312,0.47268621567835245
1433163723,0.47266949183535706
1879768342,0.47265313148252347
2092029500,0.47255819056931897
1931594170,0.4722131247303927
2500192650,0.47211297827385923
1932585327,0.47203381644915604
1880459891,0.47198250271919934
1879179924,0.47190335000662187
1930253713,0.471768639005132
1879828145,0.471735633956515
2501851064,0.471719605836578
1930195211,0.4716344002664926
1879769734,0.4715987969186094
2092895693,0.4715298111076621
1434634922,0.4714855906587442
1932468252,0.4714577167295668
1434180100,0.47137528563642594
2503697704,0.47130049460352585
1931634564,0.4712925219937933
1879210305,0.47115071451867935
1878578202,0.47085481305731985
2092043947,0.47079541972014954
1879864903,0.4706996787770171
1879225765,0.47043384372140096
2502530682,0.4703854359509876
1879868534,0.4699748647665277
2092087977,0.46994137576658296
1434282653,0.46983511849599296
1931643607,0.4697424404771811
1933601152,0.4696749635843896
1879861867,0.46960720336276096
1934312607,0.46952811458677807
1878577443,0.46950820687050093
1439591115,0.4695009080367264
1434456800,0.4694970942244544
2500857540,0.4693662326719978
1879128395,0.4693445275306068
1880449090,0.46934070015362006
1439521832,0.46930906632659736
2502723563,0.46924360801920756
1879875315,0.4689435210318282
2094676837,0.46872279439958137
1880452731,0.46861625234249576
1879187742,0.4685920435765417
1434289237,0.46854387109657647
1880512672,0.4685196831616832
2501518671,0.46844897780889194
2501439933,0.46842710406074534
1439626837,0.4683975496692664
1932434035,0.46836159349829665
1434440064,0.46825445348515093
2092000735,0.46819822217733964
1879802107,0.4681786870152354
2092050097,0.46815558410278274
1930202785,0.4680999282999273
1434338352,0.46780047810004516
1933562353,0.46777153753154394
1433552760,0.46773363034439824
1930190805,0.46767451590596704
2503623450,0.46758664907599706
2500109674,0.4673883646788079
2092769347,0.46730965078765796
2092996530,0.4673029173218762
1930160684,0.46713460133817336
1433638020,0.4670361729902592
1930973297,0.4670297079948306
1879783072,0.4669959030717569
1433447725,0.4669606115691753
1930212491,0.4667649222014477
1434029707,0.4665210922268872
1933497425,0.4665150775626004
2501585892,0.4664253944483604
1433665610,0.46639443803044384
1930209777,0.46634025506435844
1879156641,0.46593959248779887
2499585702,0.46592836312974595
1880494774,0.4659245507232958
1433144245,0.4658778065807614
2093986285,0.46583126871831915
1879900374,0.4655502659862788
1879768804,0.46548421763341297
1433205823,0.46541405381226847
1432785783,0.4651576858450592
1880474951,0.465130988964977
1879237691,0.4647126777696031
2092876215,0.4647039137502022
2501506624,0.46448878599473764
1932517774,0.46447907659826004
1433996671,0.4643115537646347
1433063440,0.464161303143746
2092998852,0.46403804548922734
2092045355,0.4640250361462433
2095489837,0.463846722920762
2093987732,0.46382636061354793
1879207025,0.46349735023487826
1434341077,0.4634276360876966
1434119177,0.4633790741119076
1880528621,0.46336762453797664
1930932124,0.463358551772048
2092063751,0.46315474938737405
1930139031,0.4630956314519923
1930141241,0.4628543944202626
2091221131,0.4627322310112507
2503803340,0.46268604354975806
1879171053,0.4625977850439279
2503862422,0.4622108617588224
1433483257,0.46213109541740693
1879910222,0.4614822453684478
1879173071,0.4614091130558605
1930178262,0.4613006366200821
1930984960,0.4612324765927474
1434642131,0.46121878573903435
1930947445,0.46097952304544737
1433595894,0.46088378760018395
1933502173,0.46086997859214274
2499646710,0.4605063364877537
1931685907,0.46039729694321413
2093867161,0.4603749139092962
2091989041,0.4601988103276316
1880424747,0.45999063027783527
1880512827,0.45982932908488544
1434143190,0.4598239415587597
2092820791,0.4597276098554688
1434704997,0.45971030694796666
1879211305,0.45968594604276347
2096226313,0.4592737176854715
2093877881,0.4591903744749282
1879217884,0.45907589515330977
2092756995,0.45901363475795526
1434104447,0.45882667473317357
1879857984,0.458826059842975
1427871170,0.4586246750140033
2093014723,0.45860973683261236
1879844885,0.4585212005614787
1432663931,0.4584180843459739
2091252791,0.4582981314062731
2091997843,0.4580915253015242
1427699837,0.45804272628468035
1934322781,0.4580000686759074
2500293390,0.4579674506037022
1433657347,0.4579324429677908
1879140633,0.4579178435297049
1879135614,0.4578803744086945
1434410281,0.4577936914380013
1880532025,0.45755343554158057
1434604293,0.4574652088352174
2095348250,0.4574106180932889
2502140135,0.4573111654788825
1878585421,0.4573003837998377
1439506484,0.45721638766748046
1880466722,0.4568413564826889
2093971127,0.4568365356922228
2092880315,0.4567098828719808
2092903852,0.45655393944440775
2502015954,0.4565186320667024
1880504060,0.4558397531521998
1933549441,0.4556856225994393
1878599187,0.45562713722716724
1432616984,0.4555214040532712
2501321532,0.45536431841494424
1930187431,0.45518116183825086
1931641951,0.4550603300147413
1879169402,0.4550432621884049
1930228875,0.4550270948605959
1434585263,0.4549335442685348
1439430370,0.4549275719106717
1930244925,0.4547753413931654
1880506000,0.4547044115457226
1879841224,0.45466354076001586
2092073525,0.4546553797577751
1432702001,0.45455228070980236
1427608695,0.4542814182611043
2091217625,0.45424238543533607
1433393804,0.45423034719870403
1880544771,0.4540380719040976
1879235277,0.45397399400603583
1879791110,0.45383351375315595
1879860222,0.45379143714519987
1930182093,0.4537687248025566
2501503710,0.45371903292614885
2091184465,0.45364689832757493
2502198263,0.4536038157997067
2092873110,0.45349065268095756
2092940467,0.45343560247622117
2093867111,0.4533805056440047
1879145194,0.45336624668840436
1929308057,0.45332456673429766
2502212842,0.45308525547250317
2094673571,0.45298813260506815
1933532702,0.4529843750071495
1880543295,0.4526661262313629
2499664711,0.45240652565081196
1434461050,0.45205724727254964
1880537700,0.45203037181059724
1433032465,0.45192370730130027
1427869902,0.4519231625156496
1433685875,0.45185085008904613
1434639643,0.45151748096618977
1879139245,0.45145463541406106
2092038660,0.45132182981763264
2500949670,0.4512309123039616
2091256597,0.45121011066584454
2091978871,0.45112304087762717
1931599557,0.45102235472275976
1434720022,0.4509857156529848
1930196795,0.450838479291345
1879199610,0.45065382533263765
1433237377,0.4505798122351969
1930988275,0.4505052763799991
1879232854,0.45047310105544547
1879154217,0.4503080277335869
2091969695,0.4502999926489264
2499544204,0.45019677982053435
1434231522,0.4501449395409433
2092914524,0.4500662572664427
1930149725,0.4500609806203841
1880443285,0.45001782109580735
2501792972,0.45001714367161305
2092790224,0.4499683922974089
1879884724,0.4496610703753244
2093046393,0.44956027707905444
1933592057,0.4493448624085921
2500706622,0.4493433769512773
1934311760,0.44928756498648714
1433353080,0.4490585194836176
1434593852,0.448962170736849
1433536422,0.44887207204843593
1930201521,0.4488607972863304
1931635160,0.4485544690952097
2502909394,0.448551917937686
1434718541,0.4482097737249118
2501726952,0.44818364793769866
2499281561,0.4480103548758863
1433298592,0.44800594859564624
1880494010,0.4478782947772569
1432780360,0.4478222130288759
2502919853,0.44772891933519693
1434078367,0.4476657935002403
1879884332,0.4473692459582255
2095370230,0.44729676440216926
1434654963,0.44717167561723276
1433158597,0.44713540743687386
1880478602,0.4470898898455293
1880453697,0.44696305885162996
1879898995,0.4468187081362969
1879828032,0.4467003373864525
2092022164,0.44664404987689965
2503037367,0.44661900841453367
2503628165,0.44651262028714656
1434088937,0.4464697993314763
1932566162,0.4464479012578945
1879788732,0.4464293743352424
1427616842,0.4464272773739082
1427841315,0.44620607630703035
2092920133,0.4459787428146818
1434769525,0.44595014869221533
1880428513,0.44557273786170914
2091976587,0.4455665713485294
1439370650,0.4454895000488586
1880506252,0.4454663553554181
1433502264,0.44539989829003757
1930966837,0.4453845870694989
2500845182,0.4453373861834279
1433210537,0.44530914372806957
1880435202,0.44528472748315095
1434483330,0.44525437071633805
2094675562,0.4450490872563771
1433609564,0.4449311612231347
1931683174,0.44476282899194164
1930154655,0.44466521626019695
1433711954,0.4445757169391218
2503865540,0.44428416067947235
1933578004,0.4442452310680343
1880457402,0.4440634149407494
1933502477,0.44399864400037686
2092000505,0.44395638927516035
1880425094,0.4439212253770719
2502103375,0.44380996911392656
1880496205,0.4438047561448805
1930243203,0.4437067468664057
1931660912,0.44369691819466145
2503931324,0.4434682377034926
1879902534,0.44335442908305
1879862424,0.4430048973723005
1434757120,0.4429848236324755
1931694330,0.4428889809988903
2499477321,0.44288605838713596
1880501890,0.44283087999995524
1878596054,0.44244238960221405
2501473964,0.44221559027242835
1433466462,0.44176953360439536
2092080231,0.441745215656742
2091968363,0.4416298667499944
2092785067,0.44148515406358313
1434362572,0.4413693267472652
2503911060,0.4413396599882782
1433481133,0.44105445614620525
1933575493,0.4410271051311165
1880466291,0.4409798966361446
1433003152,0.44066697718576103
2499764350,0.44065520937199104
1439398441,0.44054150452397994
2093962151,0.44047368956514704
2503513380,0.4402161118121837
1433571440,0.43978411088093117
1432954130,0.43975978017144335
1434515530,0.43973105098879023
1434283474,0.43969162539839723
1427716044,0.43961814020619083
1933565622,0.4393891715593808
1931692703,0.4392572645692432
2092822234,0.43918010638788973
1433730670,0.43904757823286455
2501907501,0.43884592454798627
1932603082,0.4388017957359464
1879195004,0.43879151106041314
2500941035,0.43876027735116185
2091986131,0.4381603869071386
1878601113,0.43814422515484913
1879176385,0.43804620233826036
1434544810,0.4379793820094945
1879901644,0.43795310570983864
1932494700,0.4374077433684496
2093960491,0.4372490684642993
1930252473,0.4372335507880024
2094574507,0.43721822076542605
1434139611,0.43721607840288224
1933547367,0.43721209061860783
2500183222,0.4371103648734634
1434489412,0.4369905659068504
1879168323,0.43692748339605403
1433325045,0.4369220130963753
1930248475,0.4369088023108501
2500112881,0.4369008051939175
2502401514,0.436823886550023
1930214073,0.43674287583421584
2091196781,0.43667058446349527
1930145635,0.43661225300643597
1434418352,0.436566344470173
2501965674,0.43655630389420436
2503498813,0.43652997904171376
1930229561,0.43647589156722266
2093922244,0.43621409870435973
1434125854,0.4361756699115759
2502510552,0.4360827634432449
1933551953,0.43607718440571824
1932470121,0.4360688137540495
1930191663,0.4360477967129988
2092055212,0.4359853723596073
1880451044,0.43591739511183714
2499394864,0.4358763646935334
1879813564,0.4358587570872406
1879815392,0.4358098718293448
1879901992,0.4357353221788907
1433742643,0.435626357991818
1879192224,0.4355068133520979
1879190741,0.43543489033296273
1930948903,0.4354123411497306
2092776450,0.43538893405460316
2092003205,0.43534710007715344
1930987565,0.4352777250604424
2092971103,0.4352532682898373
1880453730,0.43524104091168225
1434273737,0.4351714604782757
1434717900,0.43502582405642987
1434425714,0.4349481492152982
1433447874,0.43485931610219825
1931658070,0.434806758611568
1878589902,0.4344999347803335
1931693170,0.43440131014260946
1878603930,0.4343797860626462
1931672847,0.4340201368931689
2093037167,0.4339770580726031
1879176622,0.43389311121929786
1930220551,0.43374822401854635
2091224645,0.43372891369925454
1879183200,0.4337066822857461
1879213375,0.43368713483335375
2503564502,0.43363209088417265
1880526935,0.43361140255211256
2092880551,0.4335331795655479
2093976291,0.43352843767342053
1931670620,0.4334707412754365
2092957237,0.43332733758644065
1930950260,0.43326851254263327
1932591893,0.4331491439457612
1880448245,0.43310704493805346
1879132554,0.43306927367534037
2499220427,0.4329927185068463
1934319687,0.43263317751104496
1433727052,0.4326166056336684
1439320732,0.4325390264533033
2096257231,0.4325129252719982
1880483405,0.4320050362347141
1879240773,0.4319101302528169
1879892092,0.43165465270543657
1879829814,0.43165451745834366
1932528183,0.43161483656779587
2095474875,0.43149413286179183
1930175471,0.43148155698459345
1879227784,0.43142297071821084
1433496890,0.43133550498185846
2499852404,0.43133027549304354
1931013913,0.431325091224702
2092991893,0.4313168388957211
1433562093,0.43109158954081817
1879812695,0.4310340482712382
1931655655,0.43098105628441935
2092858925,0.43091339988167693
1934304167,0.4308274611360494
1879904025,0.4306657173695731
1930164227,0.43062620359134446
1427605041,0.43052368943261987
2501079954,0.4303449369832141
2093864421,0.4302965983090291
1433810817,0.43001793011596484
1879771057,0.42973201786222764
1432791601,0.4297147097324932
1433710540,0.4296493572138736
1879820723,0.4295510159496324
1930985172,0.4294519594745319
1439497600,0.42942571630955145
1879157282,0.42934639180649414
2092794371,0.42919393655199634
1879141351,0.42917162022962396
1880502085,0.42905603853339763
2502307687,0.42868190318531346
1933577791,0.4281277693937247
2092012817,0.42805018373036635
2092756964,0.4277759182063651
1931639737,0.427469270638987
1434083793,0.4274218846941677
2502455647,0.42718038032484607
1427656354,0.42715918468228464
1930247287,0.42705547788083636
1434448551,0.4268683276336042
1434002060,0.4268288323576308
2094560147,0.4267032528332852
2500476697,0.42652896060567674
1879227964,0.4265031704171648
1879132341,0.4263433884127311
1434463354,0.42598297314409067
2502798614,0.4259503790971521
2092796927,0.42590788961330317
1933580580,0.42574917988670025
1434193271,0.42572715925336607
2095404687,0.4255933565281395
1427731845,0.42559278766651465
1879789757,0.4255587128697296
1930943263,0.4255142661692059
2094679910,0.42551018905566457
1879223355,0.42550735095317344
1433713134,0.4254757094357067
1931638380,0.4254615770590225
2500299700,0.4253838906589351
2499491461,0.4253110393746709
1931614801,0.42530142826480444
1933526915,0.42525402812833196
1880472723,0.4250851188376976
2094650971,0.4249816255141761
1879795537,0.42487124487062894
1931676901,0.42480874281309877
1879190683,0.42472910017219373
1932521605,0.4245509839488521
1930162171,0.42449605167243804
1879159682,0.4244754159458922
2092796333,0.424437860998554
1433072795,0.42441165965873145
1931022071,0.4243116699212304
1439358541,0.4242618008900306
1930953171,0.4238497971214377
1427718241,0.42379320495706047
1878595062,0.4236306495200407
2502255860,0.4236128492034783
1929310313,0.42326226258251765
1933591622,0.4229345862864416
2092093181,0.4228861898568557
2502859053,0.4226504965325203
2092811361,0.42257500621080274
1879821341,0.42240564912578976
2499230872,0.42201744576248773
2502731893,0.42189977566036313
1434388940,0.42185345425714066
2092803667,0.42183046058193585
1880482500,0.42171440584180214
2092983305,0.42149978106204744
1932513320,0.4214845825794088
1434067313,0.4214277617581707
1879145304,0.4213888469277408
2500168913,0.4213398030498602
2501830371,0.4209314526653746
1930170917,0.4207800991716475
1439362620,0.42069193735262755
1933509675,0.4206634079885282
1880514311,0.4205451383014699
1879879900,0.4203722983401326
1879890827,0.4203413613260868
1879829054,0.4203129358679648
1932548365,0.42014922227319185
2092028927,0.4199742202455838
1931679971,0.4198893199408923
1880530643,0.41980350237993597
1427778630,0.4197011044667976
1880439182,0.4196150477127835
1434182501,0.41925633809598184
1433128943,0.4192033753593708
2500289390,0.4190434508588352
1878602162,0.41888810161296525
2091989561,0.41887416582483333
1879893372,0.41886148308813403
1878591313,0.41861553158258813
1879841305,0.4185355947240764
2095399021,0.4184574138302218
2501810390,0.41843329748282265
2094626040,0.418145764702234
2500161752,0.4180478327931134
2499486765,0.41784104317497284
1931592151,0.4177127784052008
1878584581,0.41759181719209065
1879135231,0.41734417776726174
2500990120,0.4172411171279198
2093874080,0.416950252410496
2501045992,0.41693098706249093
1433521667,0.4169226708047823
1930960975,0.4168865388334825
2499433780,0.41677523362844193
1433857384,0.41653491400797277
1931626655,0.41636539237200276
2091955683,0.4161041486760175
1880445802,0.41596869837192596
1879207801,0.4159375385757271
1930939505,0.4158618800713188
2092951364,0.41578117130887865
1433300397,0.4157010365096748
1934304085,0.41563699824229783
1930172525,0.4152840607009411
1427803060,0.4152465896926364
1432866452,0.41517819591442656
2502240043,0.4151357882147928
2503245234,0.41513223434302987
1934313973,0.41510982778147965
2096246351,0.4151058263613805
1879161247,0.4149792038146214
2500904052,0.4146306664585023
1930203735,0.41462311723023454
1930956663,0.41436232705660064
1879153037,0.41434588816983536
2091202082,0.41432182384600275
1931609357,0.4141150160164087
1880472362,0.4140533301949619
2502468340,0.41389192596366214
1879144844,0.41386127543961687
1433673030,0.4138586816286474
1932522361,0.4138183054046952
2092843623,0.41372192680253145
2091979883,0.41364268433689305
2095400730,0.4136173334813788
2503068864,0.4136158994279233
1879853932,0.41347305563547
1930228834,0.4134035171486625
1434517001,0.4132019851343275
1879151935,0.41317503843787334
1880517107,0.41256738727893566
1931608205,0.41246815906015954
1880476691,0.4123896091467563
2094633823,0.412362181089839
2500354917,0.4123253342862628
1880435071,0.41196143629599663
1433368557,0.41195822811338717
1930227733,0.4117569709571081
1930251763,0.411555185808132
1879888805,0.41134680945344365
1879152041,0.4109839028963904
1434198271,0.41096740170140794
1930176135,0.4104085195391945
1434539925,0.4102428364146864
1434675640,0.4101395576569669
2092983405,0.41003717623795943
2500383762,0.40999770260775487
1933510195,0.4099649909860592
2093064593,0.409713287869675
2092933560,0.40955490913914255
2096199951,0.4094528719373307
2091250017,0.40939640917177916
1879900004,0.40922976741689154
1931693722,0.40882746323725144
2501975543,0.40861491192698024
1880513130,0.40819659430503424
2092842581,0.40804120495173124
2499226087,0.4078758164926
1931022651,0.4077909207783665
2095363637,0.4073985306040416
1930156640,0.40714705507502474
2502336984,0.4069643043921429
2501670035,0.40693236738574595
1933561427,0.4069270155942789
1879146667,0.4068918750243017
2092759867,0.40676442600953494
2499848593,0.406511939987469
2503462055,0.406324123321255
2092919455,0.4059489590196673
1930944465,0.4057835195724729
2093956093,0.40578323514830666
1878601672,0.4056917624802821
1932455594,0.40568482751113255
2093086902,0.4055477163836043
1879196597,0.40531932051965575
1930933862,0.40525884165368165
1933500587,0.40521587147546667
1880500124,0.4051876303954379
2503620760,0.40512584202821
1879203007,0.40510185888141337
1931666521,0.404792523261911
1427770475,0.4043693162019099
2502824085,0.4041890295201962
2095402500,0.4041319871294707
1427827570,0.40407302917458265
1880497102,0.40345272213497024
1434333017,0.4033857781506819
1929309203,0.4033724216634385
2095467563,0.40336228993285583
1930970873,0.40335717582808434
2501913505,0.40329096893398647
2094690957,0.40321829663494074
1932477583,0.40310924406707455
1879187927,0.4028835792792845
1879789970,0.40283763607641276
2095489587,0.40277410830414123
2094577274,0.4027422734571027
1879234001,0.402593818650845
2091982014,0.40245324961190365
1432635785,0.40232859042325514
1878585281,0.40212637338083596
1879146695,0.4018944978409015
2499227700,0.4018346998650961
1878594980,0.40161227189712867
1931629247,0.40143637202384214
1931644995,0.40142762735942117
1879165642,0.40133126213670595
1434002732,0.40130216384924955
1930982357,0.40128238429941915
1879124404,0.4008894614092614
1434268952,0.40079432915625707
1880476943,0.4007744546465852
1434386065,0.4007069965113637
2501252461,0.4004620112552087
1427757742,0.4004546552008614
1879133105,0.40023595353815145
2500266107,0.40023327394659153
1879844887,0.40021275685353486
1879909450,0.40011485585238293
1439414042,0.39997991571712216
2502078922,0.3999088216890743
1879155071,0.39973047493696884
2501598005,0.3995846030649159
1880516174,0.39952889596633767
1933524865,0.39950107608141544
1931007702,0.3994305088593361
1930165154,0.3993335125280002
2092786855,0.39915090897076766
2092810844,0.3991168496283771
2503316200,0.3990576732746047
1930965995,0.39892191156242857
2092897401,0.3988722418789289
1934319377,0.39887103113310685
2092922295,0.39880391585829855
2500269110,0.39873781389655366
1930969505,0.3986073558396189
1879871217,0.39846006166481823
2095404001,0.39818558076358923
1879912811,0.3981569413564084
2501943412,0.39803375634865606
2499571614,0.3978904287067539
1433424017,0.39756126340335723
1930166385,0.39741730351842763
1931653431,0.39729121581025145
2091954860,0.3970200496847045
2501257510,0.3970127631609348
1879883812,0.39664357541683914
2091998937,0.3966294403846085
1878584853,0.3965573226973758
2500268340,0.3965181157365699
1434715795,0.3964050174987996
1439345361,0.3963778044636737
2093000957,0.3962240758846156
2502026802,0.396108277290519
1434711242,0.39605732744855593
1879787604,0.3959340238658651
1931595353,0.39591021679559063
1931639727,0.3958810366226083
2503595342,0.39587585289183735
1427835531,0.3956560092517049
2500501663,0.39561984533808403
1934322437,0.39555286894784936
1931654175,0.3954776121670599
2091964525,0.3954325064974167
2092808473,0.3949407096002682
2096189110,0.39489245165880893
1434040484,0.39481991906670777
2096226943,0.39479526553864736
1880438183,0.3947845325009359
2093089093,0.39474122917939275
1930162215,0.39471609487229853
2092022400,0.3947133254010463
1931631663,0.3946580767584426
2500174005,0.3946086339552531
1930958424,0.39460442216125263
2092054937,0.3945655315592938
1879809534,0.3942318354178798
2499494677,0.3941616146984918
1932534394,0.3939873444526052
1879162604,0.3938149262965626
1932446255,0.3937805086167389
2091289171,0.3937549925913953
2503441821,0.393599112816892
1879214020,0.39312998509398145
1433653180,0.39310274678933954
1879807004,0.39291942569751903
1930993521,0.3926266995723938
2502668945,0.3924807622609529
2092942010,0.392394999490735
1879230850,0.3923604134617204
2092903445,0.3922930114352288
2502909364,0.3922917508468375
2092790393,0.39219487947581727
1434707841,0.3921871035581447
1434029531,0.39208591829421946
1434178744,0.3919024833790633
1934301905,0.3917113231382642
1930188773,0.3916971671943418
1930994552,0.3916118174019089
2503624493,0.391508956781844
2093971667,0.39129497347912523
2503431190,0.3911059297037844
1433242512,0.3910523165065204
2092814872,0.3908776845091755
1933529773,0.39086500522247997
1433518354,0.39085584751900115
1879169925,0.39084254815264635
1879124225,0.39074511094487585
1932616481,0.39074127410277715
1879824254,0.39065445833286744
2093881290,0.39035430598429627
2095368283,0.3903534847801119
1879811904,0.3903516358748431
2499895204,0.3902845279258513
1879774441,0.3902035614899949
2096203591,0.38986144833593456
1879151930,0.3898082541267875
2500217594,0.38976835003334526
1880477453,0.3897585005018334
1433119823,0.3897465631045702
1880441747,0.3897434797154409
1880475155,0.38970117886525535
1879154083,0.3894506556218951
2503825925,0.38914533111319277
1879216820,0.38900651718728596
1433596194,0.3887828664477361
1434452853,0.38875646623236326
1931673274,0.3886690902630478
1932576647,0.3885783385683057
2092066853,0.38793716618938157
2093875633,0.3878419597431199
1879167284,0.3877674626254566
1880496792,0.38765021638887937
2092892404,0.38759782776398477
2503041264,0.3873976101130579
1930936075,0.3872842121420494
2094634580,0.38724656477669145
1879840390,0.3869741358633715
2502967742,0.3869454919143896
1879782177,0.38691702488438323
1439459871,0.3868084530747389
1880490382,0.38661437426313133
1878574173,0.3865793965778087
2095405902,0.3865453012667803
2094555297,0.3864122732306193
2095456702,0.38640813597895646
2501353045,0.3863616311884783
2091950920,0.38629204513385956
1439543974,0.3862736245979975
1880531821,0.38626903908589066
2500199512,0.3859999862046189
1930955163,0.3859671906964059
2503473304,0.3858461632256258
2094597582,0.3858165850191476
1880526592,0.38542383425807136
1880511327,0.3853932747206971
1930211141,0.3852612625133965
1434675543,0.3851434715417287
1931644244,0.38493009080572105
1879130773,0.3846744978416026
1879161364,0.3845384637141294
1880511060,0.3844697555000335
2092994290,0.38442160353577876
1931603433,0.3842304140823333
1933504941,0.3841988074385943
1930981344,0.3840959443581825
1879232197,0.38396245638294696
1432622324,0.3838936860801505
1879160037,0.3837085801460031
1434645745,0.38341444906903765
2503560890,0.3832763939035122
1433130224,0.38326607307135113
2499329804,0.3831641561454614
2091184117,0.3830523521038252
1879890220,0.38282642470871425
2092020053,0.38275606368094567
2092023305,0.3827315624558587
1427616657,0.38258469776117243
1879134702,0.3824331068323898
2502193122,0.38228908271522805
1879233882,0.3822810851596615
2502519273,0.3821423775844397
1933536361,0.38213074741679076
2500774780,0.3821139493654157
2499524970,0.3820593522882319
2092818393,0.38202191846891437
1879836024,0.3817014075250771
2500541797,0.381399982939971
1434544483,0.3812776867354838
2501715910,0.38123144840579165
2501174514,0.3811758359074641
1880443695,0.38106468720493764
1879220504,0.38086876429576616
1930241967,0.3806495086400944
1931622735,0.38046502463391413
2501626682,0.380165460815155
1880518192,0.3801172427911711
1879223590,0.38007860201294685
2091248804,0.38006999611566755
1930236085,0.38000730289702866
2502106120,0.3797240221094946
1434150537,0.37970911420843617
1932577857,0.37967116803630513
2502181702,0.37967010848579746
2503535262,0.3795386498293811
2093882415,0.379444232709952
1930987564,0.37942589718470754
2092039132,0.3794116917113905
1931013184,0.3791426271880413
1879883554,0.37904023878242965
1934322553,0.37898925301908154
1427714217,0.37896531684728146
2500580865,0.37882227537208274
2503730944,0.3788060494798766
2093085513,0.3787081003025595
1930162164,0.37870063638957874
2501965622,0.3786453351020975
2091277421,0.37849462731512357
1930253155,0.37839034214661954
1930938422,0.37804108847680823
2500522135,0.37796255449708344
2499245945,0.3779286206234047
2503652512,0.3775253545494553
2095405365,0.3774029923496881
2503380480,0.377367612712011
2502955872,0.3771385418708295
1434507202,0.3769848792990332
1879191175,0.3768826400471498
1930204572,0.37687860815132324
2499286345,0.37672938897073377
1931012665,0.3759819348431747
2092815062,0.37569702907910674
2500243043,0.3755632428701059
2502691713,0.3754954067223918
2501789540,0.37546986830010703
1879819834,0.37535460084681077
2500857874,0.37532299674687053
2093865801,0.37520971593802627
2503469850,0.3750105127761218
2500342980,0.37468315336387203
2092041250,0.3746770840098106
2094646703,0.3742430518108639
1439596052,0.3741474314824551
2092053755,0.374088858188081
2501385830,0.3739369173016986
1879865763,0.37376490019322345
1930162385,0.3737569087327018
2502073210,0.373720594232937
1880542581,0.3734187241713762
2092979117,0.37308569783583795
1434605320,0.3730534722024987
1878593253,0.37260341456909774
1931665515,0.37250482290923764
1931631517,0.3724452113885905
1879232687,0.3721924328448493
2096245121,0.3718746547618771
1880456851,0.371853397162563
2093863210,0.3717608058694206
1439619540,0.3717226788660408
2091988133,0.37171826861049334
1878573973,0.37164792796619456
1931679622,0.3714712498547195
1879210993,0.3714498610789706
1930222534,0.3713772116543239
1879794433,0.3712891555357058
2091998895,0.37111398337935475
1879231355,0.3710039689369246
1879905101,0.3709048842725193
2093016204,0.3708000621431597
2095391671,0.3703637844402355
2091974085,0.3703121321876688
2503587200,0.3700757879748002
2501217920,0.3697994226628893
1879171964,0.36966746762717234
1930198071,0.36964064192520535
1427616882,0.36941733656007547
1879813484,0.36931291041376774
1880495980,0.3692348897728725
1934310327,0.3689917643761631
1439578930,0.36888277240238315
2501067452,0.3688102723551126
1933553492,0.36851159796218563
1879208142,0.36828756100591614
2092817835,0.3681136001410859
1879831075,0.3679889657739153
1434465751,0.3679877121163348
1930185404,0.3678687920122845
2095403241,0.367852274509297
1880488502,0.367779119845758
2093937191,0.36767640905427984
1879162870,0.36733488836346406
1879167103,0.3669572788648417
1930939512,0.36691809672964165
1434015837,0.36691740528009076
2095391242,0.36683941049848856
1933561393,0.36667356628636233
1427612513,0.36667261274089263
1930955110,0.36647645550550995
1427603034,0.3663671349900066
2501439690,0.3660635179083741
1930141311,0.366010536981262
1879843600,0.3660085476892109
1879206624,0.36595827398826053
2499257310,0.3659338678995131
2501159280,0.36586671167167073
2503074832,0.3657923975763378
2093947391,0.3656988222339329
1434669562,0.36564908121138967
1879214581,0.3656419572746103
2091980637,0.36560435849723244
1879770063,0.3652428250208624
2095353882,0.36509519686759906
2091237521,0.3650886009348624
2094578404,0.36499888172488915
2095453721,0.3649568892492157
1930251057,0.3648355226592288
1878604481,0.36411848831088617
2500645250,0.36410653759624956
2094670014,0.3636552236534348
1930215645,0.36340942322755476
2092872953,0.3633224975872743
1931608247,0.3633151697759217
1931667255,0.36324272347642456
1879866594,0.36320044708990423
2094679580,0.36313606247796953
2502178591,0.36301943081786914
1879796211,0.363017790407231
2092757155,0.3630128774315626
2500552377,0.36226190255198354
2499678904,0.3621675137418668
1930200275,0.36209594924132005
2093919637,0.36205256170270356
2093083860,0.3619672002300372
2500362537,0.36193376502245317
2499689910,0.36184370641152946
1434573703,0.36178978655097316
1434275153,0.3617816352758863
1933539125,0.3617516280473945
1879204533,0.3614510898552135
1879810977,0.3614088063011653
1880457553,0.36126800674818793
2503415980,0.36126536135313003
2501852257,0.3605385820571884
1929308107,0.3603670502407515
2091955361,0.3598787753923353
1933491181,0.3594240533619415
2091198004,0.3593283392446884
1439520395,0.35924148509501075
2092903047,0.35900120447108325
1931009541,0.35886991541744134
2502514097,0.35878268668140084
2096235440,0.35822390355477035
2502073675,0.35821931798676515
2503718362,0.3582103476857295
1434022643,0.35812741456980124
1434758281,0.3577967902039354
1931692911,0.35748008821553645
1931668791,0.3573495963121251
1433535591,0.35713941969180485
1931016063,0.3570637648526765
2092068657,0.35699660269393085
1433399264,0.35691422685337365
2094615725,0.3569122272638171
2500477995,0.35690156490534447
2502946162,0.3565171546301601
2503762072,0.3564692644098751
1879779583,0.3563097031663392
2096252547,0.35621039147422023
1433449762,0.3561917030390833
2094623895,0.35614571022278685
1879870751,0.35609143446942154
2500514000,0.3560815172589763
2501295122,0.35605792854164847
1880530547,0.3560359669673583
1880495581,0.3558556574922658
2092072103,0.35579070984098393
1930184022,0.35540513669838997
1933499583,0.35481269591930026
2092028602,0.3548082564005335
2093048603,0.354403266079161
1433684545,0.3541982566180677
1432727987,0.3541138746466896
1933552577,0.3528330716966213
1878602370,0.3528138528516929
1879838455,0.3525429852296008
2095368143,0.3524110346412509
1879124530,0.3523772319371087
1880530810,0.3520659926534978
1931637965,0.35169978843911665
1932544055,0.35139412686587035
2091963164,0.35138368139103066
1931653711,0.3513530785211404
2499859982,0.3511974880334254
2092091527,0.3510493297387087
1879226900,0.35086868444210395
1879126680,0.35078314223522705
2502128382,0.35067214377981965
2500192753,0.35063236992223634
1930172921,0.35058614704564117
2501558950,0.35052029539836976
1932521001,0.35042567645642964
1930930292,0.3500854900352208
2092922662,0.3499578616696872
1931682197,0.34991527188901617
1880476657,0.34957399286932384
1931009925,0.3491483578084149
1880501860,0.34914737141009683
2499826160,0.3490302318729485
1930180117,0.348706652048029
1879858787,0.34867332612470686
1880438927,0.3484156803779196
1930213147,0.34837733200598847
2091190935,0.34828906931694503
1879886022,0.34821698570165016
2499360415,0.3479016681779829
2502479894,0.3478617252721124
2499742414,0.3478572618346749
2503561852,0.3476769306919648
1879159204,0.34762143813582536
1930159475,0.3475350434573678
1929302403,0.3469989813328491
2095468952,0.3468000466030856
2095489284,0.34663513292185955
1879165147,0.34662657644918277
1930158577,0.3466055805150234
2499703585,0.3462376934788333
1879822735,0.3459370432737421
1931696723,0.3459107138884133
2092845101,0.34574355794032274
2499399392,0.345688471725128
2093889262,0.34547707511439224
1879128653,0.34546556119605604
1931664441,0.3452360615892248
1931674083,0.34520653122334327
2502895124,0.34519605378071905
1931013615,0.3450904985270778
1434103644,0.3450257623623451
2093946195,0.3448420714706553
1880433195,0.34474042644599606
2092813173,0.3444923332645219
1879807693,0.3444194883955388
2502638572,0.34440556493587693
2092065834,0.34433180375360567
1930207171,0.34412953143356984
1879132813,0.34410058820722833
1930963421,0.34404769477091823
1880466211,0.344010158534322
1932538882,0.34387807818957283
1931646317,0.3438287309396026
2093936937,0.34355132696309
1931655571,0.34313340590372177
2093028210,0.34308937201610945
2094641604,0.34286953767440104
2091226041,0.34286148849040643
2091210800,0.34267408051536064
1433582030,0.34249929044773714
2499288012,0.34248597529789854
1931616044,0.34247544468305513
2502022884,0.34243110544276284
1879816730,0.34235698544200627
1933568613,0.3422861642520356
2501935887,0.34218726416287254
1879810105,0.3421531344359793
2502021250,0.34201566378197906
1933546391,0.34198066195090837
1880445302,0.34192891750350163
2502692472,0.34185632490272955
2092072415,0.34181216872903236
2093940752,0.34178745194850885
2502254232,0.3417559514392481
1878603672,0.341623729831337
2095391501,0.34136608188100476
1879248705,0.341131379927551
1433472412,0.3411279688622031
2092960034,0.34107307433903156
2096184423,0.34092352925510594
2093978867,0.3408998955287933
1931669875,0.34077326834472704
2502447274,0.34073837430661913
2094594120,0.3403069984256369
2092053641,0.3401709389341373
2096217024,0.3401016962108289
2092821731,0.33993874095167703
2499727654,0.33974514822481616
1879158780,0.3396682734061047
1433579144,0.3394512613709326
1432634592,0.3391921825822146
2502304210,0.33902282795852673
1931670540,0.3388380794745458
2499329290,0.33850930069146357
2503815403,0.33840115614989535
1433645242,0.33834697355577265
1931695465,0.33829469109754345
2501520672,0.33809611495762887
1932515814,0.3379007756615149
1880482604,0.3378725236902492
2091195882,0.3378654573510122
1439475123,0.337836192540352
1930976177,0.33782760965933256
1879221370,0.33763019099849534
1879164687,0.3375455817995893
1933589542,0.3369964721079126
1879155302,0.33693742450941244
2096269170,0.33667313025195167
2501962860,0.3365746925427694
1880483383,0.33645516932091746
2502172155,0.33641713170536436
1433472793,0.3361938166112921
2499215295,0.3359635564711627
2096274065,0.33576245600620114
2091260101,0.33563888033273004
2502655892,0.33531785601439734
1933525430,0.33525781794368653
2500957827,0.3350659535226751
1879840867,0.3349723658968975
1933520211,0.3348505978564381
2503365995,0.334794175440093
2093030757,0.33475154343124874
2503005447,0.3347235967968479
1879168322,0.33468957508612635
2502260154,0.33457425536015245
2503588042,0.33438007777846535
1439545115,0.33418586016179996
2499368071,0.3341084443830506
2096210800,0.3340561896322258
2093880161,0.33399236492206313
1880426713,0.33382383165415475
2093051931,0.3334929177181545
1932495905,0.3334666577763158
2503873401,0.33332203051295645
2092088124,0.33326152732610426
1933585883,0.3332479749097095
2093058563,0.3328907538578956
1434734410,0.33288549300640646
2501950102,0.33273034635427695
2501390215,0.33253868451903335
1434053521,0.332450376951499
2499419362,0.3322468351525463
2503490933,0.3320100603262356
2092052657,0.33195518038041955
1439563882,0.33194349311533483
1439584702,0.33191560060112646
2501634180,0.3318507643867031
1879166127,0.33175995356349114
2499711222,0.33168636081090663
1933555927,0.33152376736332684
2093919124,0.33147400084609707
2502068934,0.33141549168679885
2501012173,0.3313323349374666
2093962644,0.3312651622188572
1880447343,0.33125262379252546
2501440053,0.33121384107818924
2499246984,0.33120739878681515
1931695922,0.33075625320553104
2503317670,0.33074555483125767
2502453430,0.3306338792416926
2502841033,0.33050059766114753
1434052213,0.3304573406564772
2095437153,0.3301675186591348
1879155643,0.3301623707215498
1878600022,0.33009677589685144
1931681844,0.3299812852427404
1879833773,0.32996191415245313
2092857535,0.329949233813456
2500801210,0.3298234961303203
2094589934,0.32978831631978434
1879240034,0.3296351778935788
1931692844,0.3293944950670932
1934298125,0.32914680888424674
2096247543,0.32891072585970255
2091254467,0.32875804552613935
1880427695,0.32874101519348625
1879903370,0.3286293300710061
1879128485,0.32860155512620626
1879848224,0.3284845000033987
1880518952,0.3284428614792725
2091228570,0.32800331083869355
2092793435,0.3279744572930013
1931588945,0.32789184443223335
1879241347,0.32779618385965886
2499339590,0.32774092589720605
2091241523,0.3276886468752519
2499428540,0.32750996052542597
1432921335,0.32746818888689055
1434644694,0.3272675588587806
1434624161,0.3272231870337963
2091247067,0.32722113142631015
1932513987,0.32707615502702436
2502891367,0.3270630128350408
1879864591,0.3269761232061632
1930222963,0.32693217812624015
1434058297,0.32651996749182094
1439661151,0.32642323731455947
2500415904,0.3260675003060626
1930179875,0.3257374721302842
2093014960,0.32568732419108093
2093972881,0.32562787458255915
1434320270,0.32551691356498513
1931649515,0.3250761180024276
2499664302,0.3250623406752225
1931590945,0.3249721464069895
2095434091,0.3248609203876035
2502586772,0.32475760590249286
1933529375,0.32459603164897766
2091972133,0.3245063752149854
2091250994,0.3244658446313745
1879882645,0.32430001597942787
1439332734,0.32429560915201666
1933591323,0.3241637498317624
2501801972,0.32410829749078307
1931611361,0.3239753616953828
2501011200,0.32363944192687133
1880425714,0.3229971840511123
2499313470,0.32296782264996854
1933516382,0.32293783052767194
2499722571,0.3227377354511807
2503583390,0.3226266443561047
1932528487,0.32255431503997356
2092799887,0.32238894891138764
1879809500,0.321793581037136
1879838980,0.3217120980596854
1433177705,0.3214568947550367
2095414645,0.321328925432553
1433142511,0.32109843221808515
2499463584,0.3210261778889653
2502368457,0.3210047770431767
1930160965,0.32074166019791805
1932631533,0.320688210543714
1933536517,0.3204194225730414
1433215493,0.32023216151078104
1931597402,0.32011787579958945
2093954281,0.3200568141547507
2092836400,0.32004167356289975
1931026347,0.3198510215646347
2503187662,0.31980875549583543
1930999183,0.3196654520162675
2091288401,0.31962938329193963
2499634662,0.3196049731815425
2092067001,0.3195570968601893
1931691634,0.31951405777889086
2502231393,0.31932804513277485
2500134894,0.31922870152968347
2091999621,0.31912762155304536
2091198831,0.3186503425583277
1930993201,0.31850766740948305
2092890315,0.3183738919134875
2499563234,0.3183194152194735
2499360782,0.3183069467871254
2096216827,0.3182812324596831
1932493351,0.31817858039029956
1932508897,0.31807829214716027
2502580220,0.31807764235218083
1880455751,0.3180467515973223
2499312354,0.3180234639606833
2094696493,0.3179996397932155
1932512560,0.3179705364951553
2502416304,0.3178995889771453
2500156195,0.3177461158387857
2096273181,0.3177062478908632
1439384105,0.3175271935734027
1879151823,0.31751267221603774
2503692245,0.31743933474863567
2094677365,0.31677086573180263
1934323135,0.31667085570170184
1880426610,0.3165456751000546
1930973967,0.31650550522359433
1931664034,0.31642485070081927
1433773952,0.31622439861148693
2500682675,0.31596604506939563
2093881132,0.3158137541122387
2499373222,0.31565013514129536
1434366115,0.31556640262373375
2092803773,0.31555545034598587
2502828810,0.31538603775693114
2502943922,0.3153596728372378
2096238157,0.3150404169746779
2092834967,0.31503209985152814
2502365924,0.314947398302499
2092847721,0.3149027880330269
1879152354,0.31479518061365236
2501955804,0.31446288988467236
2092867693,0.3143267687550041
2092925991,0.3139966499741915
1933536933,0.31392184127170025
2500742460,0.31362155513828555
2095368054,0.313585458815014
1931603865,0.31326044766972916
1933511965,0.3131112582071594
2500102300,0.31289164728282576
2501037764,0.31209602022295063
2499843982,0.3118466265251285
2500991640,0.31132039019213664
2096252302,0.3111806207842209
1933535043,0.31096208213061033
1439374924,0.3107320574992111
1931645057,0.3107189350976165
2499627434,0.3105135948382882
1930185800,0.3102139860369555
2091276091,0.3100606079268697
1439615295,0.30977251574639403
1439559653,0.30966693820718577
2501734602,0.309529949627884
1932468067,0.30893575428840453
2096227133,0.3087613677916624
2502250022,0.3086753035466204
1880470582,0.3084509532688839
1879837335,0.308290201429016
2499417155,0.3080753729074323
1433472964,0.30795029462946943
2092958825,0.3079501026600707
2092882304,0.307776216070614
2501717110,0.30756423473221367
2502441550,0.30746431785588524
2094670660,0.307417162166977
1933580604,0.30726203235778377
1930137325,0.3070488055426216
2093955515,0.3070212841716084
2093853430,0.3070123172430631
1933511611,0.3068660397150777
2503708290,0.3067539518311397
2092986322,0.30658464258452645
1932517464,0.30616969424381807
2502781687,0.3060711236431647
1932482801,0.3060670406797531
1931695010,0.30561310497811606
1879152674,0.3055646623354915
2500110331,0.305389992581706
2502640310,0.3049576729290633
2501819030,0.3049517302646342
2502479774,0.3047954809736886
2499236320,0.304717992150517
2499590492,0.304680734099916
1930208400,0.3044994933577806
2499688291,0.30421358463163145
2502778782,0.3040909463787307
1933580592,0.30402082376332656
1931008345,0.30389560146829964
2499760460,0.3032392198799188
2095382490,0.30311807621878245
2501954140,0.30309842436414536
2502248924,0.30300818366237187
2503347380,0.3024328042148089
1930944872,0.30229636021808143
1932495843,0.30222458603932234
2096203173,0.302058179838804
1930238133,0.3019903599903667
1432615223,0.3016842384811287
2502056104,0.301434142245873
2503101385,0.30129906422561104
1934320245,0.3012252543009292
1879128362,0.3010722795710996
2094662377,0.30067498196654757
2502339590,0.3006642087721023
1930986447,0.3001928686114367
2502167824,0.30006797835893184
1930983107,0.3000339141057169
1433387630,0.2999135131748893
2093948907,0.29988462441962344
1434655804,0.29980515932535845
2502351772,0.29975286057866674
1880476214,0.2996261806134856
1880425273,0.2988061909526783
2501844605,0.2987732798081578
1933549537,0.29873693398482254
2501903510,0.29857125425472736
2095376597,0.29822805772921523
1930155393,0.29795678674109755
1932620137,0.29771664005745163
1434618870,0.2975992496003958
1434595612,0.29751369742486117
2092818977,0.29739587335863266
2501192554,0.29728583258827224
2502935580,0.2972044734676663
1879868464,0.29716785994033856
1434375872,0.2971369224811847
2091225601,0.2970335601326212
1427747761,0.29688056533190793
1930973831,0.2966207147212457
2091246095,0.2964318538579048
2502822723,0.29632738283753024
2502476613,0.2959836408289343
1433421914,0.2957046424100929
1933496003,0.2956174784495813
2093076580,0.29550317379151636
2501332462,0.2954155432903121
2093975642,0.2952803780290647
1433350923,0.2946047218957488
1878576942,0.2944523662046229
1933550210,0.2942203080304499
1879853647,0.29413133893608573
2094695095,0.29410290037059916
2499503285,0.2940694234461589
2499557423,0.2937858605585678
2096233354,0.2936629884190921
1879788654,0.29347646842358116
1878600095,0.2933900339558116
1933514340,0.29325091557734767
2093092390,0.29316954660786093
1930946052,0.2930975278034996
2092870905,0.2930656773356094
2501387331,0.29284335055253974
1427842754,0.29273894414235263
1879778165,0.2927166664682137
1930180307,0.2926981146162245
2502263730,0.2926895867251876
1879815701,0.2925127271403469
1930201665,0.2921772017758245
1930229084,0.29188203892192593
1930209471,0.29177397835110086
2092029267,0.2917332873989756
1932474873,0.2917007759826015
2092035013,0.29131281467087733
2501038712,0.2912435198692205
2091268201,0.29114592402104544
2095461514,0.29108055883764655
1879784384,0.29098906688836357
1879144144,0.2907546115728625
2500864964,0.2907507601076355
2095428873,0.2900984532250971
2499334794,0.28959536226171156
2503018191,0.2895720330451194
2502496910,0.2894605167326154
2499771952,0.2894232217363887
2501957302,0.2893044674043156
2094559220,0.2888956965695238
2503874871,0.28819407039865247
2501137434,0.2881441421065568
2499301170,0.28811284599284903
2092896924,0.28715543856989356
2502488273,0.2870957872395947
1880500922,0.28674231121437416
1931016713,0.28671751321141997
2094628457,0.28657281347287994
2499331600,0.28640620791632504
2093853084,0.28600263743741156
2503278492,0.28570396762776346
1880515873,0.2856825718635389
2092900830,0.28524288314299273
2093895642,0.28521230659984736
2094662255,0.28489778590255316
1932563453,0.28459456352284396
2091961241,0.28448183303729774
2499401532,0.28396382158036326
2501140600,0.2839444584319082
1931643635,0.2836524206931023
1930186090,0.2835395321701377
1932487255,0.28309198638078287
1932480673,0.28272298129662654
1930249050,0.2825226558934851
1433485577,0.28232024719160276
2096192761,0.2818663235904007
2501972392,0.281673137522346
2503035440,0.28165533721204455
2092879621,0.2816417875691895
1932428662,0.2809048165779764
2091261983,0.28055223918916344
1931690637,0.28043337425532494
1932537842,0.28013065375287904
2501760072,0.2799791770803435
2501091467,0.27986324813013325
1433555144,0.2793590107500468
1930962165,0.2788024228417857
1434223700,0.27843860621911615
2092766434,0.2779264290498135
2094632774,0.27770597529372926
2093864801,0.27752757709532117
1880439531,0.27747789475747403
1930220847,0.2774270493576339
2091218615,0.2770185618258241
1879131951,0.2767024202091062
1932433070,0.27660037307397606
2503614080,0.2764421728447933
2499225250,0.2758048778560071
2499213580,0.27561667913778426
2500487107,0.2752526070230234
1434269131,0.2748741858894637
1880531900,0.27469858397889824
2092904945,0.2746796471905
2093875384,0.2739421586593086
1929308284,0.2736851567646683
2094653980,0.2734432371750476
1879185201,0.27324551175826267
2501438970,0.2732123006752587
2502485223,0.27287360575248937
2503663570,0.2726854940037016
2502675917,0.27251954048033283
2503761563,0.2724333905314292
2502151372,0.2723936415842083
2093890502,0.2721689730620338
2091993497,0.2721020534657325
1933546087,0.2720103660769431
1931667907,0.27181266431060397
1879194917,0.27160146381326994
1934295335,0.27101189540038506
1931622455,0.2708161802470438
1932625971,0.2707081478066236
2500585022,0.2706438672842954
1930148717,0.27059798906933175
1879906454,0.2705548366734427
1930969647,0.2704060080086132
2091264891,0.2703812258576086
1879798434,0.27011651972131967
2502492342,0.2701154171634965
1932625944,0.26973031273830583
2092009734,0.26936948845096476
2501313312,0.26927498773800135
1433215263,0.2690151831104343
2093966457,0.26892822871141653
2091285697,0.2687560271643837
2092010880,0.26860750376993414
2501680722,0.26850703169389145
1934298784,0.26841221025936457
1434221621,0.2681047849950685
1879215667,0.26782004743424875
2502930653,0.26776608226044274
1930986005,0.26771463934698675
1932541830,0.26771177443255517
2499596977,0.26747045940476283
2501023050,0.2674337085484604
1931691981,0.26726468463479514
1879803447,0.2668271542079755
2501923811,0.26633202809057827
2503120331,0.2663230481883607
2096248911,0.2661170372986552
2092980850,0.26535486488778715
1879911341,0.2648666256263252
1433147821,0.26464944279919256
1934324004,0.2645551091923241
2501733850,0.26385016709267445
1930164563,0.2636237512161216
1879130027,0.26355284332649076
2501376780,0.26287469316452516
1930192287,0.26248303727150746
2500398013,0.26244678554337536
2501023030,0.2624186732554668
1930974137,0.2621632119341604
1930931277,0.26207222995632934
1930178401,0.2617078479754001
2502974982,0.26158707802927317
2501917672,0.2609495113691425
2095475884,0.2608182170652572
2500146585,0.26057340901993975
2503889531,0.260021905130108
1879161390,0.2596508370537113
1933545592,0.25945643972862675
1931653523,0.25900525175764827
2091952831,0.25896551029211407
2092002471,0.25896070953718375
2092062827,0.25850736551787173
2094580687,0.2579297100901588
2499560500,0.2577368726116754
2501639274,0.25739889863177245
2092781454,0.2569552273339215
2092825935,0.25668178833946786
2091955927,0.25585337463705504
2502923162,0.25531897816934385
1931642852,0.2552663279960934
1433575607,0.25522582846718544
2095493951,0.25509727356033307
2500161243,0.25483034216918127
2095397854,0.25479260691408867
2501097014,0.2543236420996918
1878576931,0.2537946289480035
2499617080,0.2536903621891466
2501234240,0.25329732004579153
2094647985,0.2531848221205924
2095375077,0.25317000283097985
1878582923,0.25316194185342533
2092041122,0.2531453056777016
2503181132,0.2531341246607055
2092856491,0.2530892787066487
2500461237,0.2518447545382957
2092002925,0.2514062398348424
1932639421,0.2512658027296801
1879135974,0.2511876323113328
2501467152,0.2503350615186817
2094692403,0.2500279164983965
2499412165,0.24971447522923285
2499337394,0.24872700367770245
1879222304,0.24848195972774417
1434728167,0.2483380580433236
2092790137,0.24826569857278302
1880464601,0.24796267316052106
1932591132,0.2478384890408439
2503692124,0.24771145833439
2092079667,0.24770044755848628
2095392360,0.24761598554207323
2093089700,0.2473348859147921
2499278381,0.24672892283167489
1930169233,0.2466754396619893
1930144851,0.24660495901833546
2499759602,0.24523615920297803
2095488680,0.24520319174697733
2501604322,0.2444746886129626
2502049552,0.24440392301575736
2093891965,0.2443511861181689
2501849684,0.2440843789930103
2500688014,0.243870472727115
2502911064,0.24369535128030825
1930174177,0.2432169749652176
2091971523,0.2431353737506858
1931631153,0.2422931264124701
2501105680,0.2419731574568432
2503767942,0.2416349937166359
1880479014,0.24158175093393783
1880505813,0.24130577849672755
1879144233,0.2412148534292808
1880512234,0.24094776995600387
2501536430,0.24094035854008694
1932529424,0.2407560396708555
2502400832,0.24055008045386797
1439508610,0.24051590636527295
2092040421,0.24032019660956355
2501497002,0.24030167008727032
2092067177,0.23991289881239178
1880483622,0.2389358470108642
2502420660,0.23864640878324095
2502852091,0.23842591691593149
1934316595,0.23837783074465083
2503605640,0.23816025768527907
2499441700,0.23770410587237245
2500252480,0.23636215228444554
2501396690,0.23635357368729618
2094569183,0.2363477445444921
2502124515,0.23630091187150287
2500289942,0.23616626475938338
1879787230,0.23613285978318452
2503810090,0.23609425438016354
2092035125,0.23573544583860284
1931635682,0.2356214003144676
2502970410,0.23461388249066345
2093867494,0.2344871868272795
2499218784,0.23423429775367383
2502026814,0.23423060657092734
1930170303,0.23219883595876029
1931661027,0.23188010491464447
1931022017,0.23172106606009862
1930937163,0.23147972332921415
2092797045,0.23146308960941303
2095353392,0.23122544632341127
2501003480,0.230965320972909
2501416164,0.2309412098835909
2501137482,0.23056614800025857
2095348484,0.23009697464735074
2092002621,0.23002776636333622
1931625193,0.22922596568168105
1931633071,0.22885572649787486
1879242840,0.22860088963378403
2499427594,0.22858268202436857
2092921401,0.22848836912053463
2501410023,0.22764022539942644
2499886002,0.22711086544711498
1879783334,0.22702080661983035
1930214863,0.22561763837872273
2503626602,0.22483562062760484
2092900257,0.22447322268056585
2501643941,0.22418336743241
2502701741,0.22380732425974906
2501016302,0.2237728629327402
1931695603,0.22329563693280807
2501908385,0.2226749301960801
2501313393,0.22237582422304703
1879124215,0.22216765442450778
2092081557,0.22152905422857308
2092849515,0.22141737444774479
1932576255,0.22114602810655298
1931688383,0.22111465755728682
1932637481,0.2208330692722958
2502046457,0.2208267853098345
2094649562,0.2204194966499033
1879868954,0.22035650159437206
1932544014,0.22030342172360862
2500981702,0.21852710402411157
2500655062,0.2176322771711808
1880483890,0.21761224366706636
2500185892,0.21714816522306277
1932609614,0.21710002960750208
1930939385,0.21707523332782652
2503387512,0.2167615684674921
1433535571,0.2160408966204369
1932451173,0.21564375356763052
2501219622,0.2145498000737017
2092991924,0.21451879000312926
2502189602,0.2139686481738648
2499616520,0.2133960339627037
2499448502,0.21339134248913855
2501664181,0.21295101436049593
2092866564,0.2125870011970572
1434688680,0.2123256614537868
2502495952,0.2122075919761047
2501135384,0.21202625336769929
2095419604,0.21187587238018593
1931004287,0.2108317426018547
1879195522,0.2104348432297357
2503324842,0.21041786816403846
2501069352,0.21039063558646126
1933577854,0.21013971017318783
2499346242,0.2101225478785876
2095362260,0.2095226157036152
2501997684,0.20938381032956543
2501822534,0.20888966358932193
2091257375,0.20875874483486523
2499584480,0.2086672744349027
1879850912,0.20757246801302423
2093943435,0.20693999609477842
2500726004,0.20619605376534256
1879235807,0.20589711128770127
1933561047,0.20561596237151084
1933563930,0.20503072764418237
2500996171,0.20357275699357688
2502706423,0.20356340077189644
2503636432,0.2035021742931008
1434669560,0.20257065881255268
2499874094,0.20237301198930613
2501739170,0.20225215712331382
1934297453,0.20198525114327404
2501284670,0.20170290126901383
2502759577,0.20152186503608302
1932646293,0.1992731539872943
2499859435,0.1992473110722761
2092815477,0.19871883195855572
2092016344,0.198469547728168
1931594057,0.19833390571885642
1433540682,0.1982711626229306
1879177922,0.1975495712225829
2092004764,0.19725902243658575
2501706190,0.19682805446870918
2500479077,0.19536625334963129
2094574934,0.194913580668945
2499232910,0.1942604282682844
2499372704,0.19397614247328385
2093953313,0.19386559835983694
2094662201,0.1926011038398876
1880489170,0.19238426731494876
2092014043,0.19186793657270118
1439489482,0.1913836104374254
1432717803,0.19066138398900812
1931686017,0.1905825736887416
2501208250,0.18965300945501937
1932602591,0.1891686090933123
2096225232,0.18860001055341155
2096260444,0.18669457409978574
1879859300,0.1862669583356884
2502493942,0.18474169830727505
2091966230,0.18330054737645418
2502485307,0.18312414936750573
2502961292,0.1829703756433528
2095352591,0.18033625162612807
2500395267,0.17993427754845126
2095476430,0.1794020100890059
1434066280,0.17905418619089714
1879857592,0.17857321636841603
1434027090,0.17795167399940212
1433560262,0.17700953006872924
1930935605,0.17514294275639938
2092051754,0.1736734769601996
1879125257,0.17353278995472946
2502550090,0.17337049956492992
2499577440,0.17336335219650997
1879244590,0.17180992981095727
2501084820,0.17165514219057376
1930166017,0.17155112984650409
1930973615,0.17026905307136236
1930942051,0.16983733478011506
2499752952,0.1690924775684054
2499780760,0.16891829736111577
2500283183,0.16829032761951637
2092042382,0.16828841467621306
2501372450,0.16796251949405683
1433212563,0.16727180605615088
2095440244,0.1659073269248921
2499598291,0.16563933559207952
2501360132,0.16557420863877906
1930969745,0.1651460662169925
2502026574,0.1639567264525428
1879871287,0.1637217774341496
2092934223,0.16279584887843213
2095479251,0.16278290597239048
2499702803,0.1619497264490915
2095468692,0.1615586426917139
2095342650,0.16035326941499464
1434004434,0.1595347152023935
2092037605,0.15756533875479678
2093854050,0.15721997214883066
2092833410,0.15658073553405527
1880448182,0.15565897865043868
2499894410,0.15442352671937465
1879163690,0.1537531326327332
2091980411,0.15166338871315238
2091973917,0.15127045757934457
1879820652,0.1498029981831331
2500145240,0.1491653231228447
1879214934,0.14862584671782894
2503480364,0.14768551913481243
2500961500,0.14598968908910506
2091190291,0.14475227765014456
2501972181,0.14344440267232159
1932503285,0.14298475757945805
2501600154,0.14077699258629292
1934313081,0.1395393608069248
1933509027,0.1362787032040395
1933516945,0.13359488500217528
1930180411,0.12920563167825053
1879863990,0.12868572655333577
1879157655,0.12799928709743974
1933572800,0.12719433655457904
1879874324,0.12685367480921178
2092848593,0.12450420504544198
2502091300,0.12048398138362967
1930216093,0.11979219345580508
2095355493,0.11669096221248114
1933530363,0.11234713094627494
2094622793,0.10989971784636549
2503069673,0.10627352450192314
1933539210,0.10489805939492629
2092921521,0.10358459188509721
2499278701,0.10186111049945243
1879141271,0.0976822344710971
1879244874,0.0975128494094436
2499416443,0.09715243159027438
2501735680,0.09333244608090904
2095406634,0.0924280345535348
1934296573,0.09209941854212769
1930964742,0.09112913435959498
1930137001,0.09082119843862611
1434276055,0.08680651144757197
2093093094,0.07753401535583863
2093882642,0.06922712515939297
1931644251,0.06669529900005472
2091282032,0.05345741345017435
2093087693,0.0530752614789767
1931614960,0.05256790213761455
1439534114,0.04679822959380994
1879835964,0.04314431181556095
1930202531,0.030876493777272387
1879825792,0.03065517006957821
2096201335,0.025861537579029446
1930160675,0.024821452219682832
1879878382,0.012128024777119275
1880533134,-0.01130982863773821
1933504091,-0.025146623264998943
1879806622,-0.043999047997737684
1880510250,-0.04965602044560816
1930978947,-0.06837163747795526
2094609697,-0.08290657777769064
