user count in community:721
Topic id:11,Representation:0.5528054468198839
userid,score
2501017590,0.36048705549915006
2501975964,0.35174369299941005
2499468711,0.35173886865418147
1930181620,0.35017973479976433
2093008442,0.3501719618860795
2503903980,0.3501529485136038
2094616307,0.348706253537726
1880427241,0.34870345329736463
2092885947,0.34794858005687623
2092799485,0.3478893080690605
2499773623,0.34744358750680826
1930218083,0.3467804698207142
1879221291,0.3454977733116968
1434755350,0.3448744377439181
2501070782,0.34462720132442765
2092893934,0.34451845913837353
1930215957,0.3443013313568432
2500887494,0.34411172646414656
1879808064,0.34331038488203536
2092923457,0.3429713559589722
2499545522,0.3429585940778922
1934306130,0.3423497931469348
1434692513,0.34228613438235167
1879863907,0.34201717599792264
1434650911,0.3412755335293077
1879824747,0.3405177752034406
1879194187,0.3400789784020843
1933585151,0.33977187925983565
2092881184,0.3388220855570089
1879891340,0.3382909606955382
1931629244,0.3382495221951586
1433117594,0.3380592263586942
1879869544,0.3378378886942819
1427898074,0.33765244250148
1433275452,0.33709878247318203
1433360685,0.33617053719588386
2502355817,0.3360892527205033
1434162690,0.33602045537619685
1930192842,0.33584960037883793
1933539015,0.3354829797422246
1932436162,0.3345213718065392
2502062802,0.33437090183308116
1433982342,0.3337215323852667
1931693431,0.3327128178991701
2499608320,0.332583642313477
1427721785,0.3324049197464148
2092760703,0.33236083149302104
2503294012,0.3320159795565863
1427877191,0.3316605300627843
2091979702,0.3315319230988545
1433529834,0.33135782446396644
1439397993,0.33115138464180655
1439404747,0.3311321555058071
1930941787,0.33021917843747634
2095403717,0.33007994426285336
2500650924,0.3293676499170587
1434670970,0.32930010386853575
2500473457,0.32829564076525736
2091964065,0.32803933548799097
1880466244,0.3279521472029633
1433402950,0.3272843612010712
1434415820,0.32700225019039403
1878582623,0.3263048755783859
1433753262,0.3259248037776327
1880492550,0.325460932008185
1427627952,0.32537749967771284
2503467064,0.3253579390046401
1432931987,0.32510262972333015
1933580971,0.3241097346701942
1879136522,0.323928968674492
2092885143,0.32373963479321644
2499556945,0.32319110784777677
1930947125,0.3228188584326795
1433045643,0.32259632060830673
2502803060,0.3222514167879375
1434632771,0.3220640881505639
1934315825,0.32195588602873815
1433144204,0.3205970723698803
1879894472,0.3192856598243311
1433582734,0.3185538746757347
1879239245,0.31854777010614604
1432765150,0.3180651725111269
1932635941,0.3179649609508401
1878598480,0.31769810158785033
1931676937,0.31756192759681
1433680664,0.31694014186994673
1934317955,0.31568090816868477
1879165595,0.31543935311746746
1433442590,0.31499236518326745
1433496763,0.3149323123066962
2503558894,0.3146686504351275
1434125727,0.313628881982386
1433942433,0.3127507678896603
2503583472,0.3115849874209802
2096194874,0.3114196266559579
2502869134,0.31132737210294115
1434257055,0.3108123618902877
1433765237,0.31065129404233155
1434335341,0.31026563286960385
1439339567,0.31007416837161367
1934322223,0.3100045100627674
1880529093,0.3096414843361854
2095400005,0.30957842515227213
1930157255,0.30941054299120646
1433618733,0.3089754154012758
1878585634,0.30770125492866746
2093904952,0.30717999900465176
1434371813,0.3069812329811313
1434299874,0.3067963500444387
2499374314,0.3064037514559072
1439458191,0.30622844880666833
2096205803,0.3062175610630271
1931673051,0.30608348367687965
1427731544,0.30579291195211417
1933577105,0.3056069104264401
2096188802,0.30548182841576166
1933553585,0.30517851064181434
1434165024,0.3049434198238654
1432669377,0.3048370974608618
1433553163,0.3048314414152723
1434498015,0.3047561902588403
1433182373,0.30453291417960476
1433682370,0.3041296416561787
1433553182,0.3038534447454943
1432693372,0.30361350766743617
1433487104,0.30338291384586014
2500223840,0.303088757981441
1433391875,0.3029096142525677
1878572677,0.30277216361251574
1433138157,0.30204455188997253
1433655842,0.30203117110488487
1432898205,0.3010678299764589
1427631271,0.3008775439862882
1427813545,0.29855005213885505
1931622525,0.29802749578003546
1433048350,0.29777787402257455
1930144527,0.2977657843435093
1433086425,0.297545507901867
1879884353,0.2968624263083275
1932433465,0.2968233806049576
2095416411,0.2963168764522396
1879808285,0.2963102399360481
1433133064,0.29618089787408197
2502664942,0.29597365898275707
2092947293,0.2942961263916875
1880469721,0.29366697425485566
1433507123,0.29266495367414497
1932469323,0.29225491520558106
2092902070,0.2921766567162897
1878589707,0.29198408655828484
2091186372,0.29185768922685823
1930940591,0.2912711950019246
1879218177,0.29112148514980185
2093880341,0.29103765781270424
1433656880,0.29076699990053473
2501379905,0.29071111537582944
2092882723,0.2903902592992691
1433672402,0.2903062962216657
2503238690,0.29011713809392264
1434009002,0.29010069177460146
1434513602,0.2895148932971976
2093077187,0.28904011504396016
2502028124,0.28898824054673755
1433652795,0.2882800818665978
1878574743,0.28788215496499947
2092802273,0.28772788692199336
1880501655,0.2874785910990614
2500514505,0.2874521630666676
1931696122,0.28608885478496965
1432651591,0.28606443763059675
2092975351,0.2857738351267205
1879228947,0.28548096490119335
1433795281,0.284416371337212
2500708681,0.28428034255035073
2091276410,0.2840098632157403
1433318164,0.2831986981441083
2499819090,0.2826356253181974
2093974727,0.28253301281471266
2095449293,0.2819563409446461
1433964490,0.28175235795189935
2093042107,0.28135483321851906
1931624743,0.28125437168627465
1427843737,0.2811964865197748
1433428505,0.28107646808913167
2094675184,0.2803330835911037
1931655382,0.27981010643816345
1880459485,0.2789838873766405
1434580724,0.2788313875204775
1433205471,0.27847623543809685
1433285502,0.2779825752913923
2093959215,0.27626656493826424
1931626865,0.2761243673110532
1434762314,0.2761068509614061
1434680412,0.27530063674420174
1427677814,0.27527474016494524
1880533571,0.2752715749869929
2092885913,0.2749366993664721
1439589664,0.27477159362847586
1432760514,0.27409403143363303
1879875302,0.2738877173105209
2502742093,0.2737544909541071
1879200581,0.27363239019632757
1433305140,0.2733855598603163
1879792741,0.2723328045484125
1930980985,0.2717175323637542
1933495833,0.2709256709960731
2501251910,0.27058540987773877
1439520770,0.27023549732812047
1439349140,0.2696112736731268
1931658890,0.26924107859892515
1931632767,0.2678703340228929
1932636863,0.2678574165635343
2501687305,0.26768969064978776
1427846302,0.26746072612114247
1432681090,0.26714111183696826
2092844531,0.2668706229027417
1930963992,0.266846043820739
1879223201,0.2667439175481459
1934316980,0.2664429623118306
1933496395,0.26640562795028966
1434022202,0.2663762161610839
1878603271,0.26602377380050835
2095363443,0.26568083558234884
1439590941,0.2655256383891211
1439645633,0.26549613856071613
2499851572,0.2648524237498744
1879809257,0.26471702832757804
1879796272,0.2645894739141807
1879152533,0.26397307981958595
1880506345,0.2631211961026555
1433356432,0.2626238582672316
1434533624,0.26262292942010806
1439471085,0.26161376874067194
1427794842,0.2615195238760366
1879163373,0.2611760043272633
2096228203,0.2609026496099612
1931021795,0.26088522253107516
1879192565,0.2604553530770795
2092967152,0.26007038594416687
1930996945,0.25990958166174544
1439371750,0.2597309753012664
1439369572,0.2596572634829826
1931600752,0.25958304572547786
2092881521,0.2589031508864956
1879893504,0.258847667927146
2499504637,0.25851904324606845
1434511983,0.25845942050395243
1879238465,0.25785650468542853
1433033533,0.2574226852803046
2092853285,0.257150618775001
1879146041,0.2569779717507867
1933495383,0.25697000555337335
2095391200,0.2563882477558748
1427825430,0.2563704884264438
1439497251,0.25627130766031964
1930942152,0.2554015041402354
1880493887,0.25534598928501984
1880475094,0.2551758444201999
2092843663,0.25498163038211547
1932576255,0.2547173409057566
1931593524,0.25467012654265375
1433266572,0.2545972821239336
1432745315,0.25411588513512495
1931671897,0.25376429262421357
2501511785,0.2535762809023511
2092764477,0.2530583479767707
2500823070,0.2528743499504153
1434605193,0.2528647918647708
1434153472,0.25280415328601846
1433726045,0.2524088445380559
2502953594,0.25233531693797523
1434722114,0.2522423198670322
1434215890,0.2521497668532839
1880450404,0.2521290177746088
1931632687,0.2511019991077544
1433048100,0.2507867307894319
2503329332,0.2504921254312298
1880464900,0.2501337188906512
2092899224,0.25004653812917343
1879137537,0.24970267649002184
1434261005,0.249609730455894
1930949297,0.24949374341692868
1879826633,0.24934382251032688
1433086265,0.2487823468669972
1434602584,0.24872138245793643
2502505194,0.2482027032426907
1427633167,0.24725771331094837
1433143691,0.2471271590708265
2093937587,0.24697229005983662
2096190774,0.2464432010982122
1439621227,0.24634368604843115
1427639247,0.24616903392872425
1427872764,0.2458371375968512
1427877127,0.2456854470649427
1434595832,0.2455054721173725
2500694027,0.2454904907804436
1433537083,0.2446426144201172
1879818481,0.24405680208924455
1879140447,0.24378453561493005
1427587605,0.24344022918996602
2499753134,0.24322362301459777
1930233010,0.2427064131127619
1433313435,0.24258051152034793
1439462707,0.2420742297240433
1930959090,0.24166294378336542
1433981645,0.24127972753130156
1434631637,0.24120126897975108
1931606862,0.24114983342793359
1432714760,0.2409422370764787
1427662425,0.240730616394997
1879147302,0.2406930314584463
1434734343,0.24055360192775846
2501783861,0.24028147227134458
1434640582,0.2399961582511552
2503117574,0.23869295104122673
1930204741,0.23841949209306124
1434497893,0.23836681811498164
2092929857,0.23820286834951468
1427753861,0.23757389699799092
1879233294,0.23724113460984608
2500374671,0.2370881630914267
1433287103,0.23677015122011952
1439360804,0.2357315905050859
2499854203,0.2355662205430624
1434192330,0.23550182930686023
1930175691,0.2353637901917461
2503853552,0.23513927943066196
1880519770,0.23504941859651937
1879130154,0.2343708612475023
1433462462,0.2342725422375403
2095359503,0.23403463059022447
2500799591,0.23360399092679832
1879172860,0.2334412151956878
2093896374,0.23330886189307767
1932525067,0.23317487813379068
1879789762,0.23255471827278662
2091245335,0.23223431839668143
1432715825,0.23211151041025407
1433070857,0.23196347682969234
1434256930,0.23175122039765123
1433569557,0.23154848888461105
1433255704,0.23147699684832576
1432669251,0.2312607690997719
1427749604,0.23111824540821338
1439543862,0.231076079494796
1439558562,0.2310599850320202
1432875094,0.2305364664287462
1434394605,0.23018389765345118
1879231097,0.23010286319654463
1932451285,0.22974486866946003
1434003162,0.22960643195498046
2091268085,0.22925901133921522
1433588610,0.22925493244369674
2095422983,0.22908780910767304
1880456277,0.22897559167760387
1434459051,0.22849635733574375
1880490650,0.22824690029261865
1932614415,0.2280563347447049
2502903684,0.22756765322395436
1434293755,0.22748499680103196
1427652963,0.2257438304641659
1931621485,0.22551241296194913
1878592160,0.22535678168041784
1427763785,0.2253280215079298
1934301372,0.2252223091814404
1880489307,0.22453737050132117
1879807083,0.22395469833827603
1879844420,0.22353248437551698
1433179100,0.22345551635549424
1432648212,0.22331013466380353
1434378324,0.22315059893768152
1434706431,0.22264390615833857
1427749581,0.22257783219500088
1434288600,0.22254293963153077
1433147017,0.2222761291321212
1879811301,0.22207261419744284
2092969551,0.22084688140460565
1930930244,0.22083522197609312
1879193650,0.22075563870413917
1439464803,0.22059174848790608
1434337702,0.21987240055383733
1427710465,0.21908240716455474
1439580687,0.21874492887860722
1433087100,0.2182662138839978
1879225615,0.21819548165204528
1933518872,0.2178295820729254
1439410773,0.217573256734273
1878580163,0.2174583214024223
1434115290,0.2172605160668303
2502541615,0.21687289474395388
1879864870,0.21654414987560122
1433372185,0.21651195989202854
1930177944,0.2164760039658925
1427764695,0.21635404937423772
1432627977,0.21629769068740587
2499783000,0.216282780553847
2501294722,0.2160971653100666
1434134645,0.21578285865851746
2499526114,0.21542891428647112
1433512494,0.21447248194085647
2500443985,0.21383669320352405
2499259942,0.21368067972151258
1880518493,0.21353921837946485
1433779494,0.21336728314137499
1427877877,0.2132406392586918
1933511847,0.21285233469060788
2501625547,0.21281797765099367
1879779672,0.21265014961875903
1930186434,0.21235831363880825
1434419771,0.21204239966505184
2096203500,0.21200040878238668
1433628257,0.21185382857451474
1427882435,0.21156245594725295
2092015890,0.2109643782239584
2503914134,0.21089405718014306
2503683470,0.21080850605310625
1434378705,0.2106142563899348
1433303824,0.2098476533250647
1879837012,0.2095236768299165
1930234462,0.20944934579011332
1932619445,0.2094439948521787
1930949034,0.20929135368707547
2500837732,0.20922495785890033
1439501521,0.20894292975399073
1434594472,0.20860882158111155
1433443917,0.2079653331872504
1434233155,0.20787567564427598
1439539882,0.20766622098827855
1880470004,0.20759297747926642
1434742473,0.206934106035007
1930249892,0.2069177320353517
2094662132,0.20623207297233842
1434724153,0.20618983206784844
1934323297,0.20569276101938147
1427622133,0.20528080124584677
2499586364,0.20520555267789667
2094599521,0.20512261464760415
1433635083,0.20507206633787617
2501131224,0.20475602424695794
2094641455,0.2047454541221404
1433212801,0.2045095481979986
1434619817,0.20334710675265197
1433127597,0.20327405629108874
1434454671,0.20324326553647393
1433886074,0.20320299280707751
1432703175,0.20288648199404558
1433370203,0.2028722385626663
2093971490,0.2024446467967107
1433036224,0.2020319182162199
1434465331,0.20198221523472268
2092037190,0.2017244001711506
2502440317,0.20157924619866865
1439426074,0.20129591702455735
1434160101,0.20114510705506353
1879897894,0.2004329480366188
1432776161,0.19961329434476371
1879149400,0.19792946968399028
2092938634,0.19774683148442174
2091979743,0.1976000033158814
2502620407,0.19687812075514324
2502091393,0.19687213837068263
1879820780,0.19656012607481063
1434483427,0.19649809967996545
2500245155,0.19569452228687412
2092770183,0.1954637942292185
1433861701,0.19457670008608643
1929308073,0.19449349218942708
1433116653,0.193984921748733
1930941135,0.1936747090952604
1433912694,0.19327401994165522
1880458174,0.19317463723922715
2499412541,0.19315704065825634
1433657400,0.19296030708221884
1880547814,0.19223623023279238
1432644924,0.19219700947049653
2091972133,0.191647683596009
1433489530,0.19150908605504988
2092917577,0.19113395001430175
2095468007,0.19081064645677265
1432889673,0.19053673575928848
1879873750,0.19027854899120225
1880533001,0.18998185656920796
1432631611,0.18978788861989915
1432828334,0.18961256721770703
1879831652,0.18942667385354242
1932552267,0.1888535365552043
2093060952,0.18871249577366786
2500451855,0.18845450731999444
1933574590,0.1874951468406385
2092939625,0.1869098604072074
1879126180,0.18492885444152551
1434521743,0.18471272617923332
1930233195,0.18444170332699963
1433191674,0.18415715847463052
1879913164,0.1839214423970897
2095396381,0.18325875490679971
1434760990,0.18281843836774803
1433681503,0.18280026793162552
1880503444,0.18275159495939364
1427802851,0.1823758775412115
2092078510,0.18133781608346566
2500217044,0.18118257840741747
1433155985,0.18057183794422402
1434437771,0.18057152394269055
2500958670,0.18052033595064024
1880498913,0.1803697368581761
1880470240,0.180171786732926
1880445050,0.1798228811463766
2503622612,0.17952991871081306
1879845774,0.17916518226173136
1879188771,0.17901568010473745
1432670765,0.17878905014206278
2503221055,0.1786235225554941
1879837801,0.17855128082308847
2092776444,0.17816567793840699
1434016761,0.17694202827205377
1433644764,0.17672833371638638
1434612054,0.17639847184163726
2499538263,0.17597694671802933
1439364990,0.1757782579074878
1879826624,0.17512377280175379
1879825804,0.17494759551718572
1434567067,0.17476543561233043
1434444892,0.17452255718649126
2095466893,0.17375708748511728
1434266192,0.17347048142147548
2502308180,0.173192356445372
2092953355,0.17296616665327522
1433166203,0.171926853099114
1879778684,0.17165132833059665
1434320761,0.17152704798638932
2503380130,0.17141365691844612
1439607235,0.17116538089369765
2092015760,0.17070989163562125
1427648915,0.1705355972440377
1879147973,0.17038761715706585
1434110137,0.17000878557275523
2092803963,0.16872318513147247
2095463791,0.16794367183091075
1427894905,0.16779672408859897
1433622504,0.16762063538850178
1433175237,0.16734170612339178
1434451731,0.1673077608494011
1879838672,0.16690082806192905
2094603981,0.16616601415751145
2093085452,0.1659969533650862
2503665290,0.16579661095063664
2500736757,0.1650630991711305
1879799667,0.1648855841175074
1879136063,0.16442937893077086
2500759072,0.1644055328729473
1932611685,0.16433545395147245
1433389131,0.16404750020028186
1879772351,0.16376267817026294
2501860217,0.1631468640870571
2502913340,0.16307617711923375
1432910457,0.16269907275595946
1433855447,0.16257167067559733
1932565493,0.16243554908839472
2503898797,0.16179361098926096
1433961657,0.16157780627711413
1433971892,0.16122224551928993
2092091944,0.16116280153953108
1433027452,0.16048509583201948
1433846335,0.16046115167535202
2092023721,0.16016835216708034
1930927987,0.15980480656615922
2094555047,0.1597427504684617
1931595361,0.15966250156674397
1439317363,0.15958053201917594
2094563407,0.15955230956144772
1433166775,0.15906767168332941
1433150711,0.15902688791937897
1433480703,0.158713872883981
1932652390,0.15845576233296707
1879153000,0.15791207939818783
1433439357,0.15776916330666724
1879908695,0.15735872758039368
1433950091,0.15703053085972296
1880457634,0.15702847140508755
2499376610,0.15676395991064454
1879203167,0.1563590407091954
1433593472,0.15626314297867544
1880495603,0.15558315215662724
2091973640,0.155479566697701
1879247165,0.15502289775346934
1434731783,0.1543800321829439
1432682854,0.15428983507467012
1433022504,0.153399296171505
1930187985,0.1516092098400986
1427799307,0.15117359261910474
1434646351,0.1503118520819295
1434014663,0.14892314544965488
2500952314,0.1480920740434803
1433262197,0.14787893087867743
1929303875,0.14775657758066285
2091211512,0.14741002871495412
1434069935,0.14663171355303606
1932566777,0.14510682629479144
1880485711,0.14487849918094164
1433209532,0.14487483610578322
1931026004,0.14482035381090702
2091212702,0.1447388557291274
1433472471,0.14455610361543023
2091284582,0.14441813381841034
2091972922,0.14424336829672374
1879881144,0.1439383963186343
1439548877,0.14391439874440304
2500487533,0.14333812744294497
1433344383,0.1432829927564492
1433777772,0.1432159890191574
2502457091,0.1430528534462587
1434320201,0.14254825761305245
1933581927,0.14249067218712586
1439423814,0.14197752145242432
1439478962,0.14172100725224931
1880516117,0.14169957676692627
2092917182,0.14102836295074198
2093021023,0.14097088355664822
2091201693,0.14095988864719958
2502659424,0.13996566107737327
1434676802,0.13983855903436598
1434613061,0.13935825719581954
1432941235,0.13922370230812506
1434598652,0.13909749470989557
1932587267,0.13868672436957724
2502116051,0.1382618954051968
1439459363,0.1381302442285364
1879839424,0.13750114859643592
1433583394,0.1374314391010522
1427827025,0.13732417532754368
1879904224,0.13655954912934298
1931015983,0.1365129019446109
1878600597,0.1360699893578886
1434093142,0.13474172437802254
1930939970,0.13461935550047735
1433114135,0.13460272566973305
1433063245,0.1341396312796728
2092880077,0.13397573571487578
1434383267,0.1335942898820673
1432917292,0.13319925586668435
1433502061,0.13303965412033067
2503113721,0.13286850236506312
1879778661,0.132021792856709
1930234011,0.1316050287863375
1930240721,0.13147984778820368
1433182957,0.1314642453542652
1879773475,0.1309942082603006
1931658935,0.13045926553754267
2503088435,0.1300614229278885
2095452030,0.12970145125594792
2499229470,0.1295147329807093
1434092364,0.12939429024226476
1933561810,0.12898299133736216
1439397575,0.12829917905076776
2091950935,0.12755699573390095
2095352907,0.12665223597240555
1434419602,0.12618696806329255
1433454290,0.12553173378812627
1879197591,0.12490409153932962
2502728503,0.12486743429425833
2092848943,0.12437745153220979
1433740551,0.12403333034054799
2503221244,0.1237966625848589
1930235327,0.12332834574148281
2093069085,0.12330339941501277
2092075372,0.12327276872981839
1433999762,0.12304306765344566
2499718764,0.12247861650502243
2093021794,0.12195752120016738
2092850682,0.12008513646299486
2503675373,0.11927362826259658
1434451581,0.11880114704656011
1433638014,0.11747982663607635
2499284581,0.1171961191282416
1878579784,0.11705889647775171
2500846440,0.11635765886347109
2094636907,0.11624283618096921
2092897105,0.1162082760286523
2092091991,0.11617396428938123
1879125957,0.11510544186250689
1433669240,0.11498817054592722
2503161037,0.11460889400939864
2501981947,0.11409619281617935
1933552790,0.11363491373920574
2503536890,0.11332055361170293
1433499435,0.11284022458793665
2094618890,0.11256468794320826
2499325834,0.11253075462366495
1932623795,0.11243132872394927
2092769813,0.11228762867437549
2095412055,0.11200650570347762
1930227151,0.11151422610899017
2092918757,0.1104483946358372
2501882615,0.11015177534637531
1880495091,0.10989663620775644
1427864280,0.10808482955469655
1433649001,0.10457096262499989
1879863017,0.10425995743768851
1933585353,0.10415273227160508
2092764807,0.10290037293453534
1878573891,0.10286276843403085
2092840940,0.10252364329802305
2093889821,0.10113661413749742
2502350611,0.09950130328142846
2092005474,0.09659286425759918
1434452383,0.0943937279887693
2094549997,0.0943033376474035
1930185765,0.09238829368075555
1930983260,0.09229240673654408
1879910195,0.09121749905419557
2503135672,0.09092001223627086
1930146071,0.08897636651941157
2500933944,0.08822533779549327
2500915872,0.08783966658526367
2500623814,0.08754603425168946
2503470310,0.08534688979238748
2500245295,0.08522401876062843
2501040410,0.08244514630472358
2500943220,0.07393752922265895
2499414650,0.07163381549724697
