user count in community:3178
Topic id:1,Representation:0.742628083361931
userid,score
2499212230,0.701264535070443
2499303891,0.6909510046076691
2503615694,0.6609131387973634
2502316690,0.6507889387247074
2502822742,0.6493154263603294
2501655084,0.6491117959028369
2503789574,0.6404579965000942
2502668812,0.6382854473135227
2500206542,0.6357742373794341
2502972784,0.6336308263577225
2500212710,0.6335295691546119
2501580822,0.6292336823548428
2503401552,0.6288027928427045
2501282453,0.6277789144578488
2096238664,0.6274078567895773
2096218634,0.6261780387228848
2501616304,0.6255876571760876
2501886235,0.624868070191145
2095490667,0.6234205400659163
2501384551,0.6223704367556927
2094646635,0.6220419209344509
2501353714,0.6219199536833968
2501209342,0.6202783903495593
2503846183,0.619932767642235
2501524180,0.6195529602303289
2503351750,0.6193835946125864
2094644051,0.6179606244002562
2500155602,0.6167185281614188
2502471393,0.6160964862067715
2094641523,0.6160495224902242
2502892431,0.6153753614494305
2096207992,0.6144930704615192
2093967037,0.6127638396040649
2094698452,0.6116966570192096
2501037812,0.6115946775445077
2501698365,0.6110684098587169
2501745235,0.6100979806262052
2093900827,0.6099518475599428
2092768147,0.6090579788228724
2499646840,0.6090343513191369
2095406713,0.6086462697786467
2091984891,0.6078653947562758
2096262830,0.6076051511296365
2092824144,0.6069231457341565
2503567480,0.6068398024302972
2093878794,0.6067521846608671
2503697704,0.606644772630282
2092995855,0.6065656466960347
2499488247,0.6062490240781532
2501496503,0.6061120264644083
2095406881,0.6046367785555319
2093967510,0.6039454768370669
2502503880,0.6038517227203509
2502933294,0.6036763670139164
1933544141,0.60217779594369
2096185777,0.6014744884778179
2094651713,0.6014437868546415
2091252947,0.6013135911878392
2499278570,0.6008423462129745
2501607020,0.6001699625148968
2093853633,0.6000217996485777
2095378413,0.5997358773700928
1933528515,0.5993340473512957
2095424613,0.5982374757912761
2499601602,0.5961596061114705
2094685961,0.5959992263556332
2503516244,0.5958367273192703
2091204291,0.5957758143072434
2091963161,0.5956115278150262
1932541573,0.5955345396741761
2501004621,0.5947011934095496
1934307724,0.594680905184593
2501067452,0.5940678089397853
2091237372,0.5939583279843687
2503212142,0.5935306658454191
1932498447,0.5934280929363872
2091246714,0.5933007897424294
2092025971,0.592943809037094
2093959901,0.5924956621677
2500178713,0.5924477968816432
1931620197,0.5921932833512182
2092995194,0.5919884369235295
2092852901,0.5919808899135015
1933590363,0.5910305559835121
2499266922,0.5906534916559526
1932427615,0.5900805136566626
2092846992,0.5898069015305348
1933501672,0.5895972662491357
2092775851,0.5892620618644867
2096259843,0.5891998211841305
1931024783,0.5881974732458638
2093919727,0.5872118431455959
2092951285,0.5871552244759496
2502895320,0.5864247183334189
1930982315,0.5863464448119556
2092780115,0.5862344384597439
2499718200,0.5859535606405634
1932610080,0.5856261309038572
2091969387,0.5853428504912922
1932457627,0.5852260435846655
1930254163,0.5848489520426372
2096218723,0.5845915858017775
2095463592,0.5845886982375581
1930253957,0.5845062389098511
1932568343,0.5841692008339281
2096237447,0.5837876805258061
2499553550,0.5836285612460342
1933560215,0.5834326072896387
2502053444,0.5834023419823418
2501331684,0.5829517716783457
1931639725,0.582911599238317
2092883925,0.5826811430135748
2093083712,0.5818694626743071
1933549843,0.5818563757926608
1932549361,0.5818548372962891
1931677815,0.5816370821814827
1931686391,0.5812075570484411
1930214863,0.5811938948115009
2092056530,0.581112512176805
1932500584,0.5808683309586459
2502232464,0.5807995240306912
1931681182,0.5804764046447601
2503716041,0.5804386051677093
1933597017,0.5804356382982184
2095430435,0.580277116527666
2091275554,0.5801135694235217
1930971255,0.5800860799809279
2092038275,0.5800239417981905
2096202780,0.5797960970256094
2500922010,0.5797836988277453
1930978534,0.579565616627726
1930138403,0.5795031545771321
1933491755,0.5794534450815682
2091962443,0.5791463344066059
2095453367,0.5788851166298554
1931654123,0.5788272224908957
2501793810,0.5785987195745703
1933525414,0.5781778517553906
2502054835,0.5781740581130768
2092033437,0.5781110908256826
1932505013,0.5779947970545031
1932452561,0.5777126367529952
2502545140,0.5776306571354405
2093079835,0.5774477495711762
2092815833,0.5773121790950485
2503002652,0.5769775469412435
1931640457,0.5768045044323812
2091995703,0.5766165206320133
2092944627,0.5756550567262138
1933521987,0.5756282125633778
2093078171,0.5749635102920085
2093875080,0.5747029583232387
2093049490,0.5745144815153769
1931002220,0.5740052717771983
2503199797,0.5733314667209279
1932556065,0.5730616111511073
2091984467,0.572938848702104
1932450391,0.5727265179165975
2092756274,0.5725993500316521
1880503622,0.5724158543301435
1880540863,0.5714554132646952
1930990001,0.5712411535898799
2503751580,0.5710302377815837
1931661347,0.5708805444436402
1930953733,0.570878722237907
1930953321,0.5708034388203294
1931645227,0.5707804785157405
2499211421,0.570766809438819
1880440770,0.570675744242524
1931619101,0.5705811085048885
2499547555,0.5705236338900669
2095437317,0.5704783963317689
1880475223,0.5701299136764919
1930939995,0.5701056280940141
2502464201,0.569979111057754
2096201044,0.5699167891544377
2501989382,0.5696711426970378
2502383664,0.5696361483236612
1880476002,0.5694624932451993
1930958281,0.569342945771444
2091270821,0.5692136513000267
1931011233,0.5690718938785757
1933601152,0.5688480150600357
1932578094,0.5687730754680236
1880521683,0.5681577907796398
2092011162,0.5680132809162288
2501846295,0.5680118745696676
2094611334,0.5679549571640824
2093858462,0.5676851534139792
1931017185,0.5667745759358337
1932449774,0.5667098626428816
1880469012,0.5666694070008311
2092083621,0.5666117090748588
2096185780,0.5660121865493355
1933519427,0.5659302721950447
1879890940,0.5654973013362337
1930253713,0.5649545253564129
2503800525,0.564902365108975
2092069575,0.5647069069037989
1930222465,0.5645636135210522
1879903515,0.564493694794306
1931648751,0.564367354705404
2500643587,0.5643214809149676
1932645275,0.5642482244790077
1879802911,0.5638140370357808
1930220551,0.563803058827905
1932575485,0.5636688057193965
2093029673,0.5632367340135744
1930944562,0.5629116230541188
1879861454,0.5627598643292019
1879202050,0.5625269985253452
1879791684,0.5624176133930748
1931646343,0.5623804733622478
2500866724,0.5623489768284167
2502768851,0.5622185817017028
1880479080,0.561999128800626
1879908932,0.5614543299837398
1933517301,0.561237132426107
1932542753,0.5612181683563022
1879841492,0.5610072202491053
1880476694,0.5608206999923631
1879768104,0.5607869863122185
2501751000,0.5604900170994108
1879137657,0.5600636443867685
1879802041,0.5600395545877128
1934311923,0.5598705204432166
1933572564,0.5597267779473566
2503183434,0.5594618427930249
2094610030,0.5594494749454723
2092833354,0.5594231998725011
1879182765,0.5593419974453163
2500949670,0.5592795246735369
2092884813,0.5592374617372217
1880491875,0.5591234254838277
1880534613,0.5590312509602233
1879797933,0.5590009745412077
1879867475,0.5588790663005457
2092878740,0.5587680253959733
1931026140,0.5586201105120993
1879835433,0.5584550068173365
1879174884,0.5583416408983356
1879241787,0.5583260812218257
1879207025,0.5582304382789728
2093027000,0.5580185453279911
2500509887,0.557940967697378
1930189123,0.5576699989145515
2092864520,0.5576425272960646
1931633151,0.5575248994172892
1934322373,0.5574725215864141
2500117303,0.5573720642213242
2501810187,0.5573622240870666
1930974695,0.5570634182522564
2095458867,0.5569889519865064
1879845963,0.5569621759464068
1879191871,0.5564314893626933
2499534042,0.5560158958450742
1932541935,0.5555927634027618
1879148700,0.555585241060371
2091195395,0.5555172491820328
1878581001,0.5554638818703684
1930232087,0.5554453659383822
2095391795,0.5552417983922027
1879193544,0.5548821322362789
1880456851,0.5542718050144746
1933496767,0.5541696232924337
1931026252,0.5535628720373393
2092799092,0.5535089933182061
1879834875,0.5535038039288688
1880429174,0.5534966982419155
1879789243,0.5533915357813004
1880510905,0.5532373938593385
1880531513,0.5530966578038787
1933521161,0.5530333516210767
2499480752,0.5527810330508052
2092067403,0.5527643035070318
1439371020,0.5527456346335654
1930225351,0.5526598009014007
1879129987,0.552597992254702
1879154851,0.5523189570477223
1879174594,0.5523136817613027
1933500367,0.5522521749298521
2503478215,0.5520990204420256
1932453091,0.5520651772363192
1880530875,0.5520384827816568
1879775550,0.552002857759897
2501343091,0.5519773430664607
1880536880,0.5518512914342923
2092958540,0.5517170231800663
1879811431,0.551223834768652
1439422443,0.5510289566801557
1932585327,0.5507335070993437
1930969773,0.5506633501031403
1434559965,0.5506233891891252
1434419591,0.5504239559953971
1933491244,0.5503977894539044
1932496917,0.5502962687962532
1931012337,0.5501705144963078
1879872902,0.5501400475802767
1433230401,0.5499589270778191
2091209730,0.5497640234607424
2095382730,0.5497544270366036
1878587424,0.5496901977160684
1880519011,0.5496552274162605
1934304382,0.5496472269199969
1879207284,0.5495791765782346
1879774574,0.549530609483838
1932526717,0.5494803266709118
1879790140,0.5494046401866866
2091183973,0.5492375059514049
2499565614,0.549155243743637
1879200961,0.5491254393819319
2093863414,0.5490690898856686
1933582313,0.5489146792068108
1433378471,0.5487700001493154
2091214637,0.5486733105657723
1879850750,0.5486307163853776
1879167282,0.5483753306968017
1880501980,0.5483698946479633
2091212663,0.5483339185319773
1427869902,0.5483046964489027
1933505515,0.5481387127428898
1433043994,0.5479772620923132
2094568234,0.5478733443604699
1930165571,0.5476043755930333
1930228511,0.5474960093425126
2503589982,0.5472462547190843
1439551730,0.5472133295291252
2502294870,0.5471340267176531
1434426213,0.5470758914920482
2503819115,0.5469907357376643
1878584035,0.5469195584499106
1879886614,0.5468998708753914
1879213093,0.5465197649208766
1932568125,0.5464001902217529
2499252610,0.5463361974781131
1434732715,0.5461887343873412
1879214497,0.5461816983000288
1880526407,0.5461738623529464
2501578225,0.5460412540394446
1879126995,0.5459823357184523
2095413343,0.545414281670068
2503731217,0.5453380132428245
2500809501,0.5453215943542609
1434447807,0.545300420978918
1434564737,0.5451758280266713
1880544807,0.5451479366419824
2091197941,0.545063259119935
1434235581,0.5448903855576197
1879770454,0.544680483768648
1930158634,0.5446659437503096
1434351692,0.5442461716507927
1931592542,0.5441624705005872
1434424903,0.5441462194909826
1933531492,0.5438677968472599
1434424964,0.5437592559836051
1880457192,0.5435564146957074
1931607770,0.543464954234263
1434421631,0.5433346312887484
1879832410,0.543300692220242
1880442022,0.5432852903980437
2503414640,0.5429577669836249
1878604512,0.5428411385443848
1880534213,0.5426757754894224
1434732514,0.5426612797164898
1879162233,0.5426102999631436
1434419542,0.5424771974658611
1930148521,0.5424697106870777
1879794964,0.5423450825815431
1933509284,0.5422456936999025
2096186462,0.5421598085759564
1433417231,0.5420944820475312
1879884974,0.5420432490493279
1931590410,0.5418823092647876
1434642151,0.5418433003082846
1878596620,0.5415613655009133
1434310311,0.5412844230370006
1931691851,0.5411882533236158
1879158530,0.5411426254097625
1879785245,0.5409623788317435
1434755755,0.5409343261518931
1427900227,0.5406493253673466
1433935884,0.5406403563141102
2499205517,0.5405332432080211
1879145080,0.5402205022699221
1932544583,0.5400301078118876
1433218652,0.5399783520618443
1878582655,0.5396801522229255
1930248343,0.5396762451258486
2502472000,0.5396469723247745
2091181713,0.5393349445505368
2093991530,0.5393242411540741
1932526457,0.5390783383815533
1879813224,0.5388457349188541
1879184891,0.5386792776931411
1880535191,0.5385829036780037
1434199081,0.538437530592362
2094593570,0.5383357578727032
1433606504,0.5379503134223044
1432691295,0.5379060207920703
1879908332,0.5378472710621877
1434243861,0.537731187236054
1433138330,0.5376624777101551
1427592300,0.5374117995067316
1931671902,0.5373990426797801
1880522272,0.5372939704593908
1439331640,0.5372764509706516
1879813020,0.5371011249815103
2499670265,0.5370829287696969
1879145580,0.5370138452398213
1879784077,0.536866798046925
1930999350,0.536603639962293
1930225993,0.5364534569582294
2093050194,0.536394537269797
2502675011,0.5362726855459397
2095485922,0.536230437941648
1879176392,0.5360479122234969
2502636873,0.5359646022738142
1879177731,0.5359253042469276
1434263584,0.5358320102196699
1433310914,0.5357698661768955
1879876820,0.5357337110616978
2502885197,0.5356848569469244
1933513035,0.5354899340028775
1879843151,0.5353817736707381
1439532923,0.5352944695066061
1931627153,0.5351358480408835
1427848567,0.5351175689802762
1879133002,0.534925657445931
1434771544,0.5348361543271777
2095363141,0.5348217815761775
1878586385,0.5348166622101194
1433305461,0.534753594555419
2092022550,0.5345451183015909
1880476793,0.5343759171052372
2093935072,0.5342806474602334
1930245992,0.5341706775504508
1934320697,0.5339143381741925
2502294542,0.5338434240264517
1439595414,0.533535450360813
1932584891,0.5333731268105226
2503185300,0.5331810525208043
2503735491,0.5331261209307123
2095336533,0.5330916564385277
1433933491,0.5330108810174556
1434557285,0.5329327880623667
1879155530,0.5326068861586639
1930188835,0.5325189870068154
1427682987,0.5324850275660648
1879903355,0.5324644745310999
1931665431,0.5324092133387943
2499496530,0.5323712398502043
1929307083,0.5323065106732882
1432805264,0.5321852636241766
2092918875,0.5320995954002106
2502160832,0.532093271039246
1433543690,0.5319496347620625
1879167280,0.5319485307099759
2499540550,0.5317536896645872
1932470601,0.5316134001183644
2092939483,0.5315189994359502
1427785057,0.5314675482517218
1427590831,0.5313774490070441
1880450772,0.5313628103018587
2502643273,0.5309897664397916
1930955494,0.5306951442616086
2091993037,0.53068003986056
1931670622,0.5304769825641719
2093066435,0.5304134609491213
1433518063,0.5303580792273178
1931666694,0.5301491946209507
2093941700,0.5300665899090821
1879797891,0.5298701893340748
1930943243,0.5298529088210768
2091181502,0.5297092886234946
1880500503,0.5296307524538763
1930246545,0.5295383857831777
1879867287,0.5294625131543012
1433751803,0.5293771472824778
1880442072,0.5292345236143922
1878577960,0.5292309703610839
1930994834,0.5287642831345157
1879241531,0.5286862766540878
1879836662,0.528672075737592
1879143957,0.5284913432901325
1433653314,0.5284683290008169
1434465751,0.5283278277931471
1880455814,0.5282803441109102
1879192453,0.5282077388914511
1932499721,0.5280659845455048
1434345395,0.527920835900025
1930148975,0.5279120856226114
2500845293,0.5277728215240085
1879908067,0.5277036723472442
1434766840,0.5276690195883793
1433560783,0.5274222202919912
1879847300,0.5273969983456585
2502647937,0.5272941021015108
1930940283,0.5269528648606364
1433506392,0.5266459610952642
1879183244,0.5265865122753599
1880466742,0.5265776200539843
1433478450,0.5263689742968838
1434747404,0.5262389346279912
1434559737,0.5261408801335682
1433866004,0.5261008951131694
2500991562,0.526069963167881
1434348073,0.5260126023252555
1930940544,0.5257242827801213
1879168340,0.5257186408468022
1433345865,0.5256561585456393
1879204481,0.5255096541528902
1879145085,0.5254382515377045
1879804230,0.5253820406563767
2093987277,0.525333500773362
1879184517,0.5251367631412741
1433714461,0.5248049877991374
1878598573,0.5246457147941167
1879156402,0.5246444130443977
1879828401,0.5243692783595308
2094604053,0.5240443058689713
1878593964,0.5240223071524477
1880520570,0.5240160748900331
1879243234,0.5240087831295843
1434564321,0.5239685092005892
2094582245,0.5239278211064837
1433228560,0.5237242273968795
1879839551,0.5236441355719487
2503847682,0.5235548962232857
2502835711,0.5235239174687408
1930997573,0.5232734922018579
2091198994,0.5232718756184324
2499290194,0.5230938127477582
1931633462,0.5228942575745604
1880491662,0.5226564416596071
2091288237,0.5225314441709653
2093968013,0.5224541484350288
2093888471,0.5224214537950417
2093978254,0.522180699924581
2500829892,0.5221117130807464
2092021465,0.5219176076940765
2091227401,0.5219013917765774
1434137012,0.521640155515508
2096187871,0.5216281776528673
2091282502,0.5215114049929745
2092926110,0.5215070351818757
2092824721,0.5214489324931468
2094619862,0.5214305348749099
2502742444,0.5213252435161777
2502349134,0.5213130965630083
1879187595,0.5211547349353773
1434420081,0.521061420125858
1879849895,0.5209042432781842
2094632757,0.5209007086961835
2092837295,0.5208778008905073
1433088241,0.5207958469035914
1432735085,0.5207548330875306
1432785024,0.5207301956261516
1434190202,0.5206254372804835
2091205603,0.520624489189275
1433833077,0.5205276017568142
1434228821,0.5203860461622513
1879134031,0.5202999204839036
2094562911,0.5201398739683495
1933549441,0.5200667759731965
1879805097,0.5200082575441877
1879130233,0.5197909001218036
2092820791,0.5197820792320246
2093018750,0.5197441096613984
1434426421,0.5195714765374965
2501518671,0.5194593001341657
1879174047,0.5194407880026966
1880451887,0.5192815331313607
1433057603,0.5192245256588408
1879167022,0.5186688817136476
1433764400,0.5185552930565632
1930950300,0.5185438544905376
1931606564,0.5184230593032735
1879824034,0.5183028452974507
1433596983,0.5182455903933546
1934315867,0.5180267453026254
2499578592,0.518020500686747
1879204733,0.5179979794791375
1879806221,0.5179404619148946
1879220321,0.5178218620218746
2093031417,0.517747404579134
2091248795,0.5169357922644603
1879135361,0.5168967732145877
1427701864,0.5168558850152796
1879197002,0.5167409958048564
1433496540,0.5167372688322208
1434498742,0.5167125986345883
1433647611,0.5165777479516592
1427716985,0.5164414507188744
1930211315,0.5163467810491359
1930969033,0.516160321699767
1880476042,0.5161321540695082
1879149511,0.5160699388909804
1879894420,0.5160161678497704
1878596574,0.5160104237914479
1931618811,0.5160038632714047
2092943774,0.5159855262208253
1931658307,0.5159701187861357
1879792962,0.5157904963757453
2503795060,0.5156901712999086
1432936420,0.5150674030806828
1931638773,0.5150651078164993
2501582641,0.5150534862171585
1879806462,0.5149911689555629
2093906730,0.5149887410609811
1879837111,0.5149692083618772
1930217551,0.5149349103236756
1434510235,0.5148863070233077
1433668703,0.5147710721943209
1433277800,0.514183435356824
1433305747,0.5139292568835571
1879152222,0.5138972812259348
1930154233,0.5138575954708214
1934323725,0.5138144456555349
2092914461,0.5137938673075939
2502445640,0.5137466111195337
1433341422,0.5136313378512065
1434730644,0.513630513521958
1880459165,0.5135620197105557
1434000397,0.5133605291647504
1879200502,0.5131285547802603
1434721137,0.5130979476282392
1933526635,0.5130703115184192
2092093090,0.5128292688407828
1433899854,0.5126555669215482
1880451182,0.5126540444725602
1434643147,0.5125807899981356
1434502651,0.5125294304104039
1879155935,0.5125209003900125
1931008920,0.5123952651414081
1879840172,0.5122834045357486
1930970327,0.5121714180447619
1878592927,0.5121574846972966
1434282604,0.5119288721625775
1433739244,0.5118422360844795
2095433595,0.5115752703303691
2091988750,0.5114306948712211
1434711685,0.5113380127087008
2503066912,0.5110429853928498
1433801405,0.5109373823969167
1931594170,0.5106576240329744
1931015301,0.5105658039110051
1932459477,0.5104702569178148
1933514114,0.5104281407732314
2094655364,0.5102871622420153
1879134130,0.5101371636776323
1879166904,0.5101219444657988
1433791590,0.5099529024886507
1880492085,0.5099225924844252
1434504367,0.5098713275205415
1930183927,0.5097882952037887
1879770050,0.5097529072596649
1879861982,0.5096733746248445
1879136302,0.5093154278610253
1880503964,0.5092300994391117
1427837635,0.5090015960409173
1879134392,0.5089799718014205
1880518065,0.5089219720587168
1434224753,0.5089178590067773
2093011980,0.5087439596174608
1427758353,0.508727854446392
1932459383,0.5086345067487417
2500953563,0.5082826722487783
1930981985,0.5082779202271085
2502160831,0.5082078078371639
1879777673,0.5081914201584302
1879165097,0.508064203658988
1879843533,0.5079099579290627
1879773981,0.5078111309262221
1879213375,0.5077596159942237
2092030383,0.5077382487188666
2499276117,0.5076986152792754
1880447342,0.5073405425534778
1427860691,0.5072873230607142
1931670954,0.5072411471497617
1930239843,0.5070439322028235
2091261215,0.507037305585119
1433428820,0.5070358247030192
2499254732,0.5069243585350612
1879170940,0.5066938643163628
1879838192,0.5066326355829116
1433637537,0.5065996254711753
1931003013,0.5065762657016412
1434510764,0.5063419589240897
1439385562,0.505841404837767
2096255124,0.5057269141577164
1433668467,0.5055889512856604
2092866067,0.5055386453766033
2503079482,0.5053257152136013
1434460071,0.5052661425266217
2091966895,0.5051020897153257
2094630197,0.504795627541456
1879198502,0.5042932392009289
1433594093,0.5042924843419889
1931592705,0.5041827897085377
2092015653,0.5040774656875847
1930140375,0.5040356425152591
1878583115,0.5039253338896306
2092775401,0.5034126795756475
1879882765,0.50336704915323
2093003253,0.503280072290056
1879160491,0.5032519361578276
1878579107,0.5029493872479271
1433646237,0.502830443943689
1879130405,0.5028244626700159
2092823411,0.5027764785144746
1930949072,0.5026987330160542
1930229825,0.5026289566041345
2500103512,0.5024048076513554
1879224264,0.5021609272278597
1434081092,0.5020755222270227
1880507755,0.50188578386654
1433845555,0.5018824536965483
1879804590,0.5018816797723951
1934302332,0.5018736934402216
2091201194,0.5016333727738621
1879810073,0.5016301082679878
1434066772,0.5016000185439504
1878588667,0.5014647756595734
1931657053,0.5013558085732142
1434114220,0.5013403135198244
1433070232,0.5013335126180525
1879880354,0.501062955573759
2502235304,0.500977120609954
2499761712,0.5009502104689534
1433286642,0.5009422183050423
1929317197,0.5009243498516475
1880474951,0.5008292411718106
2499575284,0.5006172285888524
1879169997,0.5005781607581371
2501743761,0.5002868903768605
1879230850,0.5002671735393365
2093022531,0.5002554013363053
2091241342,0.5000656188611303
1879194601,0.4999487892327726
2502498080,0.4998924907006256
1880495045,0.4997780913541057
1879768804,0.4996873585910279
1931691605,0.49966989127330025
1433481133,0.4996588280874507
1880512414,0.4996410654526891
2092022200,0.49946983741863415
1930196420,0.49942291071579165
1432724711,0.4991481825561805
1879781792,0.49911700382801943
1879203637,0.49911170792470344
1931688311,0.4990954594966527
1934322984,0.4988454419497734
2500990120,0.49881004914419347
2501762335,0.4987786979546635
1427834320,0.49859083837258233
1879823630,0.4984808771969305
1879786732,0.4984147583996521
1433265597,0.4983404954810293
1433341277,0.498310595666265
1434531735,0.498288097462914
1439316504,0.49828483566610926
2499846657,0.4982638592362156
2096191451,0.49818395431253976
1427840352,0.4981496084349681
1931626407,0.4980020158270657
2502081387,0.49797929312090444
1439482777,0.49796418080150123
1879150034,0.4979569713983651
1879126244,0.4979446379816964
2092077323,0.497906913164065
1930965767,0.4978659026374909
1879150955,0.497799397211911
2499476163,0.4976939483610976
1930198160,0.49759128117690116
1433631280,0.49748635766876886
1880434252,0.49748616714046906
1878587233,0.49747512983657743
2091986543,0.4973275559665904
1879234880,0.49727975588081746
1933516095,0.49720917617282084
1434307681,0.49694899154914507
1434182501,0.4968384723937553
1880538780,0.49660706523248277
1879837990,0.49658964493693813
1879161730,0.49628105255149796
1930149441,0.49626968370092017
1879199295,0.49626872781327686
1433852991,0.4962508151439234
1880494383,0.49619018805737986
1433229632,0.496064737198327
1878594043,0.4959070732678739
1879216587,0.4958275011744884
1930177004,0.49578688765862267
1879168733,0.49573095247143906
1433962915,0.49568972472408845
1879835622,0.4955794058070183
1879193925,0.49510433149039573
2091216905,0.4949039250295873
1880532555,0.49482217138494633
1931028585,0.4947711930105381
1434536551,0.49469989890375154
2095467563,0.49466819164029435
1931010914,0.4946098733996023
1878580667,0.494408571509561
1433872087,0.4943418317627969
1879797051,0.49428079478345555
1879856853,0.4942559804767448
2499573814,0.4942484267814681
1439387340,0.4941608456742523
2500185220,0.49412845939720007
2094602937,0.4940165994474495
2092789061,0.49391167118249485
1879129565,0.4938428328700242
1879139004,0.4936286870564476
2503515913,0.49352704094669014
1433575465,0.4935055757420864
2502577127,0.4934578780788856
1879151193,0.49343671106534304
1930174345,0.49336211646812445
2502509532,0.493348210656948
2092066705,0.49332686812420123
2091973893,0.49313084086930814
1879132835,0.4930094805998206
1433758267,0.4926931247590455
1434660360,0.4926385273059317
1879156641,0.4925656080265673
1879212093,0.4925060400093277
2091239712,0.4924892166690298
1427854112,0.4924257874014591
1880501330,0.4924150819723715
1932645644,0.4923671560508346
1432725760,0.49222348993692644
1433691375,0.49213673865696117
2502314732,0.49213190487692604
2499595081,0.4918921578461082
1434747630,0.491852881866478
2092091702,0.49179176236273603
1433864152,0.49170866914214595
1433999665,0.4916469181762815
1878586877,0.49161782752859084
1433554382,0.49156356503173054
1931021683,0.49155188256060023
2091204184,0.4914626102905706
1880452731,0.49146069301324247
2094624710,0.4913524955515074
1427751511,0.49118414680792516
1930149945,0.4910837882936534
2501605592,0.4910584664784985
1879911024,0.4909962058820105
1932554282,0.49090699294465256
1879142160,0.49088022070172044
2500496697,0.4908651045532132
2096244891,0.49070623719856943
2092883075,0.49067785793471513
2093978042,0.4906269179145166
1880507171,0.4906251292710104
1879146051,0.4906065223979367
2092806983,0.4900597733705727
2502214751,0.48985430582003653
1879807004,0.4897826573571665
2501577444,0.48975573992160903
1933568354,0.4897204819018408
1930207255,0.4896885231924689
1879184040,0.48963797823011185
1931656571,0.4896193743748803
1879912241,0.4895820751982659
1931618645,0.48951890757839284
1434763932,0.489349722987231
1931687261,0.4892502569794886
1931616813,0.4892268748948496
1427672811,0.4891670514853806
2096257452,0.48914029610563237
1934312607,0.4891254690511309
1930238760,0.48906625486398325
1427864321,0.4889026223706317
1433636373,0.4887240551206133
1433032790,0.48848747640788615
1439451013,0.4883482818366654
1434750034,0.4883376216480386
1880536125,0.48833750368587775
2091954005,0.4882530172765829
1433758735,0.48803062215174864
1933522340,0.4879100084803433
2502452763,0.48788873779968583
2095349894,0.48788434893349036
1433207191,0.4876266356008916
1930155762,0.48757205796142
2092996530,0.48744370788947766
1433059564,0.4872437335751679
1433304605,0.48712444447936315
1932571185,0.48707150646160874
1427864260,0.4870148286806316
2095355117,0.48690476148447537
1439626837,0.4869037299754615
1878597082,0.4867709026876597
2092013871,0.48649727192727926
1427890455,0.4863915825522237
2093954513,0.48637543199629923
1933540517,0.4862721448366476
1879187742,0.48610102001339517
2502443574,0.4860397026108875
1433959054,0.4860259988834403
1427830533,0.4859701042864016
1930175220,0.4859615108941197
2093091603,0.4859305648313531
1879901255,0.48566062656959597
1434566265,0.4856569311746012
2095477823,0.48557196937120406
2503656442,0.4855570685702721
1439545701,0.4854760657202802
1433730470,0.48518123301410626
1433134215,0.484980588087651
1878577443,0.48497805713441805
2091998194,0.48496787840085953
1879139463,0.4849217929762703
1930160684,0.48485083601021495
1434660721,0.4847450113593738
2093084625,0.48473939573883906
2092063751,0.48472842868622273
1879802107,0.4846942549487756
1932459814,0.4846216425140731
1930195211,0.4846076404531863
2502729377,0.4845000169477603
1930180122,0.4844647656873528
1434456800,0.4842976738785833
2499585702,0.4841834899059045
2500406050,0.484088753831142
1931634564,0.48402309801818433
1930137013,0.483930519107331
1879145194,0.48383215915300726
1931008083,0.48382736213034755
1434541951,0.48374648625206645
2092029500,0.48366754458152944
2499448075,0.4836571343891266
1879808471,0.48351244195943494
1434717217,0.4833547799834057
2501851064,0.48321550073672803
1880512672,0.48319372826095836
1931622151,0.4831382239765724
1880494774,0.4830917045786024
1434701294,0.4830561262201514
2092963791,0.48289744390778716
1434634922,0.48266379259704933
2499535565,0.4826495670502564
1434420062,0.4825909264994501
1880450407,0.48256049822647645
1930948044,0.4824053915195295
2094640780,0.48232803222622717
2091221131,0.4822341321199476
1934300967,0.48222545904719927
1880427535,0.4820410696534916
1930963823,0.4820255593223722
2092087977,0.4815926725905019
1439386423,0.4815642194534945
2502723563,0.4813955237501605
2502948892,0.4813397474336944
2093050600,0.48126140609636586
1934313423,0.48123850318946254
1879179924,0.4811375415961086
1930945923,0.4810940025629007
1879876312,0.4809720102747657
1880459891,0.4809611304181241
2091191752,0.4809159525210801
1879189555,0.48088113186200065
1433965811,0.4807193761308839
1933567755,0.48064207927848457
2091208623,0.48059181310256455
1930955163,0.4805842436135216
1434380940,0.48032219568608675
1879215861,0.48027583075143965
1934309274,0.4801328508938844
1930202785,0.4800988053516828
1434553561,0.4800161340926716
2501439933,0.47997794541744465
1879847921,0.4799067687766022
1879234602,0.4798676251758923
1878581232,0.47975319599253946
2499646710,0.4797517661052858
1879200053,0.479746281152849
2502796770,0.47955442374424895
2092043947,0.47951219556484315
1439502590,0.4795023166105251
2503480454,0.4794657651180132
1432718793,0.4794649326266764
1434184805,0.4791282960157243
1879768342,0.47911162239364713
1433638020,0.4789655214971488
1878602162,0.47895650867229206
1878578202,0.47885689596951964
1433742643,0.4788125280620198
1434768663,0.4788049659010281
1879188362,0.47865212024799547
1434341077,0.47863509662353027
1879128395,0.47849918540606146
1879208353,0.47848928831316834
2500192650,0.47836953693735024
1434180100,0.47834782950803323
1931638380,0.4783377923488881
1879868534,0.47822875195836967
1880505975,0.47814298806926786
1880449090,0.4780225588458805
2503385734,0.47794715290468115
2093877881,0.4779017627055758
1931006010,0.4778192640744091
1434392503,0.47768907152909085
2092967043,0.4776538086812912
1930956663,0.4775164993978845
2499701364,0.47749319130416956
2499600715,0.47743570671627805
1433665610,0.47715590919944195
1879210305,0.47706422535475584
1433219737,0.47670102787721713
1931010185,0.4766772198514029
1930141241,0.47648817996373
2092769347,0.4764300868385208
2092895693,0.4763642500371315
1434282653,0.47618785556797455
1879902534,0.4761447012429192
1439462111,0.4760748233510563
1932517774,0.47606827707544247
1434440064,0.47604096226509973
1931026657,0.47579856134342785
1880521572,0.4757093420120708
1930237825,0.47555968116372194
1879875315,0.47554487969753173
1433063440,0.4754956716054034
1879189522,0.4752469061567016
1879225765,0.475171247755742
2092998852,0.4751232283006439
1879900374,0.475073545258414
1930985463,0.4750484862125898
2499302000,0.4749532658330096
2093922244,0.4749286633274414
1439521832,0.4747368369188703
1879140633,0.4746725842341577
2502850823,0.47465657434678404
1434104447,0.4745764411013236
2499238152,0.4745669840465028
1434731981,0.4744230149597472
1879882810,0.4743999831260622
1934304752,0.4743797001953108
1930209777,0.47430972021226897
2503623450,0.47400678590551437
1931612277,0.4738570687849937
1879896341,0.4737065815976571
2095367872,0.4736408186544266
2092073525,0.4735697849116888
1879141351,0.4734338823903719
2092876215,0.4733883312763866
1930244925,0.4733724268460398
1933575493,0.4733544664478795
2501321532,0.47330234548565364
2500857540,0.4731986592719056
1879844885,0.47318572994707986
1432895575,0.4730869962552448
1879794900,0.47301347650973924
1434029707,0.4729827960696529
1930973297,0.47262881353751884
2501869350,0.47257639412014774
1879783072,0.47249385180697484
2093867161,0.47248375038046486
1879903004,0.4724722480658955
2501161275,0.4724531246816022
1434585263,0.4724389434431307
1432663931,0.4723948788631329
1434642131,0.47235730664963577
2092000735,0.4723530021115522
1879194432,0.4721806479024239
1434143190,0.4721274639423613
1434338352,0.47204466654826993
1879135614,0.4720294274349744
2091989041,0.4719337395165149
1880456420,0.4718711514937845
1433483257,0.47186599545193825
1439591115,0.4717027469209904
1433144245,0.4716755029753453
2501585892,0.47165333835991613
1930936075,0.4716000201185502
1434289237,0.47152840638206267
1434083793,0.4714821947535944
2500293390,0.47123414419390125
1433552760,0.47086893172757177
1930932124,0.4707470567059137
1433163723,0.470702204452776
2501792972,0.4704424921906564
1930983443,0.47027608903731316
1931588261,0.47021711206728906
2094676837,0.4701689855569956
2095425003,0.4701124211808179
2502140135,0.47000475100857625
2095489837,0.4699048661760057
1880424747,0.469764386582478
1880466722,0.4697521965409195
1433996671,0.4696923102430561
1434769525,0.4695028889051008
2502168854,0.46948692524506386
2501950561,0.4694323167965764
2500114310,0.46925009734037904
1878578191,0.4692053136569466
1878585421,0.46914201235732084
2500109674,0.46914185832317257
1933501687,0.46908470204865077
1433447725,0.46906812675638654
1432785783,0.46886005679480386
1933532702,0.46880481987510836
1934322781,0.46877169818626996
1931602815,0.46858301646635764
1933502173,0.4685362206334547
1880541811,0.4684164062479092
1880543295,0.46838863183754914
2501244310,0.4683154043133127
1879769734,0.4682907254768865
1880528621,0.46828382715027217
2096226313,0.46827776328062587
1434744771,0.4681922506626825
1880537700,0.4681424816385431
1879139245,0.46805650324407133
1434704997,0.4680269780553512
2499208964,0.4678065356907948
1931615354,0.4677691983836636
1433943210,0.4677326067662077
1879220197,0.4677321557727103
1931685907,0.46768989868107447
1879861867,0.46742932273862875
2503803340,0.4673299828693483
1880456120,0.4672180997900135
1930178262,0.46707472200861244
1434119177,0.46688402701612014
1930984960,0.46684228140183776
1880453697,0.46683734724517867
2091982001,0.46661052257535623
1879901992,0.466594407931889
1879796033,0.4663353328272463
1433646922,0.46633299580903015
2091976587,0.46630517697379564
2501397475,0.4662442279243566
2092050097,0.46611101393432247
1931692594,0.4658524748755724
2091997843,0.46578057089438807
2095453897,0.4654967423216627
1433657347,0.46532505845631617
2502198263,0.46527631727588614
2095348250,0.465233341930895
1879838747,0.4652117095284474
2093870940,0.4651887665052492
1879864903,0.4651385456196603
1880428513,0.46496263883658034
1433830194,0.46495153078206
2091252791,0.46494835447178334
1880532025,0.4649385741846065
1879857984,0.46487667422659845
1433393804,0.4648738875845001
1432702001,0.4646260076230801
1879171053,0.46456132226074665
2093971127,0.46455641739025344
1432612955,0.4643779011094
1880504060,0.4642072684482914
2092815185,0.4640010971593227
1439506484,0.4640005967776969
1929304267,0.4639245605513264
2092873110,0.4635775908590323
1879199610,0.4635399572522239
2093014723,0.46351295738086556
2092938840,0.46329244164361105
2093046393,0.46328104695442135
2095439577,0.4631324452643146
1930212491,0.4629591738633526
1879173071,0.4627964648294867
1929308057,0.4627428533543714
1930193667,0.4625272773850171
1432645403,0.46229832852612646
1930139031,0.4621962482406025
2502322064,0.4621953535852371
2092864580,0.46208509212955073
1931675414,0.46193291928093727
2093867111,0.46171834600449563
1931641951,0.46159495061575845
1879191701,0.46148759726209915
1880521735,0.46147430505614717
1880502731,0.46133689944006767
1880494010,0.4613275928562235
1433903955,0.4613102371474945
1879777331,0.4609136929089087
2092045355,0.4609062439406581
1930187431,0.46088705012325676
1934311760,0.46087985697627454
2092903852,0.4608774349769974
1427871170,0.4608629375716789
2092756995,0.46078485461672164
1433578515,0.4606254844608566
1427699837,0.4604905522614587
1931599557,0.4604760710534439
2502015954,0.4603436178149682
1880506252,0.46031292016110936
1434639643,0.46026001053066395
1931655655,0.4602252023489583
1933543465,0.4601872394783081
1439430370,0.4600122688109248
1930954471,0.4599693087586171
1433502264,0.4597415129866185
2502656582,0.4594967893253904
2092984265,0.45859894149243563
1879841224,0.4584028898857028
2091184465,0.4583223827721452
1434593852,0.4581960136124542
1879860222,0.4580127348257854
1930988275,0.4579557895510252
2092003205,0.45792167536509554
1930927003,0.4577814474024267
2501503710,0.45773877272650376
2091969695,0.45771317498337005
1878577095,0.4575344751726352
2092940467,0.45752757821847945
2091288993,0.45730702320388483
1434226220,0.45722965622554734
1932576647,0.45718837858674133
1879884724,0.4571558741129293
1879237691,0.4570861523176312
2093048151,0.45704223908866987
1427855105,0.456919303519263
1879235277,0.4567337007281552
2092882041,0.45649440386370826
2092790224,0.4564615456904813
1434088937,0.4564192513811776
1933592057,0.456415268014166
1931660912,0.4563993447903061
1933562353,0.45636839782959515
1879884332,0.45633198130184194
1433066175,0.4561766222466239
1880496205,0.4561433263240648
1433032465,0.4561253018052192
1880441582,0.4560947273034812
2500706622,0.4560697326132528
1880439182,0.456066966064192
2501907501,0.4560361511035333
1932456487,0.45602107488806765
1880435202,0.45600415727991317
2096257231,0.4559339049990066
1879894863,0.4558884571621631
1879788732,0.45563027555041585
1434483330,0.4556229017538873
1432703867,0.4555449399558039
2093915881,0.455434329488132
2092914524,0.4553102976525998
2499314952,0.45528385805560234
1433609564,0.45512221858124086
1879169402,0.4551215374041976
1433685875,0.4550704197437649
1432616984,0.455050036556632
2499805230,0.4549962778397316
1930149725,0.4549960519171452
1427608695,0.4549943999081366
1880544771,0.45495405952119755
2093986285,0.45494694590760004
2502260182,0.45481506442698366
1434461050,0.4548015281885234
1880443285,0.45445951846879945
1879189547,0.4543692669979355
1439320732,0.4543201129262143
1880518521,0.4542581213780601
1880506000,0.45400420378830597
2503862422,0.45397513879552565
2499477321,0.45389135871901753
1933578004,0.45388961871522554
2503498813,0.4538030533179542
2502365680,0.4538010073910583
2503911060,0.4537898906991491
1878601113,0.4536809121279208
1930201521,0.45361861202768916
2500904052,0.45361758597201557
1439377027,0.4534930289858466
1434251832,0.4534753842769336
1879812904,0.4534735456261365
2503303150,0.45342245857510244
1932505485,0.4533477243558671
1880512827,0.45320919723824826
1434362572,0.4531621854455536
1879192224,0.453156944609177
1879232854,0.4531380348734888
1931635527,0.4530778139775092
1879828032,0.4530392482869581
2093026454,0.45283772096449537
1433385411,0.45280544925334953
1433385627,0.4525061893275473
1880501890,0.4524345620681588
2094675562,0.4524304151748947
2502919853,0.45234891850111414
1930188871,0.45216449700313927
2499721744,0.45215492626016146
1933502477,0.45184908055271966
1930154655,0.4517833425618655
2503739834,0.4517733631419949
2501473964,0.45161523490712074
1434654963,0.4515512415980799
1930196033,0.45133103940414043
2093007033,0.45129326639887224
1930978814,0.4511594641240186
1879813564,0.4509474520501122
1880425094,0.4507035881193055
1434231522,0.4506937173620121
1930196863,0.4506926195326923
1878599187,0.45060748638455567
2499281561,0.4504819905541521
2094574507,0.4504616221497606
2502141592,0.4504335524385189
2501726952,0.4504152170527514
2093962151,0.45038023051783105
2503931324,0.4503767202984833
2092920133,0.4503340059430751
1434515530,0.4502747037618105
2503628165,0.45026585640645744
1880478602,0.4502083960127323
2499220427,0.45011626185053977
1878596054,0.45004350020759404
1879815392,0.4497997162846874
1930966837,0.44966681410569737
1434224355,0.44962345737967924
1879803475,0.44962045869195594
1433298592,0.44960440496099485
1931002392,0.4495560318684955
2502137600,0.4494924527091296
1433210537,0.44931833780517993
1930252473,0.44931555221109165
2091256321,0.44905027778763434
2502030823,0.4489456736336344
2092822234,0.44892942000514113
1434604293,0.44887772908264517
2502511822,0.4486909540767318
2502047610,0.44862600041187223
2500941035,0.4485107860683373
1932494700,0.44841156915633557
1433302311,0.4483470351590636
2093960491,0.4483437349528539
1434718541,0.4483315918772801
2091224645,0.44832173752929794
2091955322,0.4482569884298178
1930243203,0.4482468285453231
1932566162,0.44800088037771746
2500183222,0.44782578367649256
2094629835,0.4477847188329179
1878584127,0.4477570673192668
1931610907,0.44775437637914894
2503865540,0.44765639999536694
1427616842,0.44753049823744806
2095370230,0.447511062480722
1879840542,0.44744701625377153
2095464937,0.44740359870678026
2092022164,0.44739912246110397
2094604510,0.44727245221158174
2499218462,0.4472360668076497
2096197135,0.4471730069614539
1434203610,0.4470463736208073
1434078367,0.44694389566886195
1930164227,0.44672549693165464
2091968342,0.4467024210595167
1880502085,0.44663536351575056
2503513380,0.44649996007396214
1879898995,0.44642751421855986
1930145635,0.44620803340300824
1433711954,0.44585935722869424
1879154217,0.44576366624506397
1433727052,0.44570503750592766
1879176622,0.44568143324221243
1434595863,0.44565812758317463
1879793421,0.44549055134256077
1931617721,0.44517311153788747
1432674253,0.4451061253619995
1433368312,0.444984434823672
1432780360,0.44478137522760997
1930196795,0.44473701457302217
1932634004,0.4447345967159005
2095384362,0.4446908510761539
1879894060,0.4445971575999928
2094626040,0.44444247378076607
1879890827,0.4443400195771631
1930948903,0.4442817545926027
1433325045,0.4441878841496646
1930222534,0.444158922867679
1878584581,0.4441454396005292
1933525097,0.44414229738287875
2499590433,0.4437689879696433
2093019367,0.4436298210476713
2502007812,0.44349237864005847
2500340490,0.44342651908511355
2093905824,0.44338863114684895
1880466291,0.4433520020753036
1930982357,0.44318167063868186
1879195004,0.4431395832784099
1434489412,0.4430837339722296
1433158597,0.4430518590868947
1934304085,0.4430060280161655
1930987565,0.44298577350447044
1433603622,0.4429757459129364
1933580580,0.4429101948115375
1434283474,0.4428766704504849
1439612393,0.44287119795038654
2091986131,0.4428668341156585
2499394864,0.4428187149218386
1433466462,0.4426692877451324
2500203413,0.44264257307923865
1880526935,0.4426008254890273
1879190741,0.4425939635485596
1931694330,0.44255897792010074
2092775241,0.44255403702949014
2502124400,0.4423654950544064
1879146780,0.4423381153272233
1434285184,0.4422341564244801
1932499622,0.44221968397112976
1434544810,0.4421173353497824
1433353080,0.4420522608263025
2092971103,0.44190487021862745
1879901644,0.44183603826661555
1930182093,0.4418243219299585
2502530682,0.44157042242686906
1878580004,0.44153162145448555
1879159590,0.44148769893765977
2092825207,0.44148387566873226
1439370650,0.4414123475122063
2499311944,0.4413904261421379
1878603547,0.441297711481155
1879789757,0.4412907261024859
2095474875,0.44127832996900046
1434125854,0.4412777614475545
1879135063,0.4411155043225891
1931672847,0.44102829259972154
1931673484,0.44085060628016315
1879892092,0.44080706302895084
2501965674,0.4407727130351928
1879911894,0.44072515841281223
1879227784,0.4406720486535028
2499764350,0.4403402215776502
1432974172,0.4403315763671928
2499241432,0.44025610704974877
2092921772,0.4402303366112715
2503630092,0.4402277224161219
1432954130,0.4400417888915077
1879183200,0.4400305822437741
2502107100,0.439951286519834
1930191663,0.4396960377970638
2093860037,0.43959789489233625
1434544513,0.4395254540013291
1879822043,0.43915892362796355
2502731733,0.43913659393839527
1427862181,0.43907057907290264
2500413904,0.4390181011756188
1929310313,0.438956655598249
1880488485,0.4388970137991337
1880497114,0.4388960485592646
1434177157,0.43878702145434345
2095346027,0.4386936672927182
2092794371,0.43866054421573336
2501369984,0.438645319656799
2095404687,0.4385786746871994
1932591893,0.43857038613808624
1439362620,0.4385178798243471
1930981352,0.43823569985453203
1879801550,0.4381223244588838
1933539462,0.43809683991069215
1880448245,0.43806550733607663
1931683174,0.43797532130909816
1931658070,0.4379402106690146
2095450235,0.4379241517689916
1880497102,0.4379035754765729
1879820723,0.43787454219712263
1933565622,0.4376088053473258
1433237377,0.4373057362680239
1930996643,0.43721119234691347
1879160514,0.43718136213653935
1434757120,0.43709683485842954
1433072795,0.43703969697758965
1879856112,0.4369778010411374
1930950260,0.43691563577244846
1880511843,0.43679301355620054
1932548365,0.43677332874434077
2092811361,0.43672014666018877
1879172017,0.4367163916812685
1880517107,0.43666056882332005
1879168323,0.4365700634756766
1434418352,0.43650087515120445
1433447874,0.43648774536399737
2500268340,0.4364583575738747
1880452447,0.4362349946186105
2091230723,0.43620027572948133
2503112265,0.43584274904913967
1933561393,0.4357786808283633
1933577791,0.43572228595455
1931626655,0.4356071858190684
1931693170,0.43548628955615537
2093976291,0.43541508276716173
1427716044,0.4354111581413691
1879159893,0.4353787037959389
1930180117,0.43526483426897716
2092756964,0.4352644911093917
2091989561,0.43513947848266804
1434767884,0.43504521614940705
1931592151,0.4350346891895573
1930162215,0.43486669738573624
1930200011,0.43476694435169266
2092858925,0.43471879039616484
1879225737,0.43468846776216546
1879829462,0.43466480517459
1930186197,0.4346519252321655
1930175471,0.4345967620623212
2093931387,0.43418899597824534
1433003152,0.434109492498474
2499491461,0.4340890775775689
1434720681,0.4338873337076721
1930148957,0.4338269438665494
1879795537,0.4338060465905682
1932513320,0.4338042904760872
2094650971,0.43378950108000386
2092957237,0.4337649541675053
2499282211,0.43375158221820276
1880479792,0.43354667323035867
1880541425,0.43340379855679134
2503056460,0.43305493518149296
1433039047,0.43291433606084634
2500916822,0.4327746729789436
2500299700,0.43268979169142946
1931639737,0.43266029435586895
1432725934,0.432626271984105
2092757155,0.432414786563313
2094679910,0.4322166831402608
1931013913,0.4321981081898953
1879791110,0.43185054946726426
2502307687,0.4316094291944682
1879852660,0.4315483174622308
1930157535,0.4314292263262646
1930172525,0.43135185580909774
1879132554,0.4313225519907627
1439414705,0.43131499670142986
1930979700,0.4312599401111652
2502546630,0.43114317450953626
2502240043,0.431087299335196
1433205823,0.43102145125869284
1878591313,0.43095084592215016
2093911634,0.43092501762055646
1879771057,0.4307329011200034
1434193271,0.4307114637950338
1879812695,0.43070703875511857
2091191900,0.43062612760842495
2092796333,0.4305516963629139
1930199167,0.4305490275968184
1880451044,0.4304751796433588
1930953171,0.4302639578096426
1879240773,0.4302215712465933
1439358541,0.4301683247057685
1434139611,0.42998949053741553
1932470121,0.4299600197869931
2095356013,0.4297115934264755
2502245897,0.4297017100228854
1930219040,0.4294806969984074
1879894654,0.429473975288533
2502985532,0.4294145373618838
2503564502,0.4292445069032197
2499230872,0.4291931307238985
1930247287,0.42900522299150273
2092028927,0.4289135436223081
2092803667,0.4288538147185049
1879816440,0.4286109981400223
1879853932,0.4285693172528834
2092012817,0.4285601747769645
1930960975,0.42855007000843887
1879856344,0.4285209172986675
2091204570,0.4283484480551752
1879878010,0.42828632223773716
1879771370,0.4282270875690015
1879904025,0.42816268187137885
2500167733,0.42806826864495556
1433857384,0.4280579023453757
1434642433,0.4279274615931616
1433713134,0.42787142127384276
2092917647,0.42786781316122563
1433504873,0.42779334139251846
2501820164,0.42779241588309874
1934314961,0.4276737859235543
1930219773,0.4275547084892414
2500289390,0.4275250720075892
1932448024,0.4274137097888114
2502731893,0.4274107604820401
2499255137,0.4273617081401437
2500168913,0.4271725277472146
1930227733,0.4271403561034316
1433033120,0.4270856995519458
1880514311,0.42707367730499646
1434198271,0.42706521517410717
1933526915,0.4267540129229614
1434682553,0.4267422439904814
1433601890,0.4266883355000759
1878601672,0.42660347736198634
1880513753,0.4265880751121061
1934304167,0.42650001741847343
1433875892,0.4264279644878163
1880447703,0.4262695331450574
1427803060,0.42610366178998765
1931609357,0.4260169883393286
2503131957,0.4259354162481638
2092951364,0.42581101271870186
1433135800,0.4257043674248416
1930224053,0.42567462887364504
1931614801,0.4256660753985543
1931602441,0.4255237146812816
1879854537,0.42542581132130974
1439411150,0.4253404116043298
1879148511,0.4250915377913683
1934297260,0.4250638024936305
2094605064,0.4248767788999658
2503130940,0.42487070247708897
1427778630,0.42479774910323387
1931632375,0.4246282118966909
1879196597,0.424627349714482
1931679971,0.4245640402639689
1930228834,0.42455534589419874
1880500342,0.4245424815842715
1433658445,0.4243393112936582
1879841014,0.42428027847698174
1432947450,0.4242167299897833
2095400730,0.4241165248501864
2499433780,0.42400787670959633
1932542115,0.42388810985504427
1880443441,0.42387184674503364
1427743413,0.4232074529358314
2092933560,0.42305989697692975
1433521667,0.4230547111609365
2093917370,0.4230382284536639
1879862424,0.42291313057942664
1433673030,0.42275748758472265
1879896024,0.42275225792350046
2091250091,0.4227409680154023
1879841305,0.4226281959950923
2092093181,0.42262583074251503
1879227964,0.4223266978804095
2501045992,0.4223162074787969
1880483405,0.4222585648739695
1427836754,0.42215129192430656
1930162385,0.4221254914937803
1933511781,0.4220006257553676
2501412120,0.4218726189899593
2095399021,0.42186691375753244
2500161752,0.4217924044045996
2092877773,0.42159240396832515
1932453615,0.42141563662548887
1439497600,0.42139618023887165
2500354917,0.4210787033208322
1434542493,0.42106675449116093
1880425242,0.4207341124552168
2499226087,0.42067622229831436
2502859053,0.42059190463799784
1933500587,0.4204240115177158
1933509675,0.4202202975659663
1427603313,0.41998594896346875
1930162171,0.4199667352500387
1930970873,0.4197513403369849
1433390473,0.41969218352179083
1931654175,0.4194013111550967
1930215614,0.41935484081867025
1880532087,0.4193443888404975
1879888805,0.4193056596045001
2503202880,0.4190298750430005
2092842581,0.4189690710539632
1880496345,0.41893009768907136
1878578874,0.4188539821504666
1434559071,0.4188283525531083
2503383480,0.41864806032682034
2093064593,0.41861852004722744
1879151935,0.4185661932723975
2503629030,0.41845848240547073
2501975543,0.41829996948148007
2095489587,0.41829039941158075
1932548213,0.41827484703912365
1930944465,0.4181479540129988
1433496890,0.41809728427991866
1434491204,0.41800070985302074
1433710540,0.4179175080793186
1932430190,0.41790984674617204
2501830371,0.41772528807163284
2499486765,0.4176825500980329
2501179443,0.4175964564035007
2499848593,0.4175818149463293
1930183377,0.41743065276857605
1933511405,0.41737887397082124
1930204572,0.41727142412462637
2092919455,0.4172163316513915
1879882734,0.41714900275500194
2096199951,0.41701688082527233
2096268410,0.41700452401966953
1932522361,0.4169965244439239
2501862952,0.4169559897704101
2502336984,0.4168764025054001
2095377410,0.41686869165588863
1932552691,0.41684615525298113
2092763133,0.4168189732039952
1932638224,0.41679661598994966
1878575471,0.4167800743214429
1930951603,0.41651835516599467
1433960787,0.41650881547844376
1880507394,0.4164804106241864
1879144844,0.4164751225100574
1879137674,0.4163646391342675
2093047690,0.4162654513360939
2503441821,0.41625096783377274
2501550442,0.4161367725413354
1932534394,0.41588245064505597
2502178591,0.4156163250427456
1427731845,0.4155489202948507
2092089121,0.41554528796406126
2500162972,0.4153638929050003
1880472362,0.41518504548536533
2500780277,0.4151542160904107
2093902504,0.4150489890986882
2502103375,0.414991881273171
1879835940,0.4149874302969837
2503245234,0.41489155631362046
2095402500,0.4148818264325313
1880516174,0.4148301307536485
1932455594,0.4146566878042744
2091253535,0.4146049951214525
2094577274,0.41460349728300483
1432981687,0.41443988101151297
1879802075,0.4144165212159035
2502401514,0.41401478299685646
2091244587,0.4140021749057891
2501833491,0.4139164142810249
2092810844,0.41380655511570547
1931022651,0.413779648803077
1434268952,0.41374236619868
2095363637,0.4137375051633888
2094690957,0.4137163632064292
1930183113,0.4136190804681766
1880477391,0.4135837496130321
1930949627,0.4135410429912115
1434388940,0.41334786133271045
1880504970,0.4133200701747283
1433141692,0.4130801687297843
1439414042,0.413018522562962
1879141490,0.4130044528156868
1880472232,0.4127839743470431
1879223875,0.412639654938048
1879790333,0.41225980502878984
1434117060,0.4121924908076663
1880445213,0.4120881108515908
2091264563,0.41203460866319536
1931644995,0.41192109940399557
1434477690,0.411908230268987
1879831662,0.41185860701234817
1933510195,0.4117026038947645
1931693722,0.41139554374781084
2499772550,0.41117162537920693
2502438443,0.41113058047837364
1930156640,0.4109288447619136
1880454912,0.4108834017153811
1434138737,0.4108822417510438
1433368557,0.4107234086926764
1879183555,0.41070087398440414
1930226962,0.41069940088132934
1434333017,0.4106429637927963
1930148371,0.41051473346214573
1427876533,0.4103574535657113
2091982014,0.4103038661979995
2094633823,0.41026403818321727
2502468340,0.4102325447427104
2096234531,0.41019433288150553
1931629247,0.4101462364674903
1879234001,0.4099997943936665
1879900004,0.4099397129292223
2093086902,0.40980222800930044
1930221823,0.4097057086212601
1880477263,0.4096779356355742
1933564873,0.4095958606309954
2502950784,0.40959481278799126
2502453835,0.40933122305758374
1879793210,0.4093174244339147
1427875813,0.4092054343571756
2501670035,0.4091797181635506
1880495271,0.4089704418326461
1433810817,0.4088473398770484
2501819795,0.4086825848336617
2499290604,0.4086607306279107
2501913505,0.4086353650686367
1439498664,0.4085285530729611
1931666521,0.4083621755376711
2500266107,0.4082801627841481
2093956093,0.4082580319219304
2499784602,0.4082456863850146
1880470220,0.4081758670307075
2092020053,0.40813092277462376
1934322437,0.40811102859855847
2093971667,0.40804547273076563
1930993477,0.4079416363200177
2499664711,0.40792145121591855
1879909450,0.40770577345709785
1880527400,0.40752935692674847
2499498142,0.40752739579966674
1439597407,0.40735377042268994
1933561427,0.4071241437465552
2092808473,0.40707125912031983
2503620760,0.4070331595710851
1434596923,0.4069085383752219
1931653431,0.40688785743518496
1931608205,0.4068049273572851
1434532894,0.4068025921382859
1880475155,0.40677652268841724
2094555297,0.4067748915229282
1433596194,0.4067434790347608
2501252461,0.40663205884113096
1433355884,0.40654780743262176
1434641584,0.40650320405824597
2502078922,0.40629716171962965
1434430871,0.406207853542703
2092054937,0.40616388404804166
2503233495,0.40610031639441463
1880461842,0.40582872726689345
1880538272,0.40582503241675527
1930994552,0.4057908057923027
2091250017,0.4056633395138412
2502026802,0.40558765675809233
2091998937,0.4054920039154432
1880438183,0.4053752882086732
1434145857,0.4050178763997487
2093917913,0.40493022583333105
1434002732,0.40487607859152314
1880490382,0.40487511622429384
1880500124,0.4048217430428235
2499511530,0.4047770411321913
2091964525,0.40465920102654823
1878594980,0.404614277866532
1933537260,0.4045524790266298
1879187432,0.4043799766331199
2095404001,0.4043522338365214
1931604093,0.4042874743623528
1434040484,0.40423338935958925
1879808512,0.4042311099898318
1932446255,0.40416812570480326
1427733671,0.4041220503678129
1930982635,0.40409005032353823
1878582551,0.40407837240447037
1880472723,0.40399837081472356
2092897401,0.40399201033679205
2091203791,0.403929435120338
2092058795,0.4039117756841923
2502824085,0.4037723768013062
1879211305,0.4037467019112977
2499701434,0.4036264177978691
1931674021,0.4035928348883829
2093881290,0.403576340756938
1878603625,0.4034561218915023
1879203007,0.40331416946235765
1879155071,0.40329445075194753
2501810390,0.4031638722705894
1879135231,0.4031124681888409
2093000957,0.4030503650422962
1932590597,0.40292772319733283
1930166385,0.40291006918143535
2501430114,0.4027105641767024
1879184551,0.40257405403225904
1434118543,0.4025555261445741
2092835431,0.4025282039659302
2092922295,0.4023256527911526
1930958424,0.4023109872972873
1930214073,0.4019121612473962
2502909364,0.4019109136361304
2501868731,0.40190848850817246
1930176135,0.4016681532748791
1879154083,0.40131330348467176
1879789970,0.4012912817174726
1427593641,0.40128900596692846
2501257510,0.4011222422220619
2094634580,0.4010712811301034
2501943412,0.4010223171132616
1879899142,0.40096566347015705
1931639727,0.40086529550989053
2094560147,0.40082964883999295
1879124225,0.40079876117776925
1439345361,0.4005366015695531
2095410027,0.4005055913863828
1427757742,0.4004672302621081
1880526592,0.40039310447168613
1933513103,0.4001958645040142
1434428723,0.4000236279454065
2499232403,0.400021044678429
2500174005,0.39997773207458065
1930165154,0.3999737613465436
1879167552,0.3999209459390646
1879872130,0.39991141077815734
1434711242,0.39990868883405734
1434452853,0.39943610083601755
1932642990,0.39931173052089053
1930965995,0.39928312726148
1929309203,0.39905018884002896
1427616882,0.39897080365061033
2095368283,0.39866319180538223
2503473880,0.3986457549514744
1879870332,0.3986158525012448
2092857115,0.39850798215800853
1931631663,0.3983940623876939
2091954860,0.39811084969927696
1934301905,0.3978552474734166
2501353045,0.3977320561701839
1879133105,0.3975734274556208
1878574921,0.39752147162192747
1930969505,0.3975004929107746
1879871217,0.3974509086436709
2092815062,0.3974062572000762
1879162604,0.39722081272746806
2503251084,0.39696216032402704
2092903445,0.39694771427625997
1930981344,0.39683703551526145
1433639300,0.39681204622928196
1879189664,0.3966511822817305
1434301931,0.39645692494042195
1879774782,0.3963940434613637
2503381431,0.3959527195042617
2092942010,0.39586707454958303
1933516660,0.3958600973873243
1930943263,0.395786515664226
1880488212,0.3957315729726876
1879878690,0.3957272569277813
2092066853,0.3956514951410703
2095456702,0.3955160997982817
2091184117,0.3954849451880933
1879142512,0.3954432674036698
2500383762,0.395407905588351
1931648893,0.3953993342227454
1932481550,0.39525605680201437
2093950000,0.3951880148333568
1930241967,0.3948318626919893
1879227165,0.3948196481792656
1433693345,0.39478656806623463
1879844887,0.3946666650331392
2502231512,0.3946612859544219
2502668945,0.39466100391097425
2499895204,0.3946052177158585
1879803624,0.3946033312580604
2091289171,0.3944743946428934
2499453160,0.3944732441789242
1879151930,0.3941774641390501
2092076261,0.394131547144342
1932635287,0.3940913702135176
1434544483,0.3940284476840656
1433242512,0.394026991768212
1879912811,0.39389796711495617
1929304691,0.3938584599885705
2499494677,0.3935957133859364
1931646317,0.39343559183300253
1427688265,0.39338871111349816
2500501663,0.3932738195680691
2095351923,0.39315869773923157
1929305261,0.3931494692095066
2092848075,0.3929093023036
2091950920,0.3926971251017231
1930152335,0.3924626030019614
2092994290,0.3924356188362624
2092043787,0.39239411797046975
1433595894,0.39234111578256387
1434178744,0.39208115375848784
2499380584,0.39207636472829255
1931012665,0.3919207940354652
2500217594,0.3918273337996459
1434410281,0.3916265535124865
2502371533,0.3915299943110576
2092836355,0.39148815653102825
2500199512,0.39147304611301437
2092814872,0.391337816002094
2499446312,0.3912772069150975
1934322553,0.3912733030024521
2093089093,0.39125942659398816
1879138273,0.3911911838564443
2092818393,0.39118719389646917
2092790393,0.3911096831127628
2092053755,0.3910474197709353
2499286345,0.39093414949379246
1879836024,0.3909085766916652
1433014400,0.39081709888541843
2499479641,0.3907276732787088
1879899837,0.3905992993408018
1427835531,0.39055867033456165
2501248034,0.39033445998156757
2096189110,0.3903336013686724
1434618582,0.3902931421578296
2502746283,0.39019093719150405
2499517262,0.3901025388533029
1930216252,0.39007323433317537
2091181103,0.39002947024644236
1880511327,0.3899554771941647
2503587200,0.3899232366796091
1879811904,0.38983999804352254
1930162164,0.38954149858298853
2500774780,0.38953688961707156
2094597582,0.3895015127284774
2500200731,0.38950128045398263
1433804030,0.3893269435534845
2092017483,0.3893266713570673
2093864801,0.38928089825297546
2502168522,0.3890542652029677
2091976697,0.38904291968761673
1880463174,0.38897832777409463
1879154673,0.38896503294434903
2501670285,0.38868336922087227
1878594701,0.3884479876276917
2503492265,0.3884438124986717
1427602503,0.38822782889697444
2092007395,0.38814277122506724
2502421872,0.3881260646496477
1880443695,0.3877580615563749
1433119823,0.38751453355450666
2501789540,0.3874304375726246
1930236085,0.38729325297011263
2503041264,0.387276574148857
1433803721,0.3869633668954568
1439596052,0.38692137800953336
1434173303,0.3869126733678209
1930211141,0.3869116010445206
2093864421,0.38684767866506337
2091235064,0.38681607412427005
1879134702,0.38674505844078294
2091277421,0.38650178156052806
2092861690,0.3861692718084011
2096203591,0.3861491823376229
1879232197,0.3861356577201699
1439368315,0.3861225757989373
1878584853,0.38607097306261107
1879802454,0.3859375896140338
2096252117,0.3858412725118761
2501715910,0.38580718458046487
2501953380,0.3857993832183586
2095391671,0.3857956766829071
2500476697,0.3857213524100774
1879815304,0.38565917185391013
2094674662,0.38564286168835565
2502193122,0.3856239626252819
1879896272,0.3856120378026379
1880542581,0.38557144949150735
2092892404,0.38555508067215305
1932620974,0.38554128756814104
2501965622,0.3855189988134906
2093085513,0.385515928017451
1932616481,0.38551262606466946
1929306943,0.3854045804384412
1930928551,0.38531388888364226
2501174514,0.385275415305442
1930253297,0.385224863171072
1931641727,0.3851035038883987
1880531821,0.3850192962581685
1930971677,0.3850151963180077
2091237521,0.3848986824830196
1432791601,0.384727957408551
2503473304,0.38460158443756254
2503535262,0.3845943587532527
2503380480,0.38446018259654463
1878574173,0.3844182713730057
1433245247,0.3842326061967061
1931673274,0.38413121123729627
2500424603,0.384028186783628
1879883554,0.3840185687449032
2500421450,0.3837088768216301
1931018977,0.38368692487852324
2092893880,0.3832942021511002
2502181702,0.38318672999120423
2092022400,0.38311087445565273
1930948532,0.3830399839337228
2091974085,0.3829756175515607
1880511060,0.38291036318202437
1879774441,0.382905672435562
2093863210,0.3828350573313062
2093884365,0.3827140481948411
1879214581,0.38268182086732483
2092039132,0.3826778909772948
2501385830,0.3823184166837501
2502831002,0.3822267859006918
1934295907,0.38219878133214763
1879223590,0.3821789621911955
1933565513,0.38201581229277687
1931688484,0.3819458163483735
2094656850,0.38170567485053203
2501626682,0.3816416392824878
1427851377,0.38162903282516064
2499874662,0.3815908284685368
2095405902,0.38149267896406464
2501669253,0.38149208234162646
1880504602,0.3813521893940222
2501159280,0.38124102117541386
1933593281,0.38092555462924715
1930140941,0.3807856904796972
1439459871,0.3806351621325053
1433294943,0.38055793994708487
1931668791,0.38049485931088306
1434022643,0.38049031778412185
1879220504,0.3804820895444098
2502255860,0.3799492712867396
2500243043,0.3794892820244535
2500148685,0.37942484065766025
2499292140,0.37941472721086583
1880504282,0.37938275770878055
2502085930,0.3793384145348449
2092922035,0.37904302217945685
2503652512,0.37895583652128795
1880503815,0.3789013687197997
2500811717,0.37886573340211493
2095403241,0.37866566057419004
2499329804,0.3786325652515254
1879905101,0.37861854810661355
1880518192,0.3785893501302826
2502106120,0.3784606733618297
1878578405,0.3782572349827588
1879147780,0.3781346684696219
1433264242,0.37809591556098743
2500522135,0.37809393589169893
2499445673,0.3780699416528743
2499245945,0.3780307642578578
1433562093,0.378012320026741
2502139984,0.3779167309434115
1880507833,0.37764844231094263
1434605320,0.37721154543457625
2091269851,0.3771659779475442
1930938422,0.37693136089177626
2502955872,0.3767916226148907
1879153543,0.37678430462178836
1879855071,0.3767226014539535
2500342980,0.37671272647257165
1879208142,0.3765292057821344
2092886751,0.37637982346071047
2091248804,0.3763461192402789
1434507202,0.3762181749783073
2094623895,0.3761581471535295
2501894420,0.37599428307436866
2093061554,0.37596827954722845
1879831075,0.37596813914259525
2091955353,0.3759598922607275
1930203374,0.37572374320398483
1432850304,0.37568319977609865
2499524970,0.3755192630183709
1879231355,0.37533302281779873
1439543974,0.3753286472581242
2502691713,0.37528888013658546
1879843600,0.37521650643035964
1930963421,0.3751635786948849
2093937191,0.37516217900623333
1880488502,0.3749104135721089
2093865801,0.37484878883486444
2093947391,0.3748010922693281
1933548690,0.37475528499078936
1880426505,0.3746541008887601
2501324530,0.3745882141550905
1930226754,0.3745446816858574
1880495633,0.37436385575104675
1932648625,0.3736593603145743
2095453721,0.37315196556207114
1934313973,0.37312142535445797
1439578930,0.3730388346108209
1879840390,0.3728734732125028
1879210993,0.3727404413507596
1434101331,0.37250826052689745
1932577857,0.37250126067158335
2499257310,0.372438861648009
2091198004,0.37234786491449073
2094646703,0.37232463118092196
2094584300,0.3719175293823391
1931679622,0.37188065648483337
2091998895,0.371732173495559
2503074832,0.37157657096595004
2091265383,0.37151037146338434
2093867465,0.37132880030920135
1434150537,0.37126804126998886
1427603034,0.37123317981263465
2501690592,0.3710648867893024
1931695150,0.37104542028030507
1434635635,0.37088996148678655
1879165430,0.3708703143767108
2502073210,0.37083093136590045
2095339303,0.3708213479175431
2501277372,0.37079344603339465
1434573703,0.3707839580976013
1879770063,0.3707511011278826
1933536361,0.37074116795933304
2500645250,0.3705720404726092
2499655780,0.37052882751881094
1879189505,0.3704736022424144
2501852257,0.370337995762312
2093882415,0.3701519613425838
1879138212,0.370140596035793
2095488793,0.36988472951411266
2503440444,0.36964229736852017
2092872953,0.3694348121054893
1933491181,0.36933471211654534
1931688451,0.36920567136470056
2092049037,0.3691624072909445
1931635213,0.36892318119861894
1930212753,0.3686570745680565
2503469850,0.3686566562848395
2500580865,0.36846202379347676
1439520395,0.36830195963774665
1879865763,0.3681807411885016
1433193614,0.3680616291473319
1879204533,0.367983243585326
1933521051,0.36792630435721135
2092979117,0.3678328006755537
2499300257,0.36763186553454796
1879890132,0.3675766688639036
1879143117,0.36736142607215244
1930184464,0.3673106858542947
1930251057,0.36725673273999754
1879130773,0.3672255414334653
2094679580,0.3670678536763257
1879171964,0.3670529960788742
2092794503,0.36700811742861417
1879164687,0.36700551302949336
1880529157,0.36691684314189926
1931638127,0.36690612804618417
1879796211,0.3668576717858104
2095391242,0.3666325119713693
2095362597,0.36634548811600415
1931622735,0.3661970572050368
2094670014,0.36613647091993606
1879137984,0.3661262673752095
1880500567,0.3660321126028349
2092072103,0.36592386145510014
1434758281,0.36588644964422523
1931016063,0.36583537659891896
1879230497,0.36578311897819515
2501217920,0.36555042969019286
1930172281,0.36540743916715035
1434307661,0.3652950720479383
1930198071,0.36526970600185327
2503560890,0.3651712641983246
1878604481,0.36504728771438066
2501439690,0.3648500006636037
2500362537,0.36471649552819435
2503210297,0.36457078665530124
1879191524,0.3643428933756169
2093919637,0.36432600532849857
2092960034,0.3641713333865322
2091955361,0.36416795869141194
2500552377,0.36412086473717453
1930966635,0.36407168509058063
1433503065,0.3639677596829387
2093083860,0.3638631971497823
1879861984,0.3637216563817625
1930145571,0.36370840459496245
1930190805,0.3636956632986033
1879147112,0.36340840292309967
2503415980,0.3632610753067116
1878602370,0.3632428104935166
1931009541,0.3631494847533311
2500477995,0.36300330338359815
2502269002,0.3628021039942179
1930937742,0.3626888903571775
2092863863,0.3626044531159921
1930228001,0.362601957727301
1930165005,0.3623924176364273
2091988133,0.36233599193362653
2499703585,0.3622413651431351
1434566994,0.3621496234588689
2502478215,0.36214504263364083
1879824454,0.36205644263490167
2092068657,0.3620279484122295
2093002063,0.36189824312225144
2092882120,0.3616173046535248
1427591573,0.36159606984023834
1930249087,0.3614172559213917
2499742414,0.36096325310417826
1433684545,0.3606896494989635
2094676253,0.3605591874332191
1879856934,0.36036970352513575
2499835172,0.3603634254161614
2503718362,0.3600273504389298
2501590725,0.3596533965662484
1880535341,0.35964770349545494
1879893423,0.3596282719274681
1879167103,0.3595033779042637
2093946195,0.3594732314371621
1434190651,0.35938779548663596
1879866563,0.3590715235019928
1880507192,0.3588872912032892
1930233401,0.35878270489556174
1930992041,0.3587662225428591
2501295122,0.358679198401966
1932602235,0.35864666939658174
2094594650,0.3586106071492573
2499378250,0.35857741032535045
2503762072,0.35846215840759127
1434275153,0.35841563377983615
1930172921,0.3583407542824267
2499670200,0.3583177661044278
1931608247,0.35831490481906175
2500759554,0.35827020673661464
2500527117,0.3579967175321146
2092028602,0.35791800289649456
1879124530,0.357816701219538
2095405365,0.35781281882133853
2501896357,0.3577363118365648
2499329290,0.35772940979670004
2499732414,0.3576353528151901
2092903047,0.3573772569774718
1879878254,0.3573566275177786
1929302403,0.3573377610555025
1880530810,0.35700556217591023
1879137553,0.3569942811057427
1932629414,0.35699260797123433
2091982500,0.356870992398922
2091278557,0.35684025177978973
2503561852,0.3568328674160606
1880482604,0.35679867900482704
2502599653,0.35610870980497017
1879881704,0.3560511820057277
1930248475,0.3559202674508006
2502317682,0.35577046054427897
2502927371,0.3554529824813464
1931588647,0.3552325908878661
1931013184,0.3551833073192736
1880433195,0.3551276390045411
2094639653,0.3551180239029979
1931029115,0.3546693755389264
1879142951,0.35460728799093627
2499399392,0.3542985894682204
1930226091,0.35423709708664236
1930164047,0.35404936617301935
2092032314,0.3539220905393579
1879861654,0.3538089821885338
1930976177,0.35376523926812575
2092091527,0.3534783274723153
1434176520,0.35339455071724585
2499493190,0.353272609411915
2095432555,0.35318603830228923
2092951443,0.35316528574742
1931009925,0.35291489044433255
2502022884,0.3528514539449077
2092063834,0.35272485899619327
1433399264,0.3526992820453869
1930213147,0.3525382352186396
1880441331,0.3524445226281382
1432836790,0.35236656550709833
1930207641,0.352304641584393
1930187851,0.3522729762273327
2092821731,0.35188061117509645
2096191577,0.35172035099286697
2499826160,0.3516434787579243
2500104713,0.3514386602885531
1880445302,0.3514283386997351
2501491620,0.3512005369112035
1930137101,0.3510501020842296
1879816730,0.3510471066820515
1932521001,0.35086844687277713
1880434772,0.3508462238229378
1434599762,0.3502899914086162
2503412784,0.3501747028485214
2093924425,0.3498569039549165
1930930292,0.3498019653441863
2502841033,0.34973231586450726
2502447274,0.34925740874369166
1879165147,0.3492550757689132
2092813173,0.34918991824723267
2096252547,0.3491652753580246
2502895124,0.3490699189230937
2500600360,0.34906884985298775
2093978867,0.34902979962770064
2499215295,0.34859688923601495
2503675931,0.3484868252081659
1932633181,0.34842680249611324
1880476657,0.34830521527393543
1434096183,0.3482341636152065
2096244485,0.3480714616271801
2095368143,0.3478880956471654
2094594120,0.3478224463720018
1931655571,0.3477400238667478
1879810105,0.347598623974837
2500514000,0.34753251266279067
2095383675,0.3474993465421864
1879779583,0.347478937048174
1880438927,0.3474549079548584
1931696723,0.34731074852504973
2091963164,0.3472364917185832
1931619820,0.3472258284559798
2502514097,0.3468533743845092
1427592465,0.3465986356753197
1933591323,0.34620723573072704
2502073675,0.34595087649988343
1930207171,0.3457933934375205
1930158577,0.3457207693329732
1879136677,0.34566147983509143
2093990220,0.34557650017376895
1433570441,0.34543174982911956
1879844673,0.3454178558902457
1879128653,0.3453498022318907
2501356707,0.3452167309975285
1931669875,0.3452073131159833
1931670540,0.3449372299955143
2499360415,0.34487475773718246
2501558950,0.34453924438621714
1932441291,0.34450963877087437
2503066120,0.3444884076375101
2092072415,0.3443943489745648
1879175861,0.344007084866958
1439599741,0.3439914682364375
1931664441,0.3439268712723556
2501479484,0.3439014909840639
1879807693,0.3437121334845646
2095468952,0.3433963099678181
1930148211,0.3429025226718018
1880466211,0.3428168931074121
2500973963,0.34248661239331946
2093889262,0.3423467665518728
1439584702,0.342302932471166
2502479894,0.3421429750906271
2092053641,0.3418149876791818
2091210800,0.34177572370284803
2095489284,0.34173268517456884
1879180713,0.34171713707646645
2501520672,0.3417090430157501
1933525430,0.34168012807821124
2501012173,0.3415192981072139
1878574214,0.3410961322106668
2502200612,0.3410191587213458
2502352790,0.34088034088992586
1879822735,0.34082175633705597
1433399202,0.34078415133895307
2092088127,0.3407066819386976
1933514214,0.3406840632684351
2093919124,0.3405341766363165
2501972754,0.3404999790636946
2091260101,0.3404267483831205
2500506442,0.3403665591824992
2091961550,0.34019307369188967
2502068934,0.3399832479764136
2096269170,0.33993435599022515
2500566270,0.33986457002087955
1879801771,0.339668223572746
1932495905,0.33958656174046525
2502692472,0.3391826892537112
2503365995,0.33911072911037654
2093028210,0.3388196353852499
2502638572,0.33879425733705043
2503490933,0.33873705719575353
1433579144,0.3386865492972307
2093962644,0.33833477768222325
1434734410,0.3381923328476658
1879202903,0.3380011579004428
2093058397,0.3377872271469221
1931658225,0.33763174034915916
2093926101,0.33758535942749773
2501962860,0.3375258156847129
2091247067,0.33745208351657274
2500551200,0.3373330900602678
2499860350,0.337252260870799
2499246984,0.3369736351629566
1439545115,0.33694391188943656
2499288012,0.3369208233731067
2096274065,0.33686568253829746
2501468972,0.33682634383744886
2092031893,0.33654696799039036
1880438257,0.3364127104770364
2091226041,0.3363916780067371
1879903370,0.33631656723473835
2096184423,0.3362206701544808
2091948333,0.33610832996498663
1879217593,0.33596016181138777
2501390215,0.3358325810214519
1434093435,0.33571956558101135
1931639002,0.3355234208164851
2092053352,0.3354838484765994
1433472793,0.3354155015620739
2095456460,0.3353526230059196
2501440053,0.3353184874884197
1933568853,0.33505107644581167
2499573570,0.3344801985967301
2502535787,0.33408094916015224
2091269033,0.3339680009593826
1933568613,0.3338810064683814
1933529375,0.33383820369482886
2499368071,0.3338006880949839
2093880161,0.33379447640539084
1879171152,0.33359315328472117
2091250994,0.33343262330183043
2093030757,0.33342499372553414
2502366982,0.33336905715317616
1880433130,0.3333516176522637
2092954573,0.33312447229647735
2501953781,0.3330832588160648
1931667255,0.3329626597516858
1427718241,0.3327099671600684
2502092911,0.33265295874514406
2093051931,0.3324187700906771
2091268515,0.3321859370353367
1930163967,0.3321780698939249
2500415904,0.3321382956753907
2502094112,0.3320252494217841
1931649515,0.33199954480032967
2092826704,0.3317285245977906
2499339590,0.33162206411727835
2503768020,0.3315612588825296
2503815403,0.33152419980153536
2096243505,0.33151729854251877
1931676065,0.331381068143272
2503005447,0.33138057541957644
2501634180,0.3312950090681684
2503261990,0.3311468229009385
2501950102,0.33113535816462875
1879151823,0.33103057782690665
2091228570,0.33094895911230576
2095437153,0.3309109578254746
1932517464,0.3307949133410245
2502021250,0.3306817718416702
2501011200,0.3306173221105839
1931692844,0.3303205233946352
2499843982,0.33017302291388795
2502260154,0.33014721447844797
1433993833,0.3295611269767667
2500895977,0.3294531096031605
2096216827,0.3293397176360321
2096247543,0.32930203175809364
2095366027,0.32927780790311745
1879902582,0.32926564240456574
2092970917,0.3292377060738184
2501963084,0.3291180749253432
1930163130,0.32894501924270303
1879887305,0.3287330299688743
2092754465,0.3282737574929866
2502304210,0.3282432125973574
1930226141,0.3280393242883347
2502128382,0.32795655572930943
2094694511,0.3278822888579157
2092871577,0.32782402351954926
2092868741,0.32780821978335245
2500824484,0.3278044969320643
1930222963,0.3277021022794057
1879848224,0.32758390987667596
1433625632,0.3274959942098958
2095401971,0.3274592797122923
2092793435,0.3273070801994546
2503588042,0.32704825498316864
2092804167,0.32702277564608667
2091216573,0.3269861386228159
2501166762,0.326947088493734
2092052657,0.3269429298109147
2095414645,0.3268766196912644
1879840017,0.3267902910493911
1934323135,0.32673142906792385
1933546391,0.32667497718051786
2091255017,0.32654648921553314
1931611361,0.3263823327462811
1880481251,0.3262995460033228
2502586772,0.3262623477287723
2092000993,0.3262569637205909
2501822880,0.3261764254460046
1932462435,0.32587082387828104
2093962521,0.3258455424939128
1880485342,0.3256547235744162
2091276091,0.3254458060546572
2095461623,0.32531579849084
2092890315,0.32526305875254535
1433060821,0.3251839645593073
1931645057,0.32517340017599233
2502089410,0.325098137653667
2499722571,0.32491845646648976
2095434091,0.32483815095185853
1880444560,0.3247654349091386
2094671381,0.32468077520177385
2502282002,0.3246550900919242
1934302087,0.324396853449961
1933496913,0.3243355450535284
1432634592,0.3243211762505873
1879812770,0.3242985015826674
2092069217,0.32410599040323707
2091198831,0.3240814684015955
1880426713,0.3236075581704079
2502580220,0.3234573913728055
1879128485,0.32335107115616035
1879166127,0.32332306119009696
2503873401,0.3231486933431324
2502378464,0.3231146235330221
2500801210,0.32306702365009116
1879776463,0.3230031089750883
2091233253,0.32280813036367395
2092857535,0.32245049420434435
2091949687,0.3224362840235247
2499360782,0.322419646893484
2095400011,0.32211152954689826
1427675612,0.32191894224176826
2092787267,0.32169354076210926
1879150325,0.32169079727256505
2499664302,0.3216357400692755
2502231393,0.3215104244193142
2093950760,0.321478923049685
2503851520,0.3214728996401496
2092882304,0.3213593372719754
2503823792,0.32111655346321444
2094694375,0.3210060447761236
2095404921,0.32084597670067233
1439483001,0.32065810958247476
2503692245,0.320526307370673
2499731124,0.32029282299718087
2503583390,0.3202658988028079
2502943922,0.32024421769862066
2502368457,0.3200103600353241
2094593862,0.3198822419207532
1434624161,0.31981626925130163
2095483775,0.3197592308215996
1880426610,0.31967959802211243
2092084755,0.3195840759929694
2093972881,0.31957813815514174
2502453430,0.31925958920279757
2499631330,0.31921001823036743
2500156195,0.3191896103477953
2092067001,0.31918505670783226
1880470582,0.31888935168245425
1432804503,0.31864339053706975
2499373222,0.31828250052579876
1933570794,0.31828205694312944
1933521107,0.3181888013196916
2092867693,0.31802993792821316
1879152674,0.3179470468373686
2091251351,0.31788072685665675
2094696493,0.3177308062506249
1932507002,0.3174310223684492
1932631533,0.3173171796024064
2499463584,0.31711814019351137
2091997493,0.3171087448217118
2095368054,0.3170971771484746
2092803773,0.3170542686095065
2502447625,0.3169892121500551
2092925991,0.31690282118342766
2092796927,0.31644926111372335
2502365924,0.31641721573310616
2499688291,0.316333423137079
1931664034,0.3163325099605883
2501703010,0.31598782701434136
1931590945,0.31597523819540146
1933536517,0.3158331095476284
1433287292,0.3157293608865882
1934296252,0.31566297092333545
2499388704,0.31562972402664846
1930215645,0.31555115540329537
2501734602,0.31537264481278643
1434618061,0.3152064652325295
2502479774,0.3151231491325616
2502441550,0.3150779346207025
1931691634,0.31505870350703963
1433246401,0.3150476622518454
1931629201,0.31483320371151646
1933511611,0.31467038058613456
2503892540,0.3145218037632931
2092847721,0.31444101788462475
1930155057,0.3141460415091597
2091246713,0.3141439989677663
2499711222,0.313903412310338
2503187662,0.31384744596833763
2499590492,0.31373147636592624
2096252302,0.31367329552489076
1878587204,0.31307489054883386
1930947453,0.3130744537019607
2499760460,0.3130699348759732
1931008345,0.312733493838936
1932468067,0.3125796159318425
2503760761,0.3125223954016112
2502871610,0.3123377122787638
2502778782,0.31221388296190433
2499428540,0.3121926762342062
1933580604,0.31204663499518726
1880425273,0.31195837145275945
2502828810,0.3118892444561793
2499563234,0.3116362437268503
2503084312,0.3115817003116362
2503708290,0.3113624120016485
2096272905,0.3110523854962016
2502640310,0.3110040371021381
2091956291,0.31089442064237544
2499557423,0.3102796361108667
2499480580,0.3101259190550473
2093898481,0.3101093741957835
1879838980,0.3099404819388007
2502891367,0.3098277638988557
1880518163,0.3094919158389524
2502172155,0.30897737566139494
1930973967,0.3088581398672653
2502934610,0.3087974691121381
2502861624,0.30866891941245017
1930242275,0.30856637048405106
2499236320,0.3079426854529736
2500682675,0.30733037780855743
2500957827,0.3072192204784302
1930944872,0.3072120779349598
2503134067,0.3071920434387215
2501844605,0.3069977751767023
2500991640,0.3068301589868051
1432947320,0.3064721857817876
1931003797,0.30640932663349973
2093076580,0.3063923896708046
2501859655,0.3063668222738611
2501955804,0.30599488110395767
2501038712,0.30597838724482385
2092958825,0.3058568331033328
1931603865,0.3058269177524606
2500211607,0.30582554158587655
1427791747,0.30575113773917556
2093948907,0.30564095226633003
2091999621,0.30529820080186676
2092815533,0.30513221954224945
2095452473,0.3051271696797334
2501954140,0.3050529423184965
2503906995,0.3048823052921227
2500119065,0.3047723476121535
2092879253,0.3047281698957419
2502250022,0.30469164291475903
2095378004,0.30463861633847356
1932620137,0.30460421744544514
2092935932,0.30454987105960074
1933511965,0.3044861526391719
2502648425,0.30432990592311987
2501819030,0.3040121587072318
2501221147,0.3036529087636217
2094677365,0.30364640145832655
1930238133,0.30337277466714435
2502384194,0.30334648140529497
2095432621,0.3028770246852309
1930211353,0.3028182333016034
2502416304,0.30233747961861984
1433142511,0.3022295582861947
2501308223,0.3021376394593837
2094697551,0.3016348269770115
2094695095,0.30132521007459007
2501717110,0.30131070585013087
2095451857,0.30126695787760466
1930973831,0.3010795398663969
2502476613,0.3008889891455055
2092064013,0.30088432299661894
1930170022,0.30045451909871035
1931026637,0.30007934926191343
1879830417,0.300068677709981
2501969262,0.29960668272200336
1878576942,0.29958704628283966
2502056104,0.2995594818868847
2503380151,0.2994074984253391
1930944447,0.2993196979802758
2092058925,0.299279506480626
1932482801,0.29923785113350415
2500110331,0.2984222171714175
2501018897,0.2980240566029897
2095434001,0.29800875931740334
2502488273,0.2979259697384167
2096227133,0.2975504255147434
2501303174,0.29701680737574326
2093092390,0.29655907542390514
2093056471,0.29650524686208635
1932495843,0.2962302856212979
2092070251,0.2961765911993555
2091199825,0.29591488561069856
2091237704,0.29573345175963967
2502781687,0.29538691793987537
2502822723,0.2951513603700101
2502167824,0.29505840360633157
1931646933,0.2950339364460102
1933496003,0.29490683955063113
2092904945,0.29486075048974797
2094559220,0.2946730478766665
2499503285,0.29418777854592454
2094662377,0.2940949491567598
1879829767,0.29399423707789585
1930137325,0.2939439149108995
2499585657,0.2936764976929611
1427747761,0.29320923300595947
2502496910,0.29300965533433926
2501957302,0.2928630971971952
1932641025,0.2926060742418265
2503180127,0.2916931037214038
1932466341,0.2915112864044084
2091996213,0.29135968134508183
2502351772,0.29128106421336886
2092029267,0.2911792010999163
2501417297,0.2909403801164638
2091953365,0.29088236334574535
2503819547,0.2908414347445178
1434375872,0.29056518470664516
2092879621,0.29009586085172884
2094560175,0.29006735141162415
1433874220,0.2889547178962085
2092014177,0.28894523413412965
1930994542,0.2888998251914617
2501220240,0.2888151901545534
2503453451,0.28879157184787574
1930180307,0.2887238647131302
1932563453,0.2885906186432286
1930212347,0.2884815348251421
2502935580,0.2879125288450481
2499628723,0.28786212244996734
1931006322,0.2877772352471585
2503922934,0.2875368180586022
2096238157,0.2871918320888317
2094653980,0.2866835727721734
2499289927,0.28664956137311104
2092896924,0.28647828523749086
2501760072,0.2864172892752671
2503647720,0.28636153658395735
1932428662,0.2860881074309791
2499596977,0.2860843984675547
2501005770,0.28604946678665616
2095428873,0.2859146904868914
2503018191,0.28536136509481547
2501140600,0.2849394218777284
2501952420,0.2847484098662445
2503390892,0.2846867441231772
2094575812,0.284643890989471
1931690637,0.28427632100178485
2501282543,0.28413820199072
1930215635,0.2838843478221854
1930186090,0.2838460833815017
1880511160,0.28365558942616353
2499603604,0.28363259806564467
2092010880,0.28287139977633385
1931667907,0.2828219760135109
2501272335,0.28270455391308075
1880526357,0.28239713135714767
2501262454,0.2823888854978838
2499401532,0.28229996602431173
1933541191,0.28212733202015655
2092986322,0.28205665213448916
2501738297,0.28197487738662974
2501137434,0.2819668286973111
1931593950,0.2816763751866331
2499883642,0.2816448389167231
2502346602,0.28148293451354695
1931643020,0.2811215802140969
2501052660,0.28110685667741353
2499815750,0.28096014476152215
1930220847,0.28085780263553456
2501972392,0.28046429923650545
2502788671,0.280354474914277
1434245380,0.2802618332618193
1932625971,0.27998429643207323
2501567841,0.2798292461433016
2092019887,0.2796812901638983
2503278492,0.2796499397324131
2092925490,0.27964896064942596
2501332462,0.27919940915786756
2095461514,0.27916045267131345
2093089071,0.2790813638716797
2502263730,0.2790025733882401
2092870905,0.2789779705013082
2091952831,0.27850536724411473
1433555144,0.27834786838546915
1931661997,0.2783463715387493
2096248911,0.27832142921321323
2092999530,0.2776518492047656
2499225250,0.2770212827653305
2095422492,0.2769396250020717
2503868812,0.27684604782762
1879879570,0.2767804913242756
2503035440,0.27666606681915934
2093895642,0.2764456035768537
2502339590,0.2762557909968612
2503193011,0.2761350019338606
1434269131,0.27597279249746015
1880437670,0.27586225072660525
1879194917,0.2746538052954363
2501947111,0.2742544719015048
2500398013,0.2740389812675872
1930172151,0.2740296225765263
2501091467,0.2734201201625559
2094583363,0.27299378404293556
1930209471,0.2729432410158678
1933498845,0.27224285507958845
2094667025,0.2719305709122102
1880518477,0.2718162189910469
2091285697,0.2717254143739263
1879853647,0.27129821826166306
2503717070,0.27114696421472384
2500932124,0.2702374600716931
2502635747,0.269738310853608
1933510183,0.2697051957981886
2095346133,0.2696009065050856
2501899404,0.2691591341058284
2503520765,0.2688850312785502
2499529310,0.268348639412707
2501492133,0.2677847048762008
1880538765,0.26771539828570756
2500953042,0.26769274926691183
2502274783,0.2675501457409924
1434710283,0.2672793696766875
2500487107,0.26716297477775547
1879911341,0.26706502603604326
2093966457,0.2665797486426066
2499862680,0.2665069845391867
2500298964,0.266442406702
1433174390,0.26602606532952033
2501665382,0.265548930682315
2502974982,0.2653963790054386
2501376780,0.264978515792373
2502492342,0.2647833520731757
2499213580,0.2647010868207058
2499242150,0.26427473155125936
2501680722,0.26413670366334085
2095493951,0.26385779845937934
2503761563,0.2637728048473465
2093092247,0.26377268790786407
2501313312,0.26360178210751106
2095475884,0.2634043553011309
2092851002,0.26339044834262104
2502329427,0.26330089545593327
2502075067,0.2628456236339793
2091271812,0.2626429115145054
2501895521,0.2623183200522485
1930931277,0.2620620641619825
2500146585,0.2619202994922107
1879173404,0.2613887307894936
1930175854,0.26096616872530604
1930148717,0.2608348327919439
2502951294,0.26064355172561415
1433951991,0.26060071620091646
2499768852,0.2604369760891091
2094641831,0.26030764487802976
2502850240,0.2601553339179346
2091264891,0.2600461470401135
2093018290,0.2599663106109708
1934295335,0.25960511126521163
1879161390,0.25905471844083666
2499426904,0.25880180066924907
1932625944,0.2582083905402726
2501023030,0.2580908269660645
2502930653,0.25778605302092616
2092825935,0.2575457818419266
2499651060,0.25698062911640895
2501254685,0.25694779738249507
2092856491,0.2569155282803175
2499412165,0.256713876950895
1930974137,0.25634930816247053
2499560500,0.255850781005207
2501604322,0.2554073311457416
2094647985,0.25498640217720536
2501923811,0.2545995571285826
2092062827,0.2544557830589022
2499486102,0.2540157512126561
1879908023,0.2539439837659898
2503120331,0.2536361458048503
1434728167,0.25358135508065244
2501234240,0.2530232452905082
2501332567,0.25258105694799626
2500585022,0.25240817558746187
2503626845,0.2521572581496914
2092041122,0.2518930108406383
2500461237,0.2517809901780302
2499593254,0.25167901529299225
2502086472,0.25153709437476385
1934320245,0.25114156646617936
2500910092,0.2510199142567916
2502049552,0.25031152941117074
1880505813,0.25027140924622476
2503472983,0.25011179446896636
2499617080,0.24944735382235828
1931642852,0.24889569814009427
2499544204,0.2485387801865721
2502551467,0.2483164423975536
2500514233,0.24763665402214835
2499501600,0.24722397388742204
2502675917,0.2471466429020704
2096207725,0.2468330579644683
2092002925,0.24662795780707136
2503889531,0.24657272640990088
2502923162,0.24649417494748535
2500851610,0.24518497312313958
1931644470,0.24486345542065344
2095392360,0.2448534117963057
1879768393,0.24466770331965187
2501137482,0.24452813215246536
2092763127,0.24444853695298394
2095375077,0.24409762030961935
2093886667,0.24370466081555722
2502048872,0.24364762309645172
2502124515,0.2434050846645931
2503575883,0.24319094376924758
2503711534,0.24286543492051524
2501134382,0.24283764230999838
1439414435,0.2427427983472342
2501016302,0.24247895517201679
1932639421,0.24168464151185515
2096247613,0.24139041994050053
2095391001,0.24107628585667792
2499706400,0.24024386117946367
2503797092,0.2400735474520148
2499759602,0.23909643069580264
2093891965,0.23841260665435163
2500252480,0.23829814147418418
2093089700,0.23744248969051734
2092067177,0.23690557702139386
2501846864,0.23630829755681268
2499491592,0.23613922125737866
2500933895,0.23605236972608298
2499865192,0.23601144310673722
2094569183,0.23578642996449786
2502970410,0.23564736740585493
1879807672,0.23561967714642854
2499218784,0.23545080745630628
1880483622,0.2350426486434175
2503134564,0.23501454141596922
2503767942,0.2341551782610302
2502082510,0.23343993091109788
2093867494,0.233257447323853
2502852091,0.23318597439668695
2092971594,0.23313363596493317
2500881744,0.2324580281271915
2500688014,0.23220684500384925
2499756682,0.23213245788291115
2092081557,0.23211658902819565
2499441700,0.23188646998718743
2092087163,0.2317017667802316
2503110377,0.23134204449276358
1930170303,0.23099450437500757
2500161243,0.23096753624836164
2501003480,0.23079242250579066
2502026814,0.2307761521762789
2501034280,0.23033372839236077
2501172514,0.2300958037713591
2502701741,0.22980116824126856
2096200262,0.22888207913925948
2501416164,0.2288374168567617
2499427594,0.2283781482339715
2501313393,0.22737351425909658
2501508910,0.22661989474725625
2503528392,0.22634921242815811
1932601025,0.2262128512738773
2500984840,0.22576657637121766
2503605640,0.2254589622064655
2501497002,0.22539259293827704
2503073171,0.22424148893102056
2502911064,0.2240678577507809
2501536430,0.22389102569523073
2095348484,0.22388954286789908
2503060941,0.22275372677434482
1930174177,0.22272136451590904
1434513973,0.2225702722984039
1433736781,0.22254841017941182
1879893545,0.222089669240651
2499323951,0.22206241986227954
2501749142,0.22163745972077015
2503626602,0.2215874797798789
2091984675,0.22137734972514878
2501643941,0.22136282938268428
2503810090,0.2210173091112294
2502046457,0.2203586150488769
2501024594,0.22015921199847654
2501410023,0.21913076576965804
2500655062,0.21906369758725336
2501984814,0.2186464376205885
1930970155,0.21853463403584616
1931022017,0.21827627312339706
2092921401,0.2178870104079022
2092849515,0.21656274661986208
2501286622,0.21637590511969326
1932653043,0.2159569407203052
2501978697,0.21584969791709788
2499459190,0.2155914907303732
1931633071,0.21468466681440299
2501908385,0.21381860883445397
2501558693,0.21302455804821227
2500996171,0.21276082541454913
2502076602,0.21172363313079096
2501573235,0.21114968150773247
2501135384,0.21103860123494939
1934319431,0.21077803811420168
2501219622,0.2106317181860638
2500416025,0.210125333162341
2502495952,0.2099781188299135
2501997684,0.20987382779267605
2093970330,0.2093952930347527
2501763224,0.20855158098073154
2503610712,0.2084383589503437
2499318605,0.20753954912614447
2502759577,0.20740235982660613
2502985382,0.20706680626726898
2502706423,0.2069796210394797
2500726004,0.20601497021226128
1932444564,0.2054444819069261
2501977282,0.2051752424391917
1934324887,0.20475275858802405
1880507674,0.20332051021653022
2501069352,0.20286788934422276
2093943435,0.20195025356345664
2499346242,0.20186104774729535
2092002621,0.2017824289483668
1432710393,0.20130136932530898
2091990075,0.199961057589865
2502662673,0.19903980500509622
1880532272,0.1989911455896922
2500479077,0.19889582291149452
2499584480,0.19838758312868843
2500945574,0.1978651399481
2499448502,0.1969891494473265
2502235563,0.1965911062539936
2501848772,0.1957725878862501
2499763604,0.1952617481518497
2499506874,0.19386548886380514
2502215800,0.19352849547729012
2500959423,0.19334323117372887
2502099493,0.19286573036098742
2501130577,0.19283210209860757
2503618484,0.1927401772555998
2095453584,0.19246127380270361
2499459012,0.19237751898786018
2501601525,0.19102454097067012
1931686017,0.19035471923464095
2501284670,0.18976423458138036
1434066280,0.18894537387520166
2503608340,0.18811061352665392
2499323777,0.18749507823877212
2499859435,0.1866095464525043
2094662201,0.1854803632554646
2096265992,0.18248634459889454
2502712034,0.18226167929791723
1932596207,0.1817554045582983
2500320512,0.18169532604211247
2502154412,0.18127594421712323
2503648694,0.181170154721716
2503819272,0.1808704924291353
1433779463,0.18054432043090735
2502486533,0.18026641791404924
2502349657,0.18004888388957577
2095476430,0.17831169451840556
2501906010,0.17605163409571414
2503678080,0.17448098623172087
2502961292,0.17429870205390194
1433212563,0.1738757082652422
2091180495,0.16847438549022425
2499522487,0.16664976005692597
2092051754,0.16491105727367206
1439408702,0.16488465093097096
2499508827,0.16454429909881071
2499577440,0.1587774798359078
1932651784,0.1572886417474552
2095344835,0.15547197068650026
2500276083,0.1548367490717132
2502914017,0.15319143402432614
2499264150,0.15192371444414166
2500961500,0.15084860949920548
2501624163,0.14466200386917014
1934313081,0.14399435083968873
2095337017,0.13863375027657887
2503382054,0.13122623857661692
2500145240,0.13057064935761484
2499350100,0.12021798319081842
1931003663,0.11463946151008256
2502518690,0.10988939854944502
2502926130,0.10759096078237364
1880460051,0.10636243114716146
2500128913,0.10153242839645196
2501604981,0.09820649465936147
2502564430,0.09734482882913668
2502088490,0.09670952139363836
2502146670,0.09052531303695935
2499644360,0.0825102866231253
2093882642,0.08097428109400136
2093072075,0.07002858425108481
1879788780,0.06740513866280468
2091270412,0.05587706006436344
2091282032,0.0530646799249974
2499519152,0.03692110845894561
2499247720,0.032512013020331056
2095476407,0.03154598145667246
2503908500,0.016568716179264007
2500284384,0.015691559305583164
2501782910,0.006001213980398495
2503901374,-2.297711464879232E-4
1931601770,-4.928762327788898E-4
2502610444,-0.001606428631105879
1933558965,-0.0032925296401176796
2502861462,-0.004108972534321564
2502163757,-0.004291232705135619
2095376487,-0.007994951591851101
2499308220,-0.008054780837142495
2503434493,-0.009609307494170488
2500134344,-0.010671059104237714
2502348787,-0.018278574209875376
2502161500,-0.019385598110691363
2502371055,-0.021785799609903844
2093949481,-0.025327268687001858
2502532600,-0.02822160997612801
1879823051,-0.030940663812895577
1930978947,-0.07672404907202517
2094609697,-0.08283974681986116
2503127493,-0.09465329842321446
2503119187,-0.09476589287297515
2503131707,-0.0949674668244799
