user count in community:751
Topic id:1,Representation:0.5260132483180884
userid,score
2095464127,0.3072193674987562
1932432055,0.3028238831341649
1932468252,0.30001752260815284
2091978871,0.29485118342255007
2091968363,0.2942639758795998
1933497425,0.2939461979474836
1932603082,0.2938691205446082
1930947445,0.2932001995699813
1932589155,0.29301807227462573
1880457402,0.2922124604547747
2092000505,0.28855065875877306
1434425714,0.2877085888762731
1879813484,0.2872635785014888
1930229561,0.2870014028475222
2092038660,0.2865840915399711
1434717900,0.28653975935085085
2094673571,0.28546806721534107
1433571440,0.285460449920865
1434448551,0.2843091577809897
1933547367,0.2838647450260999
2091950140,0.2836341883139546
1434463354,0.28345450348247647
1434273737,0.28238304191738667
1934319687,0.27933264475984176
1879883812,0.2789449235869498
2092785067,0.27851072978911784
1932618683,0.27837515705804855
1434517001,0.27801607058770544
1878585281,0.277291986177537
1427656354,0.27697156405327417
2092880551,0.2767425487183532
1434552554,0.27660684659106005
1427605041,0.27630651069104123
1930939505,0.275741577777023
1880471021,0.27564637436612427
1879161247,0.2754230855275705
1434002060,0.27515916375397154
1880476943,0.27480656096672973
2500850970,0.2746750838921622
1433128943,0.27462823127735564
1879207801,0.27369211270954624
1878595062,0.2736714727884501
1879146695,0.2727554791031141
1427770475,0.27275532600670227
1879214020,0.27174795320318634
1931662031,0.2712874898528682
1931013757,0.27114788326265127
2503462055,0.2709105480525305
1434539925,0.2706677707310496
1433300397,0.2704563990153776
1434675640,0.27015160160757545
1931670620,0.2701389698432566
1880530643,0.26980155990245036
1879224927,0.26958410331909527
1433424017,0.26947523691935793
1880513130,0.2690803165840969
1433518354,0.2688915215463588
1434645745,0.26778951054574196
1434386065,0.26728999235807543
1432866452,0.2668431633488576
1879152041,0.2667883647954556
1930958893,0.2666844157663064
2092776450,0.2659872259581152
1879838604,0.2655534500960497
2093945821,0.2649375025323093
1434715795,0.2649330460711486
1433130224,0.26489265208845597
1879890220,0.26471302463459967
1879902965,0.2643945061887017
1880477453,0.26394721161810103
1933518853,0.26379307905376653
1427827570,0.2626700244833311
2093869002,0.2623246884651536
1879153037,0.2620363161545219
1879146667,0.2617880284584
1427751365,0.26178545785955704
1879870725,0.26091861403174066
1879810662,0.26069169304895334
2091182424,0.26061325134098823
1932477583,0.26054249807638336
1434675543,0.2604978802207244
1433551501,0.26041911515369615
1432622324,0.26039288013165557
2092841470,0.25958364994537275
1879809534,0.25925818238340276
1932461857,0.258668529946454
1432602970,0.2584534642309963
1879878740,0.25833643018918256
2092092917,0.2583150725690941
1433397405,0.2582652730339998
1879169925,0.25740485514248257
1880540874,0.2572445950833338
2092827491,0.2571094580311395
1930141311,0.2560391284367777
1879811777,0.2559561977831358
1439442072,0.2552515608483268
2501392185,0.25464816198725154
1427612513,0.25451487282624363
1434538050,0.2544729026859346
1427616657,0.25325644423354715
1434029531,0.25260591890593126
1427880974,0.2523324833811112
2501797422,0.2521032264705165
1879912771,0.251897955702611
1879235340,0.2518605378617352
1434720022,0.2518282062972808
1930958202,0.25144951688029454
1879238341,0.2513702632791527
1933560115,0.25124647018772206
1879840867,0.2507430405336402
2091276944,0.2507285720631023
1878582611,0.2505027478371629
1930203011,0.2503101162368813
1433539910,0.25001195281690186
1439398441,0.2497437970621841
1439486270,0.24900521274323498
1439619540,0.24897111757310017
1427626355,0.24866947563945677
1427841315,0.24846138729436285
1434555724,0.24844369700290866
1878573973,0.24836532870614156
1433726903,0.24821802692826384
1934324777,0.24819143093674778
1930986901,0.24802010118469928
2093861905,0.24721866804308923
1434054744,0.24721074207208765
1879131770,0.2471289040385721
1879233882,0.24697792600176297
2096245121,0.24667149161253885
1878592051,0.2464594372293466
1879833644,0.2463706419833545
1433582030,0.2463317037105533
1879870634,0.2461516796215327
1433168190,0.24605303021456335
1933529521,0.2459051205647709
1434551585,0.2458797287388692
2503539557,0.24578585170667916
2503318490,0.2455954772073031
1434452683,0.2454349772476012
1427815721,0.24528441505045345
1439613093,0.24494413909632815
1434533667,0.24462206985718918
2093857044,0.24431129234593432
2093987732,0.24418928829505346
1434669562,0.2439918111977182
1879836104,0.24364058091872737
1434103644,0.2436239256521829
1880514232,0.24339538772028174
1879132813,0.2432903834843691
1427714217,0.2432296672286247
2091238614,0.24321940431745623
1879851630,0.24310071929986876
1434339064,0.2428673777906482
2092844735,0.24284486924364002
1929308107,0.24261577679923918
1433075185,0.242600586323036
1880457553,0.24255559782109354
1933506795,0.2424158373222871
1879830405,0.24215177929785972
2500232233,0.24203525589234914
1933553492,0.241615887640864
1439434345,0.24160519448524959
1433653180,0.24149817282616617
1934322592,0.2413985469354813
2096226943,0.24108910540150805
1433311821,0.24031851611767888
1879159552,0.2401263517735343
1427893767,0.23985153825983577
2500682831,0.23946081594415644
1879241701,0.23940538505273795
1929312651,0.23906908227750753
1930951374,0.2387910096044848
1434503647,0.23859970120875398
1931616044,0.23839017105648072
1879231743,0.2380735084916252
1433535591,0.23802961071998374
2502415547,0.23772111574498175
1880530547,0.23759701844669315
1930253155,0.23748706830674277
1432761741,0.23742723162234647
1932500973,0.2373462068181185
1434015837,0.23732697176962475
1434476591,0.2372972271736983
1433228373,0.23700815255527685
1879905811,0.23658436282427375
1433855575,0.23658171239980869
1879864591,0.23654440784735983
1434482170,0.23636154800786313
1879814304,0.2362982494486137
1439615295,0.2362674622654339
1879217103,0.23602062229985796
1432665233,0.23581696522257117
1433800261,0.23521104103709725
1879819712,0.23487033983677627
1879203193,0.23455957045952935
1879162870,0.2344303170805758
1439518811,0.23440865754132104
2502237647,0.23416569101886925
1880511241,0.23413067459260084
1433718850,0.2340466037825481
1433008470,0.2337497591139081
1433472412,0.23372670555564312
1439393620,0.23354067344014398
1432635785,0.23347881746729982
1434419580,0.23319261168567548
2093974751,0.2331883252224318
1432633995,0.2331523356421208
2092065834,0.2326279906303242
1434537702,0.23244960891889127
1931647455,0.23193986010142412
1427654367,0.2318536238505322
1433162625,0.23176591182916242
1879886572,0.23175796807977453
1930247051,0.2316796700818539
2092805935,0.2315236755934684
2499680703,0.23147461231253658
1439364292,0.23143040142068044
1879214721,0.23128191109943655
1933543885,0.23093467283307714
1434682201,0.23092105450759706
2092082117,0.23026910974639297
1432914911,0.2302108884497704
1432805790,0.23012195796846854
1932538882,0.2300730189133124
1427717997,0.23006622197405194
1439475123,0.23001762675804518
1434492385,0.22998013375236176
2095393265,0.22972184954723912
1433583043,0.22970038867192935
1879203352,0.2296473817380334
1879221370,0.22959624287535269
1879838455,0.22942729382571264
1930225521,0.22899795653393748
1932517893,0.22897668479611455
2092817835,0.22897370727181465
1879131197,0.22878142851693725
1434490112,0.22866957062639887
1433223142,0.22864715423605805
1879818790,0.22831854055934758
1433386572,0.2282207765550796
1434053521,0.22764979623378193
1433068453,0.22763031261809552
1432869167,0.2270400814376424
1434037477,0.22690376915982452
1879870794,0.2268198406566664
2092915017,0.22654702567131263
1933549103,0.22650712736463668
1879812475,0.22648452603065158
2503237427,0.22639160465452862
1433222831,0.22636157951666785
1439427684,0.2261427908581012
2095391501,0.22561306926102503
1880451972,0.22537100570114404
1931003157,0.2252093255527721
2095426313,0.22514087746228426
1880436792,0.2249971104710635
2501965344,0.22498726069789762
1879155643,0.22483862805581692
1932508897,0.2248345134012683
1879858787,0.22406792517741886
1433467250,0.22391006480546125
1879826700,0.22379317500929446
1433557323,0.22360956325256925
1433550811,0.22324697325995757
1427793024,0.22301242147332542
1933585883,0.22298522954711655
1879176630,0.22286288074415467
1434052213,0.22276164773200963
1878576484,0.22274358504746244
1931674083,0.2226624485285781
1433645242,0.22264559118396804
1432660452,0.22231311030110856
1879155302,0.2221027133017343
1878579845,0.2216978367011266
1433545233,0.22146302847302055
2095431923,0.2214160571151023
1427755310,0.22131360471206796
1433139807,0.2211603377909043
1879244523,0.2211493424851352
1931025653,0.22109575451394295
1432695027,0.22070678099385227
1879848164,0.2205895968915679
1934299441,0.22034779376888985
1439464677,0.22033846980141578
1433642632,0.22029702447082689
2096217024,0.22012487973563463
1439369912,0.22011921943351806
1427764885,0.220109645629444
2094620071,0.21989810174560181
2092819941,0.2198595191788538
1930241917,0.21973802918067387
1932528487,0.21958163940784775
1433215493,0.21943305955445055
1933600954,0.2194109590028787
2095349422,0.2193606138224831
1879882645,0.21935282305759168
1434495821,0.21914181134977745
1878587037,0.2187306859220889
1931017420,0.2184385059787495
1439407052,0.21821396397555023
1427798572,0.21820837940877388
2092937727,0.21818787968242645
1433406647,0.21816432699748353
1427781257,0.2181519577681338
1433558991,0.21784996290910216
1433128597,0.21783591312293588
1879811593,0.21674873315419568
1879134747,0.2166643679356506
1879783257,0.2165256296398344
1432727987,0.21637167379152344
1879795123,0.21632512028196987
2500277503,0.21605679628511498
1933589542,0.21586026374104503
1931681844,0.21575846510940688
1432921335,0.21570278805944895
1878592497,0.21568992178727198
1433318045,0.21563163050014436
1932521922,0.21554320882073835
1434723177,0.21552356386428156
1439332807,0.21510641107056866
1439433251,0.21460597758324754
2092040310,0.21441410221525356
1931636617,0.21402909887793564
1879223413,0.2140227410591642
1439563882,0.21383007235313709
1879795645,0.21334264966290362
1434501485,0.21283830272759857
1434258574,0.2128006709050491
1930165604,0.21276508574030525
1434159320,0.21264898590457956
1878583133,0.21240305139293214
1932558083,0.21224489036009453
1433080745,0.21223411770965392
1929311842,0.21219832420682064
1433035470,0.211952321059558
1432764915,0.21189488505564819
1879174481,0.2115576842742414
2092832394,0.2113767418192354
2503772045,0.21134017061323593
1933532717,0.21132314026892793
1434258320,0.21127967867569922
2095448855,0.21126507534047004
1433158862,0.21100110490355511
1433105571,0.2108396203478605
1930955204,0.21037252395390804
1932640877,0.2103328052377202
1433136073,0.2102899419826338
1878589562,0.21026355283364068
2499257907,0.2101630944961669
1434527732,0.21002205798635587
1434476403,0.20995562554189542
1433566070,0.20984395877096756
1434314877,0.20956065807571203
1427739495,0.20943424240463904
1879791924,0.20941038070889476
1434342830,0.20927574264237941
1933567327,0.20923662058391723
1432641281,0.2092053541653437
2093923390,0.20900572542454612
1879127944,0.20884292593371429
1932560435,0.20879814890583104
1439368335,0.20873010355963242
1439435961,0.2082226754664245
1879903644,0.2077774967365981
1432684130,0.2076613225183475
1931664044,0.2076595690112479
1433188740,0.20762141454915625
1880542203,0.20743800912275306
1931626621,0.20735792482345294
2096273181,0.2073516551435851
1432655664,0.20728260441915566
1439573153,0.2072044961729776
1931026347,0.20714467919422527
1879883460,0.20712199991574093
1880427695,0.20712049911259134
1880437881,0.20709848243067516
1880478810,0.20705962854014529
1879899610,0.2070486988408969
1427764763,0.20698616817044266
2092960804,0.2069042728935116
1434186564,0.20658917500408785
1432662141,0.20622403906156997
1433510192,0.20606634269228377
1879883942,0.20605565459506137
1930230667,0.20592078416991266
1434170697,0.20578832688883367
2093899587,0.2055635305658511
1879144144,0.20529906735790115
1879168807,0.20481805584707793
1931001827,0.20465710847690746
1434204134,0.20461100303184968
1434655804,0.20450169084218361
2091258122,0.20436252594388554
2092919360,0.20429104631974931
1879782977,0.2040361257023793
1932512560,0.2038306908549023
2092008882,0.203815457631261
2092806310,0.20380361726126064
1930985693,0.20374315804712673
1427715021,0.20350952079042856
1933493623,0.2033570320624549
1879866267,0.20320174809081445
1433471552,0.2030660140073066
1434101723,0.20234263403940345
1931595353,0.20196464403106457
2499417155,0.20173078519642546
1879880930,0.201700625618404
2095376597,0.20169826702895152
1434746781,0.20163498445020148
2096203173,0.20141414929092616
1929317141,0.20093148454161497
1879232284,0.20087764167557054
1879194397,0.20064761876880363
1433336350,0.2005495769384431
1930184137,0.2000589711836956
1433546963,0.19985113064883692
1433051460,0.1996062583208315
1432702731,0.19924078507260823
2499634662,0.19915788685565416
1427635110,0.19889134256121557
2503841962,0.1987560732346671
1439573570,0.19868498128897985
1433472964,0.1985534085079001
1880514180,0.19851341481293733
2500127067,0.19842884108997463
2092834487,0.19815571242155672
1933511237,0.1980656185443035
1434470915,0.19799096948886946
1434366115,0.19763870428949545
1879202984,0.19743395307105466
1439374924,0.19736566686768053
1434727094,0.1971473549347116
1434558484,0.19704426780266007
1433640483,0.1970187576389526
1427886984,0.19672733228876127
1434514324,0.1967189293980199
1433055292,0.19614675683999724
1427722075,0.19614653343198427
1934301070,0.1961324527610546
1434130427,0.19591880061630348
2502545480,0.19587375314613942
1878589740,0.19542901967101223
1427704773,0.1952949757578985
1930999183,0.1951967038433807
1932527695,0.19506011963109984
1879824354,0.19504991956912981
1432645435,0.19504335824838936
1930153433,0.1948727799593017
1878583483,0.19479284860921356
1433797363,0.1947587028771228
1427825320,0.1947320907630933
1932448843,0.1941771092888152
1879810531,0.19417388056624724
1932493733,0.19415301018305497
1930935051,0.19414961513714168
1433485577,0.19400266427975438
2503101385,0.19398489903460342
2095355697,0.19395967429890357
1434043830,0.1937181101019953
1427603960,0.19320795823653739
2499301170,0.19311791602403663
1933597771,0.19289075385209775
1433973177,0.19287307564935313
1879774842,0.19234445706677214
1432668761,0.19230158840707462
1433215263,0.19212820631839742
2092942635,0.19208763474194301
2501296983,0.19183955986345694
1932474873,0.19155750175414793
1434700155,0.19140198362486655
1434197362,0.1908440283298734
2092018555,0.19083964136110962
1879905425,0.19080405788231258
2502212212,0.19070409918487258
1932581550,0.19066595699132963
1433605720,0.1906179272722
2502402680,0.19046983305546053
1931000225,0.19045605438210705
1434256870,0.19043890969950236
1434492110,0.19022217176490214
1932442933,0.19008125622138236
2092818977,0.18961295017257085
1433688270,0.18958512169417188
1434551502,0.18932276300102072
1879879952,0.18903870158638206
1930164693,0.18894311983109513
1427689630,0.1888062618704349
2499596257,0.18880363946170456
1427723110,0.18879850264715997
1933552995,0.18865985673573266
1439534550,0.1886381559072926
1879874592,0.18854207013321558
1433533977,0.1884919011487386
1879224677,0.18832909385599253
1434629094,0.1881734669059701
1434221621,0.1880086819150568
1879788453,0.1878107501552645
2500775855,0.18773290877842716
2095350585,0.18751060022058424
2092944792,0.1874809849292234
1439440182,0.1870432885717227
1433725465,0.1868267557552026
1434346725,0.1866542452332379
2094669121,0.18646769229776722
1879128247,0.18628538786458612
2501517224,0.18623344152975274
1880529565,0.18595674935875978
1931007435,0.1858875736513512
1427807683,0.1858614862835853
1427685475,0.18578347643657936
1434563757,0.18566460811096783
2092016123,0.18529466222386218
1931598421,0.18523531114756175
1930249050,0.1847185888855009
1432871933,0.1844158604128331
2092857993,0.18409408704673377
1434044670,0.18385574862808646
1439545517,0.18365205043310634
1932497395,0.18358151259260716
1439558282,0.18347531521484858
2091218615,0.18344053598942336
1432684464,0.1832471826387443
1427856044,0.18303130071595683
1879900432,0.18300813152631673
1879833060,0.18285962704251926
1434223700,0.18274600414555217
1930984042,0.18242077502087997
1433762481,0.18218547620702757
1930950261,0.1820608072008208
1434339604,0.18185971490895164
1433738334,0.18178082519852976
2092773250,0.18146872218226506
1434640054,0.18134049666426352
1879865887,0.18124576946015508
1434095305,0.18111739678362496
1427767664,0.1810286970867217
1932563445,0.1809180891063498
1427733180,0.1804070098864392
1434266707,0.18016951896357136
1434636581,0.1800175676088631
1930148015,0.1798951351277839
2095400833,0.17943523524361063
1879862297,0.17910198890835086
2092974352,0.1790973877803231
1433789132,0.1787799052802729
1879796834,0.17854408024488794
1434694951,0.17810633188288402
2091239271,0.17805507804391182
2092959707,0.17797275572593965
1427718637,0.17796336240715618
1433247434,0.1779327543485408
2093885885,0.17789139554282288
1434507223,0.1778869941405711
1930217913,0.17748914899764925
1879135977,0.17693738634993394
1433365913,0.1767758102993501
1931020000,0.17633868665190744
1427654820,0.17626161439349144
2499739313,0.17609483114134827
1931028312,0.17512982154548173
1879155741,0.17497430461361954
1427598480,0.17478658349315562
1932541830,0.1745599991907315
1880526554,0.17363276748936418
1932459677,0.1734446020296848
1879773321,0.17343465254060875
1434764827,0.17336000816779562
2091201847,0.17332980316821794
1433201810,0.1733067413063375
1930243812,0.17316512708467505
1879798434,0.17278537778833886
1433575931,0.17273161849511534
1433596734,0.17258085107364504
2091275437,0.17257039004099872
1433323862,0.17238281495619517
1932477845,0.17235657932550713
1933538050,0.17225489828509247
1931691981,0.1720803671659014
2503580077,0.17182235114315614
1931588713,0.1717693994717646
1434139633,0.17048773144980825
1433575607,0.1703473403886753
1880544120,0.17033728339513945
1932605322,0.17025314065018787
1879146145,0.17010547642269772
2499639740,0.16977299573384097
1433706647,0.16975346149126355
1879778344,0.1691523410803802
1879901184,0.16881649442821997
2093876511,0.16871026300015007
1879249461,0.1686740950755629
1879877174,0.16824825843717747
1433830517,0.16817019700970978
1878600987,0.16790270097356857
1932479042,0.16780651956194664
2094615401,0.16762054591557368
1880446442,0.1671061582646799
1879769781,0.16696450426736656
1427756644,0.16631841654819843
1933524122,0.16611018901674843
1432847273,0.16580205575757775
2094610225,0.16499367020812428
2499885020,0.1649213558583335
1433464033,0.16469102509504924
2092783325,0.16445647764440152
1879882684,0.16414486432619357
1433654304,0.16403853894579704
1433849561,0.1636922201880209
1879792804,0.1633462975876946
1427601244,0.16312025851783346
2501734700,0.16262353618036388
2093955261,0.16251838672976138
1879888392,0.16188269262167063
1439386254,0.16187532347338404
2501594203,0.1618599606685136
1433995350,0.16137051242881648
1931645105,0.1608130766518859
1434057295,0.16072643880341903
1934298784,0.1606979873222358
1434370320,0.16056090193451203
2502393684,0.16049918541693875
2093980440,0.1601290640472673
1878592651,0.16004249721992234
2499247473,0.15855729865899879
2501601853,0.15661937990606914
1432923947,0.15640316146786318
1880520660,0.1562167901281578
2500448414,0.1561673669754278
1434533641,0.15551659450056357
1880531947,0.1553373796295847
2095364133,0.1552898647736261
2096253264,0.15503985201078338
1931622005,0.1549750241479669
2092790137,0.1547369193694292
2502449081,0.15464376026716006
1929307921,0.15449956076336813
1433263533,0.15416124430128292
1879241163,0.15351818560035024
1434386092,0.15252684856753196
2092769707,0.15208262953781293
1434210211,0.15199751690423075
1879132970,0.15134193602113127
2092024830,0.15073834009379006
2503282622,0.15017342595894567
1934321753,0.14973408280964745
2499268953,0.14958766974587218
1433087902,0.14955443507594565
1931006744,0.14924174074470967
2500440344,0.14912079530702405
1432938931,0.14865929608482226
2502756675,0.14859757043813884
1427624332,0.14783980853489842
1433416121,0.14679670956810692
2501674540,0.1465924593343637
2503329080,0.14637970654103022
1879900895,0.1462644524034037
2092881510,0.1452572238409469
2503750192,0.14522165132207213
1433387177,0.1450315355320396
2091239674,0.14406985820546975
1427727480,0.14398841265193923
1433057320,0.14372495913870315
2092775787,0.14339033833020623
1878588223,0.14294559241542648
1434687935,0.14265782163112578
1934309293,0.14259982319962206
2095378383,0.14160194484467212
1427617877,0.1411985785043014
2501303245,0.14097142521150324
1930929842,0.14086525686082324
2503895143,0.14037510667764952
1439337172,0.13999195559095165
2501775247,0.13969860274460905
2503489135,0.1395834663867256
1879200495,0.13953320741961736
2501664181,0.13930632731006842
2095362260,0.1384448206901267
1433440645,0.13836245018505616
1879232961,0.13806367920145363
1879776943,0.13745439212909655
1931617397,0.13715724045097835
1879777144,0.13708751330768237
1932455451,0.13673012716345476
1880494727,0.13633772377263684
1880509394,0.13574564908978415
1879171170,0.13519824188250945
2502136912,0.1348668095677589
2092781801,0.13462206106808083
1434301724,0.13362114936140862
1930149375,0.13349043854409817
2092020381,0.13218789546902665
2499553210,0.13193936836234252
2092066125,0.13174665309981679
2503273750,0.1311617350245713
2502248875,0.1304831808153484
1932482165,0.13034469607296684
2499206154,0.12966667475310867
1434371363,0.12846242997919446
1433012600,0.12817135302420793
2503191945,0.12816430640408116
1432976944,0.12790521561241508
2092055271,0.12755093133801207
2502468280,0.12729334316181165
2502736185,0.12652495045393694
2096260444,0.12644717515073564
2499823914,0.12620442107896998
1434364475,0.12589821830838663
2095445444,0.12574470579481145
2091220405,0.12564989235037918
2095379683,0.12477607637475942
2091992141,0.12382704091752875
1432659420,0.12329664897391218
2094675495,0.12289279980858134
1879244590,0.12263188238325079
2091966230,0.1213577666377292
2501592432,0.12055073395495121
1433818842,0.12021272237431263
2095354125,0.11984624449257855
2092814124,0.1198375750970639
2503254714,0.11692109420533227
1879187112,0.11634565301219915
1433567930,0.11604536856413117
2502571032,0.11523151398135384
1439526984,0.11522882979267621
2502073357,0.11410764496063665
2092934223,0.11378798234609085
2501517245,0.11338468226472952
2500988907,0.11131707508141496
2503296557,0.11126869303167602
1932596071,0.11089897909643359
1930950275,0.11081378140245066
1878587655,0.10787583465028716
1934324013,0.106691447490139
2501706055,0.10628252451231102
2093962317,0.1060782341119618
1879865537,0.10539481165529341
2092043451,0.1024349522055078
2503143945,0.1012378019102767
2502991524,0.10066067661621687
1932595365,0.0981753090434
1933503670,0.09689811548497673
2503886211,0.09450722975149418
1880456560,0.0934451513959637
2500972744,0.09000985589656098
2095456105,0.0865071624478706
2500605093,0.08626516617230842
2503547500,0.0853750926171578
1879201087,0.08442604445887443
2091197467,0.08153135185095207
2092820933,0.08093706208659057
2503779085,0.07452393928002916
