user count in community:321
Topic id:1,Representation:0.24743422848569777
userid,score
1931645613,0.18789063180925222
1931646097,0.17844741857787721
2499256983,0.12490398086209974
2500370072,0.11908445380259876
1933510172,0.10460650783203101
2499248263,0.09847844084054036
2091271790,0.08309345715812404
2501495104,0.08119034047687389
2502695253,0.07725521850753318
2091253811,0.07535693757663099
2500202173,0.0749729684522066
1930182193,0.07429578892350137
1930156655,0.07427780346270421
1879865277,0.07402398493508142
2500270590,0.0726712317010253
1931594057,0.07105985420547987
1879141267,0.07096029097788971
2502035333,0.07082761875267919
1879137877,0.07041554764608522
2095398862,0.07003185633066018
1930150663,0.06990674288890199
1931589695,0.06973783286517753
1433294104,0.06973178720016579
2095468132,0.06954182769873146
2502445865,0.06910717299192365
2499886517,0.06808599311426425
1931617953,0.06799015603887748
2096270713,0.06792654897011173
2501625731,0.06777416954070238
2503168190,0.06766375154796314
1931623927,0.0671884156045113
1930179660,0.06705169422801684
1879166473,0.06704440838134434
2502524632,0.06634663849618472
1434634947,0.06612949796380017
2502484114,0.06608675954581034
2095440244,0.06586480940280727
2093930480,0.06527535708081092
2094628125,0.06521017601288062
2502957240,0.06510544738443712
1433121964,0.06481911385926703
1434587547,0.06468026860672163
2502584224,0.0646659755566072
2499385204,0.06339492393544766
1931690022,0.0632425785461694
2092902691,0.06305571147118809
1930247330,0.06278552125910682
1879822355,0.06265822575561536
1879151463,0.06264576409778676
2499273574,0.06260004034846763
2501214202,0.06210115821927328
2502383232,0.06168751729868132
2502116391,0.061534483005426556
2094636912,0.06148967766218996
2501995297,0.06108783088944052
1878586892,0.06085457260318362
2499636982,0.060826793205817055
2502150940,0.06071252763630022
2094624744,0.06057038428685501
2503361553,0.060227666435541796
2499367001,0.05985868986959626
2500597742,0.059719923957517324
1879199300,0.05968401253753441
1933526775,0.059550703809665186
1879246662,0.05935255312852785
2093889411,0.05925384460070258
1433678592,0.05921364256215224
1931018942,0.0586409068495143
2500125562,0.058530093157842876
1880543673,0.058280637562497406
1427801217,0.05825637298712726
2502609604,0.05813059030861785
2091963713,0.05811471751627834
1879234541,0.058084894417829755
2501423727,0.05757894736672563
2502374653,0.057304140421818486
2503283747,0.057249815577036935
1930195061,0.057072802922273264
2500241810,0.05637413980229803
2499406734,0.05624225374442983
2503706070,0.056231326570868476
2499894410,0.05598900295884264
1879217220,0.0559601418958065
1930930335,0.05591916979608371
2092857225,0.05538592923884031
1433281792,0.05528577954313001
2096270973,0.055131389737132774
2091949285,0.05504936314258813
2501233962,0.054464430514198824
1929313851,0.05424885304592573
1931008895,0.054076591280088876
2091962437,0.05403460055174095
2093897572,0.05387019205633314
1878583253,0.05346758071320132
1930957921,0.05279677069110876
1879213657,0.05278897049270339
2499223904,0.05266300902981858
1929304783,0.05258005173991509
2501419345,0.05243509721825926
2502208162,0.05214877895727539
2501417192,0.05212306296698948
2501060657,0.05197549631245784
2091246527,0.05193380424025828
2093010572,0.051867337731125895
1434434673,0.0515799669486643
2092760521,0.05152927270449453
2092756445,0.05128639552185833
1880520612,0.05123419297085991
1432895617,0.05120344973577007
2499568820,0.050526781682629085
1929314135,0.050093530105803356
1879891652,0.0494859568858853
1879194297,0.0493135091866154
2091223454,0.04928696449895799
2500642921,0.04919213353982827
2093089440,0.049055805150448314
2502212964,0.04903372803833922
2501840167,0.049000677427679884
1880465640,0.048997954283681845
2502270430,0.04859418745127624
2501330450,0.04854473157003398
1879195423,0.04844031319750085
2094604660,0.04814196631313409
2501834312,0.04806613725572275
2092809433,0.04765427774321081
1879901180,0.04765364188054213
2499597587,0.047390635021427784
2502484850,0.04726952865383843
2501062180,0.04726422001642205
2500735704,0.04721850661826018
1879794645,0.04702262866071879
2503101400,0.047021681391734356
2095365674,0.04685861770045572
2499623642,0.04676609093175943
2502154014,0.04671036567666961
1879826574,0.04670016510278802
1434397371,0.046587563115184034
2093056013,0.046068590776974935
1880517155,0.04602883522713752
2502448472,0.04592026169494818
2499511232,0.04581211464372102
2499233225,0.045810677172014036
2092085424,0.045615644473660094
1879823955,0.04552168815433379
2499630991,0.04550203379389836
2502976484,0.045436138384522665
1931659025,0.04532545558533719
2499301005,0.04524806215732981
2502367794,0.04516653134914072
1931639887,0.04499755085881815
2501409341,0.04477474194683877
1879856732,0.044645400383776485
1932604581,0.04448862987771636
1879777241,0.044416605046110204
1879843694,0.0443245432945111
2502344812,0.044182533794544294
2501743942,0.04409944254961874
1880514172,0.04408307200498544
1879149994,0.04387562773273273
2092877171,0.0435869927165385
1931001532,0.04275330388354568
2501702960,0.04266164289186237
1932529823,0.042512828547288224
1433471714,0.04244202624577964
2096246144,0.04220841768550646
1931650313,0.04213261532208822
1434304963,0.04211109088367647
2502932734,0.042074265359006956
1433320585,0.04162649306356192
2502261835,0.04151335417827431
1931666125,0.04149221618006724
2501365061,0.041304286984936475
2499276040,0.04124921341017783
2499257642,0.041201531403803525
2501409934,0.041092622951058554
2502260081,0.040616671990938345
1434238083,0.04033700135515753
2503671800,0.04027051563207686
1933536007,0.03986323426999061
2096237952,0.03970635848971659
2502018237,0.039647381532436854
2499658284,0.039441851646422166
1879897133,0.039372199811214155
1433267413,0.03905669122833314
2093878710,0.03895635863416572
2092016803,0.038505197739810176
2503491790,0.0381035286366078
2499462271,0.03800008609166167
2500344960,0.03729340659166358
2503549912,0.03704637560675087
1932571975,0.03703172640672848
2094677051,0.036891591702864795
2502282900,0.03671361615279108
1933506255,0.03660195363843197
1932580917,0.03632696350465344
1930156457,0.03614966043340628
1934294445,0.036114939707388355
2092051533,0.03603404991592936
2091194817,0.03562306599271942
1879768950,0.035510117566026136
1931638677,0.03542009171420106
1879903732,0.03463297850413488
2499487050,0.03436072400446134
1879132110,0.03433712330686641
2503257202,0.03427589945919148
2500674190,0.03425671988090093
2499672211,0.03413992001156186
2500271721,0.03373456635596502
1933503461,0.03367148858537319
1930161347,0.033610239242875616
2093035280,0.03250491389757245
2094578173,0.03242449550066936
1932576243,0.032393376390750836
2501742310,0.03223661034848235
1930198115,0.032235740647425216
2499760704,0.03209860616287753
2501951010,0.031861556533179416
2502206924,0.031752377549751944
2503409892,0.031506437517528116
2501532360,0.03145049018084458
2499205004,0.03134543635298343
2501678964,0.030945317056315924
2501358252,0.030580708121575574
2092954041,0.030513584179545333
2092006852,0.03051010099551822
2499706644,0.03039230256159149
2499229015,0.030348292698028
1879242762,0.03010388723897172
2095364637,0.02970815266658418
2503276922,0.02950068391221405
1880534100,0.02938339328862892
1879773915,0.02934617530785402
2502789243,0.029261396593941856
2091284584,0.028898506929939994
2503891514,0.02820846673044929
2501452932,0.028087502018587025
1879895110,0.027921390585405242
2501179192,0.027890973851313602
1879802973,0.02767219949161503
2501547482,0.02763206553730307
2500235942,0.027337474958698444
1930977571,0.027199165933629078
1933589672,0.026713660566035212
1930983777,0.026618411290466115
1930228604,0.026576999953042954
2503075752,0.02655303870952782
2502196083,0.026215496483451933
2092782931,0.026188342542796762
2503376934,0.0261324714721017
2092852711,0.026012991128541177
2501465580,0.026009445999521975
2499255871,0.025864936656277385
1879151613,0.025828739470227863
2501315301,0.02582545880766325
2092076237,0.02577030698222207
2501601321,0.025640062372810135
2502045177,0.025216927150935618
2502353354,0.025078657136257607
2091229994,0.024898583532225942
2503048671,0.02483060152300688
1879246941,0.02473950500676982
2501868970,0.024506307624851526
1930158277,0.024499308718583596
2092092363,0.024457293405782416
1929310631,0.024422714388707203
2502013235,0.024190643753565028
2093908291,0.024170310790712114
2095336313,0.023901318264037626
1931664345,0.023816037958421004
2095459650,0.023724189560467353
2502098144,0.02346741678993642
2503262324,0.023455959628133013
2502735804,0.02318369878142455
2502014644,0.02314926750001471
2094562654,0.02303776788713758
1930195414,0.02285158769001011
2502954552,0.022755950329448445
2096199184,0.02269152530871399
2093085227,0.02256609886510606
2093906944,0.02227121014370404
2093000111,0.02187615529551504
1933520017,0.021823066638315507
2091184385,0.02146294839171672
1880489702,0.021198543546823084
2503127092,0.02105168837889964
2502247592,0.020682406019005697
2094559110,0.020445600680412877
2092893471,0.02043260645109508
2503785175,0.020257861598761466
2095403957,0.019974998677692254
2503420091,0.01992047022184699
2501008625,0.018443683435511452
2502164570,0.018416607139821108
2091974890,0.018300278851395874
2501876201,0.018262967023642003
1879247017,0.017937390237520296
1931595517,0.017697259502960024
2499806932,0.017196909791704174
2503607053,0.017163247378165845
2092016511,0.016775886053275586
2500230182,0.016770213831487465
2502109890,0.016503412506988325
2501775670,0.016483238697730343
2499313213,0.016445787690906776
2093889797,0.016218710147464097
2500532595,0.016195458485584745
2500253040,0.0161121894256058
2501655165,0.014248484811294954
2502781277,0.014102402448574013
2093904494,0.014074889462709666
1934320773,0.013857489331545354
2502949832,0.01335082435439394
1933585575,0.012948303760388313
1930220275,0.012489580919562296
2503167024,0.012265656953785783
2502467922,0.011687302451915592
2503883795,0.011117271029874797
2095365521,0.010981933611588602
2502397640,0.010216333045189065
2500238875,0.00924658057488709
1432689460,0.008952000554016423
