user count in community:679
Topic id:3,Representation:0.6385723875476168
userid,score
2501600630,0.5258187514997164
2502304037,0.5067945914693064
2502886265,0.5048988481943429
2094636725,0.49629965749341376
2503116461,0.49053981799150614
2095452301,0.48640003619324196
2095377207,0.48170105103357974
2502132763,0.47497660118511836
2093012983,0.4721049383708632
2094579473,0.46976150348626966
2092013854,0.466727501845212
2092807483,0.46567217946606587
2094660043,0.46523290871945544
2501553183,0.4639525616218015
1932461307,0.4549121532305029
2092951260,0.45258067006894276
1933581934,0.4518115233166796
1932642635,0.45100180742598484
2095495454,0.4485004223410792
1932516144,0.4482785719810148
2499819592,0.44642438777641374
2499845773,0.44554598530955264
1932543735,0.44441818887917023
2092090004,0.44430169835932903
1934311132,0.44428310907063395
2092915727,0.4408030638496696
2092879140,0.4407045198141272
2092810204,0.4397911117454745
1879862882,0.4390542617609328
2500347237,0.4390113828544372
2095342411,0.4384336991315645
2501519087,0.43801257158713147
1879903837,0.4364385355058668
2094677502,0.4359180170062828
2499282852,0.4342851727627841
1932518693,0.4335771252102112
2092802794,0.4320347498936352
1879148865,0.42940044751457257
2095447640,0.42892810206835863
2096273465,0.42892767407854665
1879200853,0.42817194892732424
1930145462,0.42659884219942773
2095407751,0.42647482386091373
1930171180,0.42551250375655036
2092826104,0.42510174979144755
2091280821,0.42494248505532717
2092848203,0.42443272922825875
1433508693,0.4235204981531933
2091968752,0.42323660434943694
1880437117,0.42297970660996526
2093863851,0.42294170201853093
2503457482,0.42265335939925996
1879192935,0.4210695358838221
2503210194,0.42010023957872056
2500956394,0.4192034544254515
1879238233,0.41847288532539706
1930217094,0.416474698705327
2499224092,0.41620066024382457
2501357973,0.41558580018949065
1930141335,0.41505708436933875
1879783317,0.4136306046426952
2501916985,0.41327992829468513
2092845305,0.41250308508479944
2094550853,0.4122314014774813
1879201637,0.41209345379585066
1879248323,0.41010979762567407
2091993834,0.41004885103674965
1434682307,0.40964501612772536
1879197517,0.4085720656463844
2094622895,0.4080347898296772
1879199307,0.4066329089554751
1930236895,0.4061486018572278
2093966733,0.4052471599944227
2092882334,0.4050384019426454
2094679125,0.4045634362760878
1930960724,0.401424533787088
2092946140,0.3984612162355915
1879858742,0.3984075539249256
1879146065,0.39765844886807084
2092838991,0.39727271358644334
1930187510,0.3972476235896423
2501165172,0.3972087006545205
1930173631,0.39707522982454957
1879843121,0.3962641266296844
2094658367,0.3957026184476764
1932434035,0.39466801576787336
1933587957,0.39400131323062015
1880436467,0.3934784030952772
2092890127,0.39347540809284665
1880456667,0.39334928481975107
1432681345,0.39327356956867743
2092871904,0.39317723235385216
1879792035,0.39283761255435423
2092930242,0.3925555466962742
2092969524,0.39247237742113356
1879179653,0.3924681957019094
1434670014,0.39098841143223567
1932505922,0.39092602939161336
2500934104,0.3906923184573291
1880471224,0.39068975783232734
1932460691,0.3906506905378878
1932640544,0.38745092400873193
2502816970,0.38724842107257595
1879832175,0.38702352307669885
1434531724,0.38676683785154625
2095392941,0.3859426361941869
2502744111,0.3859074637108311
1934299325,0.38495994766956554
1880483524,0.3844859843500605
1930152042,0.38420808656799776
1880493775,0.38413260357975565
1930235983,0.3839577089891956
2503262895,0.381791870494623
2503587865,0.3813992517114424
1880493903,0.3808955335273646
1879775220,0.38058549130662994
1879172363,0.37932893782076627
1879166025,0.37876356248581955
2093932767,0.37841365572649927
2091995304,0.3780218902051086
1932516241,0.3771746437700779
2499275172,0.37644745560610837
1879156962,0.37625809518766495
1930189230,0.37599465300903456
1879163861,0.3747301480927554
2092872947,0.37418115902926674
1934318625,0.37338188565348573
1930215862,0.37291268812519995
1879163237,0.3720892326122408
2500467523,0.371959017608411
1879161394,0.37181291599604865
1932444720,0.37151764207138666
1880469415,0.37051404965250495
1880471054,0.37049760040001445
2503242393,0.36994517927765214
1932580627,0.36935206510158003
2095363683,0.3693191601032164
2501424261,0.36825210840345535
2093878380,0.3681582413676155
1427583973,0.36809904418359224
2500313667,0.36765879595832374
1427772955,0.36744008692527713
1932573863,0.3670579726193707
2501525920,0.366961412993076
1879849525,0.3659457691499631
1934295297,0.3658289690307274
1879179857,0.36496758671104784
2092858593,0.3639688525034003
1433648293,0.3630928520418196
2092992887,0.36184264055445764
1434624975,0.3615195514722175
2092978174,0.3608618617364563
2499474805,0.3592866133458033
1930167294,0.35923052806681954
2093860541,0.3590549780572371
1930940482,0.3588540563798659
1879778060,0.35788587695169183
1433646900,0.35774265188946913
2094657533,0.3573400694646511
1878581055,0.3568817658236543
2499392765,0.35678525535918665
1879136023,0.35653886715260263
2093064587,0.3564140202911122
2093964404,0.35637262005623166
2092797621,0.35606772832872857
2094564717,0.35541246524746933
2093071201,0.3552877826494294
1932518852,0.35503817607231797
2501242995,0.35476843164699545
1879786531,0.35447818672150455
2093930331,0.3544756436385703
1879132660,0.3544515758709537
2093942545,0.3544347234183341
2091196300,0.354058414642905
2092082904,0.3534770503137753
1931024700,0.3527160800416862
2501206273,0.3521102876354792
2094699383,0.3520904844006287
2091189990,0.35169571352414686
1879883790,0.3515515601199052
2093087820,0.3502993119849566
2092017370,0.3500033976202849
1433125275,0.34978525126247245
1879829837,0.3494985600572068
1879235833,0.3492992445854827
2093088695,0.34877697513767314
2499817550,0.34764872278711856
2095421932,0.34666650346691996
1427683692,0.346542514088021
2092773100,0.3464170736786375
2503806417,0.3456438156622883
1434152683,0.34535765341975416
1932451642,0.3452499904366182
2092910584,0.34454398036309725
2499437350,0.34384964058933987
1433050905,0.3435334149100058
2092937872,0.3434253332867939
2091204850,0.3429600117195392
1434681592,0.3426611851162765
2092928542,0.3402514642853629
1433002360,0.3401582044716368
1879785390,0.33986074379998854
2093901271,0.339854685181824
1930249613,0.3389260710778875
2499533087,0.3379229467133927
1879131453,0.33767021550508325
1880481584,0.33689602458751083
2092022860,0.3363649566976416
2501780563,0.33597319478435567
2092932207,0.3358518846713203
2501551951,0.33468294995439674
2091959265,0.3342953938767843
1434014573,0.3342278755240752
1434701290,0.33384743145490087
1879801145,0.333705755684243
2502149597,0.33264957063475364
1930141602,0.33231196696992754
1879884032,0.3319612003234144
2503747125,0.3317815395914445
2501233234,0.33173926772013906
2503757252,0.3296171360980656
2091258865,0.3295129838968523
1879855174,0.32935348656148944
1880477991,0.32900731709745573
1433821847,0.32892655411434196
1432604335,0.3279374527750143
1933512482,0.3264364369527264
2499678684,0.3257296034098736
2502123412,0.3257093345644316
1434271175,0.3251468365554905
2095420657,0.3250240309940071
2503619391,0.32466151718260206
2092890450,0.323921689084614
2092781660,0.3225142884630462
2092075317,0.32121875955794615
2501825024,0.32062627456337806
2503469327,0.32013744824898976
2092792003,0.3198661529682269
2502701871,0.31906944594559544
1932494680,0.3190174699311818
1932435117,0.3186123611505973
2503900537,0.3182989688511865
2499262997,0.31782759794967375
2501661277,0.316455955984326
2092835073,0.3156274261962838
2092958110,0.31558393003201035
2092926527,0.3146085372801446
1931622663,0.31392724471047523
2092965600,0.31380628831457125
2092018050,0.3136846726287398
2500389553,0.31337887274205034
1932516703,0.31252858841317854
1433300844,0.3120405790366658
1930243914,0.31129573620553197
1427828665,0.3110779581354858
1879214117,0.31103182011930824
2094627935,0.30994693419421254
1434001361,0.3093872680303511
2501426235,0.30932531012822
1879160480,0.3090766409313571
2095399291,0.3089593147018608
1930150582,0.3085118696794002
2501807717,0.30838572799211705
2092844294,0.3074920525183422
2500177344,0.3073710410168539
1880530042,0.30736146841150686
2092766115,0.30616565574579907
2499531142,0.3059619560095869
2091276900,0.30531567794343495
2093884592,0.3040938888253906
2499255987,0.3033870899286002
1930179205,0.303350287520031
2499657887,0.3029142574956659
1932470910,0.3027425512613737
2093077203,0.3015270516858082
1879191967,0.3008180394083929
2501881030,0.300732302471984
1932452212,0.3007265495203632
2500128114,0.299781373121795
1433872814,0.2994274778718936
2501964965,0.2982356495185452
1931673893,0.29811013828386923
1880540274,0.29752539928176974
2092793725,0.29746006839593736
2499283755,0.29738317934993086
1432682655,0.2973656881556922
1932457121,0.2973114993115312
1439456073,0.2970439674845651
1434105404,0.29697462025371446
2093907865,0.2967162312310514
2501842837,0.2955718954444644
1879125197,0.2953887494156299
1933498127,0.29488820605697114
1932529017,0.29474249694260524
1434609220,0.2944754222160903
2093938124,0.2942497710689435
2092878961,0.29322721116696543
1439542342,0.29319208255716983
1878576610,0.2931910592072337
2093070470,0.2924710306595991
2503674523,0.29240421192122723
1930154224,0.2922707284730692
2094554303,0.2917304240630103
2092789777,0.2915354861277395
2093040277,0.29145892298995935
2095450512,0.2913645289665736
2499674857,0.29051421911633857
2502497955,0.29039026052949657
2502422823,0.2900665847680106
2091253160,0.29001717695969087
2092842021,0.28946109608005083
1880498892,0.28938528598174634
2499650720,0.28908492743746594
1932551005,0.288252568661418
1931006451,0.2878363582780637
2501523005,0.2870008322492401
1434174565,0.2868776800099366
1930159575,0.28658801693137553
2094607472,0.28655542213195323
1434195145,0.28481461345141157
2499263467,0.2836030074260946
1931619017,0.2829624399967496
2095430460,0.28282337988755357
1879823515,0.282810137931872
2499647033,0.282227231837698
2092069681,0.28179851425484526
2091185220,0.2805732509588414
2092953222,0.28049555361115325
2500947195,0.2801727058446437
1434419811,0.28010562427003866
1931024295,0.27935994874562875
2500306681,0.27817940261711843
2092067604,0.27807210723389525
1932637814,0.2780449953351482
2500876904,0.27761921288810143
2501896081,0.2775633499626612
1930152110,0.2771725636267249
1931593835,0.2767800749631235
2503811271,0.2747803557106369
2092816615,0.27461885160667643
2093007252,0.2744632567901152
1930182993,0.2744584730374746
2500986093,0.27363630420899465
1433579780,0.2730689717418417
1879158251,0.2724596161213576
2092833523,0.27189028220398254
1879811190,0.27062430802371185
2503665815,0.2706173679674932
1932449565,0.27037513237227995
1932633150,0.26966859190171344
2501633981,0.26936650337729484
1434422064,0.2688038486157813
1880453451,0.2685772532098648
2092833500,0.26826873102046606
1929313661,0.2680743683260438
2093088981,0.26758912488720105
1880495234,0.26753055075684096
1930204877,0.26716352699305973
1931646127,0.2671137084072372
2093932195,0.26663066215007886
2092968710,0.26644808114825236
1932518997,0.2663515065071097
2499482903,0.2651106822770131
1433091910,0.265046709451123
1930935654,0.2647581280025243
2503719755,0.2645060617310289
1433878912,0.2645009922851496
1878578622,0.2643867062732356
2501497311,0.26434119094893305
1930185973,0.264012822610697
1932525815,0.2634042114418241
2502567325,0.2626714406458035
2092870637,0.26240437161127245
2092015310,0.2608864274726749
1931680373,0.2599333064613425
2092892323,0.2594137062285592
1439348691,0.25864624139582065
2503596362,0.25826680335433305
1427763725,0.2581643562717992
1930961211,0.25793143937582597
1879883090,0.25780179086918203
1433349305,0.25748365420355407
2503784342,0.25736038029544717
2093946072,0.2570820334795103
2503583964,0.25698112129502476
1879224385,0.25675500292281117
2501262112,0.25669770274504716
2503201077,0.255651956007683
2092944212,0.2553517760805376
2092956663,0.25528353880950033
1932627221,0.25513379983124695
2096214577,0.25502055229926734
2095437083,0.2533578912016277
2093080813,0.2531073917140096
1879905741,0.25302748309449374
1930978365,0.25298992572139845
2091236677,0.25176763438619876
2500108472,0.2514151934179379
2096204654,0.25121653194201066
2502960784,0.25112400910461125
2501550985,0.25105677234256196
1879793064,0.25098175916932464
1434373103,0.25082352858994994
1879173663,0.2506410860307128
1930930473,0.2501787095967085
1432960257,0.24977963520910063
2092982291,0.2491783576265368
2092885952,0.24908184404246536
1931696994,0.2484573188308993
1433451200,0.24833442683910928
1439530780,0.24816892792927583
1932493667,0.24755560285899833
1932564172,0.2475185547275806
1433616141,0.2474488393493506
2502773247,0.24744336914905254
1930949574,0.24731040007501612
1879179283,0.24715842167560012
2503767182,0.24667338608474856
2094590024,0.24641313722305377
1934300683,0.24561027247201322
1934311812,0.24521423306434248
2092820072,0.24352082691284332
2500910552,0.24332762064901578
1934319807,0.24328198147623276
1932648021,0.2431067785540068
2092034272,0.24262133914906667
1879854067,0.24260110297678275
1878574661,0.2422993059945402
1434682527,0.24173463957500463
2500384043,0.2411326038384432
1439499065,0.2410902442289626
2093070951,0.24068472996839055
2092953250,0.23960198406902944
1439564002,0.23928801818289736
1933514202,0.23774769972861096
1934297917,0.23769761051543453
2501211582,0.23754659766814026
1433471202,0.23688296896711486
1932441711,0.23686152347521125
1879835922,0.23674762409147623
2501430820,0.23663474300887524
2499475165,0.23652701769214493
2092992673,0.23638206448667745
2503422932,0.23625294256653745
2502623215,0.23593763328219086
2094556274,0.23515173108481133
2500363464,0.23499585797637998
2503907305,0.2345363963413045
2093886055,0.23427710417889494
2092876343,0.2341087847135091
2499703897,0.23396148516465104
2092891304,0.23394384633948243
1432854021,0.233833770806227
1930996373,0.23367084726683068
1931609773,0.23326138484211523
2092063881,0.2332258779466824
2499669922,0.23312150269286994
2502644795,0.23246386246180584
2502372834,0.2318963342440031
2093973217,0.23184948614244416
2092042875,0.231835839054558
1934302773,0.2312647641181795
1434409692,0.23124601078942364
1432857914,0.2305940449919104
2501207662,0.23027272302624602
2092990863,0.22985847069591997
2092785022,0.22944775193014738
1433153413,0.2293890421653317
1931605047,0.22919829155407467
1932488864,0.2289160843909665
1880461271,0.22885796487258786
2503560303,0.228747956571057
1434029642,0.22847332190189465
2501159582,0.22815383423219804
2092902285,0.2267389578706425
2501680833,0.22585341801566408
1439647563,0.2258450631003923
1932643402,0.2253898802663139
1929306871,0.22538125967956968
2503056380,0.22483985038203072
1434667501,0.22468582309017232
2499612703,0.22457978632167472
2499645421,0.2244297967235315
2501749561,0.2242934484079629
2092782055,0.22425121317229055
1432680574,0.22419359191495863
2092939025,0.22413269821540194
2501428564,0.22365460256513073
2499785027,0.22274339338384466
1880523550,0.22259709173587808
2502186100,0.22233445766752363
1930183645,0.22181635123581264
1879211747,0.22123806100783092
2092842951,0.2211852346607133
2093082187,0.22076804404450875
2499754113,0.2205117874646357
1433831743,0.21927557576694853
1879883780,0.21919014654088553
1931028632,0.21867925434697902
1878580627,0.2180710526128446
1439333891,0.21797049787680642
1932430441,0.21793036298716054
2499806153,0.2178260582442464
2502041924,0.21767006273347383
1930162204,0.21758422837214192
1930938195,0.2173404562134762
2503664383,0.21704169974935225
2091959542,0.2166917456645211
2092841441,0.21516149408913096
2502024280,0.2148974738805881
1427860251,0.21474374507420985
1433103593,0.21422247802591435
2500383502,0.21232446780676292
2094570007,0.2119674450684347
1932479880,0.211361105828045
2501722664,0.21030110748397976
1439649647,0.21023100491365432
2091194375,0.2099212680587501
2093012963,0.20916277725495155
1879198933,0.20899652813241906
1932637635,0.2041495740982971
1930160470,0.20395893384821415
2501958674,0.2036067727968589
2499614332,0.20323932706964093
2094673267,0.202529713410375
1879130915,0.2022817315612762
1934301022,0.20105944539925386
1932640903,0.20088734478908135
2096191031,0.20078816665750188
1932546171,0.19982256957229427
1433302445,0.1996878809306205
2093077621,0.19858465002445486
1930140851,0.19845836878558176
1434350942,0.1976218798328542
2094596284,0.19746931909916496
1434581652,0.1973271359762427
1880480387,0.19513992038071457
1931693192,0.19463942613829935
2093065802,0.1944238915370861
2502594271,0.19374954268595532
2092926083,0.1935960328543752
2499890140,0.19354055962786537
1932512645,0.19246263925305487
1930935141,0.1912156400120612
1439504291,0.19103221415666047
2500532662,0.19099815151592203
2501875722,0.19034564073733642
1879786902,0.18993760689560596
2095402962,0.18967895203306823
2503230862,0.18933711246074464
2501858094,0.18840054329912476
1439510575,0.18745841008077543
1432627840,0.18725484769862036
2501472264,0.18724622718738212
2502641794,0.18704730490149707
1879890800,0.18629914027134437
2501315432,0.1855318083558099
2500114681,0.18375177981129806
2502154492,0.1834750044787532
2092816452,0.18306501885048646
2501195984,0.1821526755327349
2499709700,0.18178049155223
1930929972,0.18038009289055368
1427679360,0.18034465741232253
2502398787,0.1802184579495305
1932484777,0.1797434659053867
2503593514,0.17875525726828814
2093072735,0.17749218045133885
2501492734,0.17720526653075008
1433652352,0.17678304928868646
1932565187,0.17633705006723532
2502951581,0.1754522581788514
2092878423,0.17541975835880774
1931006864,0.17503738754796158
1879812715,0.17468036924871466
2501489740,0.1743016698995877
2091219345,0.1727997032873892
2503321694,0.1722039763617766
1434205013,0.17133123366688208
1879774634,0.16972321366050883
1427668517,0.16956963678429904
2096239854,0.16895338089750148
2503363640,0.16803001895162747
1434546357,0.1677436997274347
2092976763,0.1671812298510148
2501378220,0.16660278338909396
2502945472,0.16620520825757834
2092845117,0.1655223325061812
1439334465,0.16522303019766668
2091998140,0.16490175148807595
2500339397,0.16417273842311572
1434596990,0.1634093267763811
2093965473,0.16311747742441324
2501534095,0.16255135057449185
1433119840,0.16192043721060992
1879847140,0.16060060424916625
2095380191,0.1600684740899509
2499565314,0.1595968479684245
2502930392,0.15815671849776802
2502951552,0.1580844168667655
2501446557,0.15773613827905775
2501573822,0.15547043634639024
2094609673,0.1525773016799282
2091224171,0.15214679047286414
2501839464,0.1513548730563785
2500241993,0.1511289665436019
1931597893,0.1495391376871139
1879872574,0.1495273239448884
2500280402,0.14929883823262993
2500852943,0.14872810891666316
2093019674,0.148437761023939
1932610242,0.14836048694863482
2092922701,0.1474562127539628
1434427107,0.14669881204593138
1427833624,0.1455081333433485
1879885040,0.1422963232472501
1879154000,0.14200321904958102
2500584133,0.14168664146771492
1879154265,0.14134844834206503
2501522141,0.14117970626786738
2503742561,0.14117519402447604
2499526674,0.14019621629271742
2092844674,0.13811395787489542
2502610987,0.13646791355469065
1878600965,0.13430989674751093
2501590787,0.13054221052417025
2500224242,0.13014397766933658
2093058715,0.1297672557388695
2502285065,0.12935948781153797
2096245027,0.12796898609290291
1930927103,0.12791881211437325
1929306775,0.12647563612994328
1932572455,0.12598085032408907
1879834327,0.1237133562092506
2091198542,0.12285124169339902
2096222114,0.12253579050643623
1879171703,0.12219449745531374
1434695170,0.12022858548555465
2093051244,0.11962265532841308
2502045415,0.11945804030420165
2092774860,0.11930657345520904
2502339380,0.11560194752695527
2093040804,0.11534626368026789
1931594502,0.11430988688989263
2093975224,0.11270019276142558
1931588805,0.11039103271927883
1930186570,0.10927292697122232
1434526570,0.10781793021087425
1434394701,0.10731183061187134
2092948480,0.1062768537339619
2095337601,0.1048668586528313
2092936351,0.10417491558846213
1932497115,0.10075177287840142
1433211285,0.09989768498390324
2501479393,0.09531991550358136
1932629334,0.09519768324487064
1930152361,0.08417478676209804
2500672331,0.08284446534510513
1879825677,0.08181116668486861
1432862417,0.08171414764115574
1427634153,0.07921248711810365
1934312014,0.07898279604431366
2093071285,0.07835172814975683
1879144275,0.07481909439516986
2092025545,0.07297439845457965
2503354812,0.0632173497773232
1433077095,0.05835868497936404
1439369701,0.0550886835243557
1879133713,0.05258414854297057
2501855275,0.05087859860882674
1930186825,0.047271891878031505
1879859157,0.04516628381408927
1930157224,0.03984399003958061
2502465040,0.038910235295043984
2500263481,0.037235627094543804
1880425502,0.034469052815832686
1427810841,0.008223548291945477
1433718202,0.003667217574873208
1934312535,-0.004648968487253056
