user count in community:257
Topic id:0,Representation:0.5590499510036245
userid,score
2500325143,0.42651121327004893
2499427265,0.42038375915503384
2500570347,0.4094404262181399
2503380420,0.39802274620368494
2499695035,0.3965253730297615
2499336282,0.3956512335364867
2502181382,0.3906568579205082
1930952943,0.3874046151077414
1930226681,0.38567217401074083
2095490497,0.38558041653016817
2499893771,0.3847697335945173
2502346864,0.3846796278839345
2092903995,0.383775050607701
2499601384,0.38245247852936387
2096190817,0.38129412753220715
2093857540,0.38042856190850793
2502067570,0.37923618944879023
2503063872,0.37872763050631564
1932621981,0.3782403939416528
2092892882,0.3777794275459162
1931624827,0.3762289378719589
1932549094,0.376176256064111
2091975575,0.37509819519321674
2093874874,0.37039304951201657
2094660474,0.36837258798064065
2500487094,0.3677099526334926
1880526522,0.3677092707249142
1879793504,0.36639954462730734
2092911304,0.36484590592819355
2092798582,0.3644238725014316
1879144342,0.3615792190614682
2503791860,0.3602610216716289
2499546570,0.35334360130795833
2503030154,0.3478218987811548
2095479251,0.3471300483322432
2499341444,0.34558212198830857
1932644784,0.34506098191947965
2502813454,0.34481578593543794
2092928791,0.34147905926619476
2091980837,0.33718334092979657
1933517945,0.334460224047648
2499813827,0.33025611296435514
1434351980,0.3301260755284378
2091282944,0.32827760231462233
2091183357,0.3279683695803093
2500413730,0.32138941079010436
2500387940,0.32000470261473385
2502991402,0.31861734327434776
2501903100,0.3121047966868004
2503083920,0.3108187804536698
1879231235,0.3079775112914321
2092847575,0.30564510884149365
1879864620,0.30452231986391615
2095352591,0.3027783679958388
2500361373,0.3003352311182794
2500837612,0.3003028001563814
1879782727,0.29512126541158595
2499494255,0.2936455427409524
2499897594,0.29349128640851624
2093920205,0.29202526431987375
2503476074,0.29114486236607745
2093980364,0.2900715599296238
1439337317,0.2899155142856252
1434729014,0.28990831615501
2095461977,0.2877802633216585
2501372632,0.28721288883106577
2500389924,0.28504037447913294
2501587522,0.2839158562641786
2500179830,0.28086765140422837
1880536547,0.27864054803461796
1880521111,0.2782401747753141
2502079777,0.2765240635896403
1879874773,0.2702423409450834
1932596190,0.2660813783459183
2503480892,0.26540189265180963
2501710725,0.2646579164854042
2503141247,0.2633758962851479
1932499864,0.25701007976846546
2501478364,0.25684746652797424
2094580910,0.2567778688553466
1879170853,0.2567734513183428
2501511095,0.2555657619385718
2095355170,0.2543530174025811
2092863767,0.2536031236346609
2502159697,0.24881591267496805
2500340807,0.24619611602694735
2503058232,0.24572857041712032
2092847577,0.24561078853471416
2501435435,0.2444483990736418
2092788182,0.239556908148911
2501508790,0.23944648248564857
2503665121,0.23936754887142814
1929311095,0.2386805004722581
2093893837,0.23770694690215122
2503889664,0.237626775552518
1879828017,0.2369077257377633
1433817424,0.2362125726622153
2091947957,0.23478721798884708
2502313537,0.23443723132051505
1427593052,0.23367071094892744
2095395451,0.233255074109846
2501022980,0.23307987711310146
1930252125,0.23223276414008526
1932618814,0.23075507080776275
1879834032,0.23066311196664008
2502720544,0.23025886914712823
2499412972,0.22976845608353294
1439573285,0.22957822221094715
1879808641,0.2292514701087456
1439657935,0.2278999811839763
2096248387,0.22726383724155255
1880436902,0.22715677362228878
1879905132,0.22377862790489983
1932640463,0.22199869134272615
2502277593,0.22121865873348595
2501923120,0.21794553850224488
1880511512,0.21633128077015026
2092082714,0.2158743618965074
2092900103,0.21325420734632786
2092885884,0.21316746546659146
2501472364,0.21228639482175082
2500204154,0.21197115095189206
2092795221,0.2118448046303881
2095379871,0.21161665774627475
2503180171,0.21149640436412945
2502530070,0.21064786466161758
2501771443,0.21061054952277414
2092859724,0.20817326188163848
1879154743,0.20564880602445093
2501004944,0.20264666576782658
2499312962,0.20234395031293595
2093936724,0.202023932092443
1433895692,0.20059878123707622
2503694160,0.19972315446975916
1878604502,0.19912675150414452
1932517127,0.19574559426018567
2501413833,0.19534871753502528
2499653207,0.19330369010417378
2502994212,0.1927617236663057
1932474750,0.19259714890116042
2502631264,0.19035742054818278
2500973460,0.18977315856137292
1879835235,0.1887201880968338
1932584077,0.1886384356430842
1932489493,0.18767420612753463
2092056352,0.18657467425211177
2502367615,0.18554367932059326
2502292307,0.18544685755198445
1932444732,0.1848141489674774
2092015275,0.18412866760657837
1879815701,0.1816067821628026
2500139762,0.18064590318919788
2501049604,0.17492469987109371
1879785770,0.17388754207152543
2500809563,0.1738754861560078
1879801004,0.17295501693724125
2501917672,0.17284176710272975
2502536111,0.17274874665257994
2500829612,0.1722061027005631
1930993377,0.1705593717727747
1879768667,0.16998035193666874
2499348442,0.16977337227284692
1433421914,0.16882372676049706
2499884494,0.1685774328591139
2502531812,0.16856068600645693
1880431174,0.16767063361380952
2502562710,0.16732215364594596
2501601415,0.16667318999174183
1931002243,0.16444944033301404
2501690192,0.1619821856365961
2093876867,0.16177500976074097
2502022563,0.16173062490847265
1932625815,0.1600450661864293
1427842754,0.15951811933072557
2093879035,0.1593409577944448
2499608952,0.15903804545383252
1434598107,0.15811737707393367
2500474501,0.15755503590645337
1880444193,0.15453889478872748
2092922662,0.15267705941196927
1433387630,0.15168567734437077
2499319144,0.15026553670191886
2503831170,0.1491246556932973
1880447607,0.14878261885491512
2500521623,0.14666604719746376
2499729510,0.14583823549520003
2502034863,0.145683404519628
1930179875,0.144343167185083
2095433500,0.14371086304121417
1433942014,0.1423832077808286
1930216771,0.14155183932626542
2501875130,0.14148040535933473
1879906035,0.14110070090152976
2093004503,0.13973041716769255
1931683367,0.1395027897008808
2092898682,0.13628184753983047
2501542111,0.1354770497084031
2091975984,0.13358119976524435
1932488225,0.13233637639095464
2503186604,0.13175125083575084
2093050347,0.13157763729654945
2499601542,0.13135877428539622
2093875384,0.13108458207626333
2501465292,0.13015657272576117
1933554442,0.12966462527107828
1931024270,0.12867530136276134
2500287420,0.12787816431143867
2502913592,0.12747549962286464
2503324842,0.12646983069008116
2092792555,0.1257506463051655
1434595612,0.1250308587782966
1879778934,0.12482727834700409
2501149557,0.12440747958715892
1433295302,0.12320732227354761
1932652601,0.12225979106599895
1879171767,0.12160591444621677
2503095484,0.12141027845469804
2500337507,0.11971302434988987
1932510840,0.11904152461550914
2091248085,0.11875086820242209
2501610264,0.11846522928331252
2503639857,0.11637898509105286
2092770940,0.11438254110724479
1930965037,0.11377348767357663
2503245194,0.11367227881639877
2501075082,0.1135834608336754
2500382151,0.11337405440638024
2499878377,0.11015424858788214
1932627363,0.1098984327357046
2095426867,0.10968787606479483
2501786493,0.10931555696365235
2499874094,0.10900836505508837
2500819390,0.10825208954072005
2500248664,0.10766736966507123
2501566832,0.1072392135588141
2502443290,0.10669402507001378
2095448302,0.10599774495417563
1434383565,0.10590089946800309
2502895714,0.10395361739048331
2502783080,0.1035614174842361
2502832545,0.10265875316701562
2502823695,0.10141525277068206
2503365964,0.10019920212234994
2503698832,0.09722166519790308
2499600914,0.09431929086302972
2500971053,0.09404117846840612
2503852894,0.09322408276722735
1933517253,0.09207844017713651
2095407205,0.08811890648078761
1433801823,0.08601552697510292
2501435522,0.08023469029178308
1933510842,0.07934469639001657
2092826257,0.07796832469327279
2502989862,0.0776797050364326
1934304161,0.07562899950175028
2503186207,0.07415164722165452
2501732960,0.06103364477217869
