user count in community:283
Topic id:9,Representation:0.42673046610162296
userid,score
2501764160,0.2608144155668673
2093075872,0.24707533677412863
1879236991,0.23573479788148533
1930227184,0.23566449512321613
1930150954,0.23271926799576487
2091961202,0.23262901958088383
2094670997,0.23005428546758502
2092783520,0.21975413648612593
1933592775,0.21818634775079618
2499720697,0.21745553995281894
2093023170,0.21622095326279053
1930993645,0.21500607382822257
2093086990,0.21320920582120104
2501478571,0.21296125308327007
2501643441,0.21240054645763115
2499342081,0.2111752399428024
2500213593,0.21014046866582836
2500133562,0.2095117620062699
2092873123,0.20690907632118624
2503528500,0.2057703939349196
2092006114,0.20326000969415725
2499226970,0.20243081511551017
1930210082,0.20194051848332478
2503272264,0.20183394076181263
2503148300,0.20019836809975824
2503118924,0.1984798373089737
2502040583,0.1951043450348859
1879152325,0.19501832551699577
2499615414,0.19496581707616006
2502885067,0.19481292836749758
2095369707,0.19375694318831088
2093088532,0.19293716696397892
2093026527,0.19264482495525476
2093029484,0.19173317637448697
2094587154,0.19044874896963865
2093863125,0.18880976481743664
1879217541,0.18724688777573564
2502451370,0.18620908835342626
2092013684,0.18524944252273523
2501401463,0.18462408071592734
2503531854,0.18426876450512808
2094622710,0.18231505105192847
2092864617,0.180566937125565
2500484523,0.18052664494559148
1879126043,0.17981510303772785
2500635473,0.17963402244937351
2093028187,0.17826714715604125
2503766167,0.17605753809309496
2499414084,0.17595719299364582
2499344254,0.17573634480515415
2093898101,0.1756673703573942
2499316972,0.1752937925010635
1930938322,0.17449590889077654
2499393440,0.1742136773836714
2501109061,0.1742116401167182
1880440000,0.173947449194101
2501731774,0.17328779321014362
2501867474,0.17051780109678502
2094668761,0.1694870992345849
2499310494,0.16924288655876876
2501156425,0.16746017423766135
1930162875,0.16734898058661482
2499456874,0.1665250520836604
2503045734,0.1661542564636125
2092815477,0.16604564178926207
2501316021,0.1653303760509861
2094599573,0.16486052009128888
2503381524,0.16408422060156258
2501599092,0.16384332218007527
2502171990,0.16372053729941166
2501279374,0.1634376804000959
2093065220,0.1628564892942738
2501907660,0.1623539939247035
2501892500,0.16233918453749127
1434004434,0.1619712374784551
2094672994,0.16090144472119813
1930968163,0.15909670747760005
2091209265,0.15888806102853406
1879788582,0.15811117917050685
1934313531,0.15787926703128305
2091190291,0.15749031353461657
2091991225,0.15713871205396793
2092880697,0.15614236038740484
2092872161,0.15388716972434793
2499535077,0.15230699922943836
1929316091,0.15048987551489545
2503617072,0.1502131926939764
2503158854,0.1497209345384724
2501965535,0.14790848049996813
2500246047,0.1475594423125712
2503181727,0.14592849450953907
2092856594,0.1420206474774483
2502358664,0.14035963760568698
2095391127,0.13911769719952707
1879844964,0.13902750507703926
2501326697,0.13902643739283105
1880503662,0.13781796322602055
1930227130,0.13707480103381514
1879779900,0.13655995383500585
2499319227,0.1362962400144771
2503153094,0.13613176798746904
2502998941,0.13478537627599402
2092888355,0.13369796997918304
2091258130,0.13350793740227296
2092779621,0.1327848365356906
1931635682,0.13203995918618228
2092768680,0.1305518581793391
2502552852,0.12996404704007755
1433562390,0.129164130515717
1931661027,0.1289781738096529
2092771564,0.12860323999783646
1879801480,0.1280726524685309
2093023272,0.12619630200537504
1879905001,0.12517424048603057
2092882033,0.12499929512592081
2502682142,0.12082757507040169
2503113282,0.12056901851344533
1434199920,0.12045905474534542
1432924181,0.11960053594519802
2501294401,0.1194273118589527
1931005652,0.11874553659867935
1930224904,0.11656318195829267
1879833574,0.11622483971685052
1434669560,0.11620711631467578
2499252035,0.11570854867894584
1879826575,0.11539477123774546
1427659827,0.11538568806625915
2502915650,0.11429264314285405
2501761580,0.11332787740548253
1930153455,0.1128497302792689
1932525581,0.11034927969489128
1932438440,0.10888186345047512
2091189351,0.10822539975570647
2092082593,0.10783325284723286
1439332734,0.10741118782462689
2502450323,0.10613987906695362
2503742070,0.10609142598508367
2503026234,0.10509870291946498
1879801654,0.10502293206207297
2500710612,0.10447541138585771
2502492422,0.10434029350118243
1878599031,0.10403520178489481
2092040984,0.1028852973437767
1930991543,0.10281690417264648
2501905410,0.10232196996401274
2094550217,0.10189592169130002
2499639367,0.10134886857753424
1932646293,0.10123181198749326
1439606430,0.10101786431377441
2500106844,0.10093514606710155
2503582314,0.10073122570177517
1434618870,0.09990041427368239
2500774710,0.09939435675622603
2091253151,0.0992312667788752
2501898923,0.09893315303425623
1933501874,0.09872701179676188
1427648447,0.09809310122393584
2092970334,0.09794606667091546
1931643635,0.09789982409806608
1433107491,0.09776587982254427
1879231473,0.09767789759227596
2501901683,0.09755731840126357
2092035373,0.09714503077266526
1929309083,0.09616479142287263
2499735083,0.09594525765447261
2500157893,0.0958856400589858
1879791831,0.09502509838877063
2503215500,0.09476719438147789
1427842945,0.09309432813453308
1432651341,0.09021567884374027
1879124215,0.08970375062241677
1879238355,0.08898198287306346
2499858797,0.08794542602220734
1427808664,0.08776251020998987
2502356982,0.08765783186114814
1878592084,0.0875871134726267
2502054707,0.08747525425874197
2092021475,0.0872325249648086
2499606560,0.08586812730132701
2499389062,0.0853920650327165
2094608093,0.08486895844128312
2499682364,0.08469803892097509
2501479774,0.08440014020934304
2502217292,0.08380021245237268
1931679390,0.0835637328598266
2500414825,0.08291106734732703
2502425540,0.08231728832049648
2501665430,0.08230968223324807
2501853565,0.08173604099301288
2501414641,0.08143329607161387
1433710197,0.0812393888340394
1930198433,0.08120243738591632
2499345390,0.0795710229664144
2499718954,0.07936156206183938
2503346140,0.07933660980858556
2499704044,0.0790988753665477
1879782090,0.07891691141277776
2499357373,0.0788846518685882
2502590442,0.07880066297157647
2499552123,0.0780399102900125
1433485943,0.07780546391380377
2093025897,0.07767595601015265
2502238784,0.0774236562990913
2501721060,0.0771854391195816
1879784700,0.07711040983828817
2502844741,0.07640849721168685
2503636432,0.07596058911678544
2499530091,0.07586043486408119
2095425472,0.0754762970255545
1931013474,0.07491210115363951
1433228131,0.07477911734523442
2499270867,0.07452169911155658
2093930581,0.07444619200848208
2499885794,0.07433170857539535
2093862715,0.07425677413703609
2501598150,0.07378656286814872
2502092437,0.0731855256202894
2503638252,0.07304593740259568
2501252125,0.07275584268645993
2501049334,0.07241925351677679
2500157837,0.07235591613090207
2501791630,0.07188923291656159
2499798530,0.07163033996339317
2501235352,0.0715579085542036
2499802202,0.07142894132438758
1880519110,0.07125149634327639
2502219574,0.07092431872921963
2499470951,0.07082660518802626
2501207730,0.07076752994025143
2503924824,0.070609384338126
1879167575,0.0692766455857452
2501305902,0.06888611406708246
1434155354,0.06883052774254991
2502114942,0.06857153012488408
1930169244,0.068220179705955
2499470433,0.06813279997318632
2501726255,0.06798629389040325
2502320960,0.06778379977759934
2502698673,0.06735767174637504
2501268972,0.06720645865103299
2503465050,0.06712522444342191
1879238252,0.06704442503301092
2502188240,0.06700531623018638
2092020535,0.06695988360630215
2501387574,0.06622107572664272
2503725854,0.06612934705415653
1933514080,0.06603549227046096
2499393542,0.06560875493067284
2499671352,0.06558880239301014
2503779132,0.06552889484521474
2093951330,0.06523706578476614
2502314702,0.06500270179891827
2501971577,0.06352205968532208
1433531634,0.06351655695651091
2502634473,0.06343339810971586
2502987530,0.06322138781302247
1930937671,0.063031721847273
2503792674,0.06293114138130651
2499282703,0.06276448838448179
2501904833,0.06248698477559338
2502849382,0.06212259305995574
2500342187,0.061578703488934565
2502802233,0.061032802691355276
1933512572,0.06021948076076773
2499633757,0.05904525539035495
2503215820,0.059024714726964474
2500410693,0.05787249958523334
1933504091,0.05769960832872979
2503260092,0.05761357529733132
2095397813,0.0576045494093818
2503257965,0.056066148270744603
2501512930,0.05575366629487728
2500304223,0.05476868497064119
2501198700,0.05263790369266532
2503451410,0.051211715072968345
2502875953,0.05036627254427308
2503472355,0.04803073965135101
2091963553,0.0475146766301554
1427827193,0.04705343316600454
2500409523,0.046219298360062194
2095419411,0.045903959381779595
2095468603,0.04398937784602321
2503172652,0.040764544820191845
