user count in community:1055
Topic id:1,Representation:0.3259207234465095
Topic id:7,Representation:0.48673014858332675
userid,score
2500453793,0.4632558403664715
2503626107,0.405896480583538
2503922830,0.40315808268519837
2503743230,0.4015849834326054
2502887135,0.3991586689909774
2502332847,0.39630615087993115
2503362361,0.3959077400717862
2500102042,0.3885912081629422
2502159035,0.38525069216421803
2501937211,0.382951263607975
2503382911,0.3809056619542921
2502676583,0.38082052758408425
2499833534,0.38049409125012906
2503506700,0.372151724435786
2502146201,0.3718566977928256
2502386213,0.3707079296536794
2095433443,0.3696399010024855
2501149074,0.3680865279800195
2499283287,0.3677210215436365
2502432240,0.3672724631306865
2094684312,0.3668944261882586
2502932442,0.3665796293339145
2095409650,0.36586919492809217
2503887320,0.3642294204000483
2500399293,0.36366133502305814
2502858837,0.36352843787213485
2503778574,0.3626428728013694
2502582172,0.36204038123927357
2092912684,0.3613133055180418
2501573705,0.36118369714056575
2499543057,0.3605256691120425
2499588640,0.360301404846936
2499525472,0.35902590487596464
2499284220,0.3588125193706278
2502096030,0.35825225534741395
2499249480,0.3579655104692463
2501886724,0.35609284630332805
2503346200,0.35568101705299354
2503187830,0.3548117723349763
2093946140,0.3538062201814331
2502617040,0.3531107475673314
2499576032,0.35296288429725575
2092080070,0.3528325635671418
2503573112,0.3519404658795506
2501120651,0.35120222618503105
2500371823,0.350210179534591
2503427920,0.3499700808926771
1932563855,0.3484106985247566
2502183104,0.3480873193261417
2094597364,0.34807761719283037
2093943622,0.34771653584170265
1932510763,0.3476153957877785
2503700332,0.34549062401398034
2502636654,0.345268163043161
2502581142,0.3447556875632362
1934297007,0.34424765404842483
2093943574,0.3441271135383166
2500102190,0.34389497659996293
2500433831,0.3420693857328027
1930968441,0.34183750664512536
2502265414,0.34171322996744413
2503034700,0.34155300177151826
2499605735,0.3404261266524889
1933564375,0.3402469640734357
2500219720,0.3401799328498264
1932608894,0.3395036415734316
2503768161,0.33944250923717567
2499223451,0.33918476896855876
2502292901,0.33782116938584084
2096236307,0.33743527372658594
2502481820,0.3369853606233645
1930168374,0.33676125394900264
2502367164,0.336014568739233
1930203205,0.3358668858428538
1933518550,0.3357271523928662
2501155181,0.3352315684336923
2501716040,0.33501257114545213
2503549720,0.3348574356219301
2091981662,0.33481576911706823
2500296344,0.33451257845457905
2093969754,0.333295625355497
2503371853,0.33302043811575743
1931643017,0.33251071916926983
1931001297,0.33185958034057983
2092019875,0.3314019347633922
1930200207,0.33118240406966415
2093060064,0.3294069844850399
2095340617,0.32900247591212944
2502401707,0.328599627277925
2091210382,0.32840416964998
1879243184,0.32804160597924825
1931610084,0.32757113313515324
2502781272,0.3274769822482332
2502980641,0.3270756989737694
2092894141,0.32539697173134285
2503523992,0.3253674768637736
2091977392,0.32511700138066696
1879176952,0.3243458207957354
2500848271,0.3241697986317678
2094549637,0.3241626626275373
2503747972,0.3238938151747667
2501780115,0.323649816756061
2502838235,0.32360219074194047
1933516751,0.3233365638632743
2092080571,0.32274912970353337
1932476351,0.3225816522611159
2501969041,0.3223529925203649
2499308242,0.3222183455802443
2500793294,0.3221978493333848
1932514924,0.3215885272908706
2095392243,0.321404859267543
2094643294,0.320848637457114
1880518571,0.32066324211034236
2092896782,0.32058094103563195
1932489561,0.32049950145751854
2092064384,0.3203779290119072
1933501107,0.3202744344957256
2503564650,0.3196829112352485
1931686503,0.3195081545487516
2503404540,0.31878229161796456
1432959657,0.318738923957663
2092761487,0.31841984588212796
1879811890,0.3182569630167032
1879237145,0.31821915616164204
1879208903,0.3180083678013678
2499488215,0.3178836978103448
1433199633,0.31759642890304196
1434432584,0.31746000723808876
1879909085,0.3172582954065582
1930989237,0.3167765340949075
2503006452,0.31645610798002155
1932505457,0.3162728707689296
1879150732,0.31620848349169167
2091201120,0.315816727564708
1934319970,0.3157073699671397
2093088457,0.315631973672296
1930973711,0.3150122165785094
2092842911,0.31459283979409175
2095392045,0.31439857461060794
2094616831,0.3142367868168078
1930939857,0.3140301755751719
1880526177,0.3136135167611055
1879888110,0.3133712762523465
2501643600,0.3132252181735303
2091186867,0.3131240505631692
1879248523,0.31311078550122123
2499382070,0.3124570008619517
2499818804,0.31235684821176574
2502775600,0.31235608401649195
2499299800,0.3122783505397556
1433991732,0.3119454349695143
2502042364,0.3116170541438027
2092907515,0.3112389245735909
2092766250,0.3112191502368718
2502617454,0.3108616251972376
2092908945,0.3105672961511987
2092918933,0.3104053893013131
1432640924,0.3102352881913041
2093049863,0.3100670310222287
1879152944,0.3097058814005
2092895213,0.30969833507053446
2503605217,0.30945345569007177
2501404785,0.3092650755456565
1879149390,0.30922501656598433
1434350237,0.3091255700281319
2092060795,0.30895708076734013
2091957401,0.3089198447143407
1879178394,0.3088646147270189
2093967565,0.3086222573874359
2095350227,0.30829597696646527
1880439310,0.30828567650954
1932531327,0.30772996278628933
2502245990,0.3075944993206911
2502823810,0.307246682401959
1879831903,0.30696199941915203
1879836837,0.3064243134657718
1878580747,0.3063071894101612
1879836814,0.30619370738654306
2502636050,0.30611163178198264
1879796645,0.30574856336422707
1933521451,0.3056695921535258
2502376575,0.305588980850385
1931636420,0.3048457650500061
1931607622,0.304798055088787
1880508490,0.304765286040805
1880479131,0.3047348477267261
1930954477,0.30453379674262315
1878587053,0.30452848368300695
1879811650,0.3043051958118972
2501409150,0.3041799998080874
2096227567,0.3041311659780992
1930216045,0.30409299911045484
1929303183,0.3039970406135879
1434452880,0.30395877618482153
1880468610,0.3038388301350093
1879842480,0.30320729316716455
2092799007,0.30312852358572623
1434068273,0.30277792587237895
1879807244,0.3026259554377257
1879822264,0.30249229236949576
1434474163,0.3022780933960307
1879169507,0.301780579861516
1933549545,0.30153434944371743
1879791133,0.30139431507922604
1931608607,0.3012887657379914
1432715841,0.3012827842248795
2094552514,0.3010150178464309
1433697001,0.30093377376154584
2499205031,0.30091321798084447
1930940712,0.3007386626685888
1879889052,0.300685644907424
1931600081,0.3002078444677777
1933585211,0.3000663797644251
2094623015,0.29991956435174316
2502277934,0.29991015393639436
1932555224,0.29973868519513697
1880495650,0.299671892429562
1879202085,0.2991037329423218
2092860551,0.2987946777875309
1879811465,0.2983616066134905
2502286981,0.29814358093234117
1880504634,0.29795392663376014
1930148935,0.2978479336180655
1933561165,0.2976564791441827
1930148543,0.29762133467239815
1880490001,0.2964298215626104
2501209115,0.29609923614359046
1880511635,0.29601609336504314
1427611500,0.2958090355456819
2092965332,0.2955268172279175
1930136852,0.2954442880163262
1879881134,0.2953837860518143
2499255770,0.2953283155336606
2091961791,0.29532285834651806
2092026415,0.2952593866579568
2499296120,0.29512076223175565
2094582137,0.29493897301158334
1930180330,0.2948022487299342
2499225637,0.29478807105587324
1880478483,0.29421012270783387
1434094101,0.2936470773422248
1879865350,0.29332502574068386
1930937403,0.29330854859637767
1878603172,0.2932657440166329
1930212161,0.29318588906058585
1879800233,0.29202839053178764
1434601634,0.2915687057112725
1427652811,0.2914039590720111
1879161280,0.29136979542204433
2094616277,0.2913233825571252
2095352311,0.29116001677949505
1880456647,0.29115596789391274
1879855724,0.2910094132780971
1879172691,0.2900082424758477
1932622561,0.28976926654850027
2501169814,0.28956324226535224
2501854321,0.2894940697812344
1427772923,0.2892675974705309
2502723321,0.289120317410428
2501216275,0.2890869590367561
2501008205,0.2889357731240879
2096253487,0.28875486409653695
2502246510,0.2886572829805353
2091262507,0.2885145279000157
2499230603,0.2884866015511087
2092776380,0.2879958970591346
1931617462,0.287773216345197
1879894710,0.28759481357256156
2499500162,0.2873946983551086
1930992352,0.28736137246958793
1433219630,0.2871903085388978
2500103064,0.287144257475639
1880509377,0.2869820564379396
2094564307,0.28667136425927753
1427864823,0.28653012356103424
1432707775,0.2864960340436746
1931003510,0.2864958116298509
1932582351,0.2864146092199202
1932611027,0.2858303593985284
1879190432,0.2853391614005483
1880473641,0.285197111416242
1879773570,0.2850234819846422
1930986841,0.284962538244936
1930246051,0.28488860561799123
1434384562,0.28480311737842623
1432845141,0.28460540197246265
2499624740,0.28446298398057734
1880481975,0.28429128095672734
1930949107,0.28393513834801226
1434383341,0.28391270178449973
2502397084,0.28385485870603966
2093960557,0.28361924203527034
1434471061,0.2836063471276066
1433523485,0.2833390347265017
1879154335,0.2832545941784106
1931012001,0.28320952805500393
1434278044,0.28284986319190614
2499772990,0.282796781679704
1930979633,0.28277274217180964
2092032733,0.28249377479440463
1879202681,0.2824149434738069
1931001041,0.2823615080154505
1930197437,0.2822122399721002
2096222302,0.2821870448094717
2093074877,0.28200698467043206
1878595471,0.2819860048258103
2095399191,0.28170635756165807
1433452523,0.28148297148058055
1879206022,0.2813984541592116
1931689215,0.28137488685102097
2092892851,0.28129193307543854
2091199193,0.281108570177269
1879135213,0.2809639903365645
1930973980,0.2809157284140049
1930991267,0.28091113535669787
1879815904,0.28084637475200974
2503056204,0.28074011880130534
1932556122,0.28073980911196084
1931020402,0.28073807023160213
1930961914,0.2804605459100608
1931633804,0.28043276263500594
2502217212,0.2803960191448266
1879157904,0.28038901032960784
1434339160,0.2803436477648236
1931656005,0.2801706598293654
1880533182,0.27994646373730403
2501456512,0.2799178383417757
1930940280,0.2795052556251828
1930945727,0.2794666320776946
1879214795,0.27924170014365307
2499645960,0.27923469756980085
2091180663,0.2791143265624497
1879795681,0.2790511617661021
2092928521,0.2788685705125146
1879143971,0.2788489958487518
1879813337,0.27824554727360773
2092082737,0.27792342156461236
2500362523,0.2769594868758641
1433101515,0.2764744257002377
2501729072,0.2761198863937512
1434531197,0.27526803460496974
2093911237,0.27509388609426855
1879147434,0.27502020921944714
1439377233,0.27450106894152526
1879895723,0.27446180971377365
1879189223,0.2744139504685865
2499826432,0.27438306380280264
2092817663,0.27419584719057655
2091947402,0.2741886161443272
1932457174,0.2736384624669116
1879222605,0.2733509290135821
1879154971,0.27287389729626965
1930940603,0.27279008191618953
1879214501,0.27266042905893595
2500202283,0.272533918194354
1880454443,0.2724817933532776
2093001787,0.27219505945169575
1934319462,0.27211104652448265
2501199145,0.2720866054317128
2501690062,0.2719899645956272
1934306281,0.27196574448757355
1878597701,0.2716739953493481
2499667832,0.27153162648206
1879232271,0.2714848498962962
2500221872,0.27139994435890913
1878603877,0.2710641687698464
2092858435,0.2706988156568652
1427816602,0.27043070924755686
2092895481,0.2703139562173358
1879794502,0.2702646753001343
1433733834,0.2702371415905939
1433467521,0.27020358051174737
2095394617,0.2700419761151682
1433063880,0.2699857113236077
1434508174,0.2697808829139946
1933494805,0.2697538506856192
2503100674,0.2692129726094072
1933493590,0.269155268959294
1930174271,0.2689734210935699
2091982721,0.26891766211166385
1879858492,0.2687153136404269
1434197324,0.26853549772624263
2092080263,0.26816341494751916
1879886464,0.26814721547453413
2092874561,0.2681061108348672
1433546934,0.26798416589029406
1880490507,0.2678607220478125
1879149283,0.26764178192740523
1879792694,0.26759755688109144
1879149213,0.26759256332590126
2502318014,0.26740779340076287
2499499890,0.26730712559631536
1879176623,0.2672001916846234
2092853552,0.2665686501525958
1879243697,0.266334025726609
1932499717,0.2662367701185063
2092993380,0.2660175629469097
1433859440,0.26601253752820037
2093072843,0.26596738975726
1427784422,0.26581272416284374
1434250440,0.2655944582114534
1879800564,0.2654913294845378
1879125695,0.26545238737625054
1879207707,0.26525155058066924
1933555950,0.26519681421641345
2499458864,0.26505569137710705
2499762194,0.2649733442351806
1934298653,0.2648595976598056
1879823660,0.2647729809493168
2499244132,0.2646177726426857
1879207954,0.26352773103322386
2091950073,0.26352286309536066
1878582487,0.26346062918908786
1880483700,0.26334126566223426
1931691327,0.26317387470400333
2503692947,0.26273807219454104
1433936424,0.26268822191736924
1932600585,0.2623951749757496
2503916172,0.2621999967311791
2500212595,0.2621036314869385
2091975120,0.2620835122791827
2091253857,0.2619997469941076
1432637681,0.26191882557005197
1879780590,0.2616790395879041
1932629821,0.26151086190003875
2503570454,0.2610250114715059
1433144307,0.26098546505127235
1434162980,0.2609492302167774
1930928765,0.2602811504964333
2503793365,0.2601269534883952
1932460174,0.2601082966276188
1433430875,0.26004105198131955
2499247044,0.2593893076138203
1879823803,0.2591589447775919
2094634993,0.2591581407677475
1880483995,0.25914344957104196
1433603200,0.2585482779621176
2503632677,0.2584592184245858
2095444641,0.2582819272037735
1879853294,0.25810686417610096
1879786804,0.25791828554008345
1433755423,0.2577962350770189
2092866367,0.25773636019931023
1879835704,0.2575963222722663
1931664417,0.2573321195112416
1931028313,0.25692595222845094
2501163810,0.25681842532900373
2500900994,0.2567452441774049
1433352803,0.25663393478380414
2500612951,0.2564733156745542
1930192312,0.25634032093272086
1880443787,0.2560646532923057
1932440190,0.25605054931849613
1879178187,0.25579940606792695
1929315913,0.2557559627996934
1932438022,0.25575145220917905
2499552207,0.25545373032283725
1880527951,0.25542727556391714
2501987473,0.25521634200032395
2093086613,0.25514177462242726
2499531205,0.25509866025242306
1933569752,0.25488008073068147
2500744904,0.2547867566494933
1930933573,0.25467053627285385
2091997783,0.2545913368648219
2092752310,0.2543553878775346
2501471075,0.25413041180246004
1878584235,0.25404958953257634
1439482372,0.2539536253016772
2502505582,0.25394678119391817
1433025417,0.25387817911973565
1878601460,0.25379711954890005
1930976787,0.2532818518783898
1434636037,0.2532473176175889
1879156897,0.2532179895657237
2092937533,0.2526744447001853
2091951267,0.25255289986821217
2093080013,0.2525519653861422
1879237643,0.25244198747721835
2502282840,0.252180166180471
1879782824,0.25190109207525513
2092990864,0.2518845340504573
1930152301,0.2514804401904952
2503774534,0.25138037159780213
2092058544,0.2513380168492047
1879808712,0.251147474033802
2096271871,0.25111557363850723
2503872484,0.25107221626845105
1934303255,0.2506623429424224
1879843095,0.2504072523629116
2500265754,0.2503797594792297
2092777021,0.25034792252239957
2501499373,0.25027244690428624
1930197052,0.2499971502673583
2499330552,0.24984180130683709
1879826951,0.24966263514123196
1931630260,0.2496072556115742
1930966252,0.24957726718791187
1880526614,0.24955886982830416
1879224101,0.24952141223233765
2501728871,0.24938446351053498
2501820991,0.24930894414644805
2095412565,0.24915077680111886
1879773543,0.24895066354449524
2096279842,0.24862720261395538
1879833267,0.2484938164572761
1933579024,0.24826608104343323
2091246440,0.24826519259485957
1434206133,0.24797976085113624
1879156917,0.24785212166048515
1930229253,0.24767147119901223
1930249271,0.24702635501823034
1932651147,0.24701733510791646
1879866257,0.24696914320681215
1439659294,0.2468914007275647
1932606413,0.2468725492550019
1878601002,0.24679791691945008
1879842675,0.24675361131354856
1879182725,0.24661718388857382
1930954015,0.24652841218741978
2093064853,0.24651200115604283
2095352751,0.24644812135579147
1931616884,0.2462173339269009
2503125171,0.24619431707905956
2501040175,0.24618327430426828
1434293665,0.24593701470889864
2093866991,0.24593669165349663
1879787050,0.2457983055604902
1879130510,0.24572924990561684
1933600554,0.24568993119422694
2500640503,0.24544635162352454
2091186947,0.2453593684974002
1930247677,0.24531897302507671
2093856124,0.24506381265319263
1930934351,0.24497248000974284
1427722133,0.24472520769908074
2091949710,0.2446993750414848
1879775944,0.24468889374239128
1880427754,0.24443455433154185
1933575795,0.24439581564953386
1933555542,0.24412001283559387
1433442071,0.24379440673285918
1934303325,0.24371969745461255
2500243340,0.24366997481999375
2094632982,0.24336756839624357
1879211333,0.2433491365452291
1932653744,0.24331498313789973
1931640135,0.24318374852158603
1931588942,0.24280820860896024
1879802412,0.242710841904732
1932627120,0.24262613753841572
1880531015,0.2421233895598343
1439321142,0.24140339369684535
1432603415,0.24139619663449854
1879825524,0.24120045451318928
1930984701,0.24113822250186343
1879859474,0.24103857574290832
1930231971,0.24078599997841943
2092800062,0.24076977525957963
1931641962,0.24062229226977894
2094686062,0.2403563557799842
2499581512,0.2399949464314786
2093011210,0.23981065940460414
1931006080,0.23938570962729627
2091230624,0.2392054711613576
2092902047,0.23910190352651553
2503151560,0.23892553728419208
1930195303,0.2389031131217791
1933570641,0.2387858730800875
2503275000,0.2386675240754783
2503396477,0.23834610572495468
2502291050,0.238327560224609
1879227840,0.23832256585637573
2502469740,0.23720831675627257
2092856014,0.23720347905751724
2092848397,0.2371633783409074
1879146547,0.23697640285843874
2499291103,0.236809375934253
1879891071,0.23666790856055647
2501015290,0.23626511036315562
2091188353,0.23619115940658686
1879244284,0.23605699368419591
1930166677,0.23603532456240653
2095422875,0.23583076362187028
2501197010,0.23583038492481598
2092954843,0.23577204497828091
2095416015,0.2356660103137594
1879793953,0.23546057046041172
1880476520,0.2353953714473332
2092007703,0.23524608337327801
2503373132,0.23506867145496801
2499371070,0.23489827283402817
1932541354,0.2348830235088472
1433781027,0.2346438103719453
2095336380,0.23454660660668922
2501094995,0.2344780606342246
2091268024,0.23432973366037385
2092091040,0.23402923164757192
1879179333,0.2336424413101108
2092931571,0.23338606447682775
2502125320,0.23329792646687014
1931679275,0.23289123123110078
2094558563,0.2328888420759826
1931025780,0.23227891520053234
2095429141,0.23154403654498318
2503707324,0.2311342592467529
2501761493,0.23103867936091613
2094669691,0.23103398485377982
2501098453,0.23103047201230284
1879795914,0.23089192697461997
2092948962,0.2308412292992837
2092934154,0.2307658879664125
1879776741,0.23043412932097973
2499802124,0.2302976998003533
2500150361,0.2301545879450988
1433177945,0.2299510407135561
2093009913,0.22984959306589814
2502296224,0.22968719869270174
1434304104,0.22935407288988935
1433630363,0.2292378387444511
1931594537,0.22896376140393093
2499257222,0.2288597412104158
2503826374,0.2288262588097929
2091973117,0.2286700856974802
2501745474,0.2286249189401376
2095368807,0.2284826101923218
2095365654,0.22847214541987163
2501661824,0.22835275220903525
2094649620,0.22827396093231475
2093085411,0.22826822232240523
2092773853,0.2277977367167994
1933494711,0.22756871637028347
2502313740,0.2273384832440929
1880495803,0.2272428110156693
1878592094,0.22694963736365337
1933523414,0.22669220626632675
2501226367,0.2266050225033757
1931588940,0.22623771459656383
2502339012,0.2261185202992256
2093858032,0.225930990870281
1930975947,0.2258484363840531
2501979142,0.22583485229612013
2501276130,0.22557994487548397
2092887923,0.22551901756941006
1930960880,0.22550899666181887
2096271540,0.2254474944384369
2093057597,0.22543837096056885
1879877182,0.22541426177741852
2094612804,0.22540811312549114
2502267454,0.2252330510773105
2093053971,0.2252013128249991
2502792727,0.2251767406368752
2500327027,0.22501805971583105
2503456083,0.22489944105226436
1932545561,0.22486190856824378
1433263520,0.22477674272659676
1932519405,0.22471040458220962
2502105703,0.2245856339686777
2499489561,0.2243668621301635
2501652962,0.22425509791658987
2091988012,0.22407706793385532
1433277003,0.22403241435436255
2091186777,0.2238520104248056
1932573783,0.22360914695829426
1879839430,0.22360413655430522
1934300257,0.22352897428207355
1439514351,0.22344350535463142
1878586150,0.22340189446278896
2501599404,0.22334643362790993
2093929672,0.2233403311860497
1880517807,0.22286845572017572
2501621443,0.22283166115041633
1439334713,0.22257532156863133
1433871525,0.22257098908624195
1433313887,0.22247957560958576
1879863864,0.2222734148991109
2500838150,0.22207788877093657
2503076984,0.22199804160181263
2499712482,0.22196521352944162
1427595804,0.22162867302606304
1880536181,0.22147637495770284
1434760937,0.2210860636782615
2502208634,0.22101992151272112
1932567225,0.22098771942776496
2094687982,0.22078498255072718
2095451137,0.22078415513079533
1930147935,0.2206167185007265
2501802401,0.2205126498234956
2503921877,0.22042966616961698
2499655397,0.22024457910407613
1930969434,0.2193889772294368
2093053935,0.21933329027045131
2096208345,0.21925138490557916
2095492575,0.21922365004578884
2095434701,0.21905883654180905
1879902430,0.21894283926460867
1433881343,0.21893983125679772
1931649310,0.21884651304996228
1930150194,0.21878655646026623
2092973252,0.21875506865241148
1878596164,0.21844365475810662
2501355724,0.21821547117765694
2502035962,0.21821419092476224
1930172982,0.21820639109255355
2502107004,0.2178066234254749
1439358383,0.21752217727599693
2092926813,0.2174461307989689
1932490153,0.21738987291785827
2091237282,0.21731556405493094
2091194191,0.2171019086171866
2503638610,0.2170773039486386
1433589300,0.2170363538183688
2092886003,0.21703536762702982
1879911255,0.21702323584153066
2091273977,0.21687922368009568
2091278312,0.21680780878147674
1433271214,0.21676615160576995
1932461261,0.21671012827819777
2501089503,0.2165566035538951
2092878885,0.21636598026723008
2093981553,0.2163422238672124
2092922897,0.21603601575452835
1932483774,0.21569683737041767
1930993880,0.21564425392966854
2094584252,0.21560859364265494
1879829071,0.21491155525104294
2502326242,0.21466919611822552
1931589363,0.21466115621562257
2499302703,0.21422267406883017
1879224335,0.21391185715746147
1932534517,0.21348844744918077
1879903312,0.21339132585453147
1879822001,0.21318290116130012
2499828202,0.21267303541210766
1880452565,0.212470037557679
1930998551,0.2123303929613386
1930964653,0.21213953465543314
1932591405,0.2114948269785818
2499238983,0.2113289557339814
2501843601,0.21131923825878485
1932639853,0.2111611894734809
1932566195,0.2110579244998584
2500869874,0.21084750909013578
1879163794,0.21055225148989154
1933587081,0.2104460164728629
2501230707,0.21032636189602674
2501063052,0.21006678560176684
2501800415,0.2099053086742916
1879840945,0.20977307814447718
1879906943,0.20917543513368383
2500390413,0.20886924164472975
1931665035,0.20879918765120564
1933492860,0.20853862422069475
2502130954,0.20839763789140686
2500465907,0.20816383314699838
1879814690,0.20814492708280757
2501412210,0.20754468457309516
2499305347,0.20733569104849398
2503380831,0.20731285497088411
2499729902,0.20717930638010865
2503345752,0.20692678184961144
1433378440,0.20672979358133745
2499416981,0.20657465408003936
2092076503,0.2063578119671305
2502113181,0.20610118615349815
1930959933,0.20584748166022865
2499206293,0.20581895794056823
1932472671,0.20568433391274746
2503419273,0.2053601756284395
1931594822,0.20533586309924973
1879780801,0.20530700766503854
2503719523,0.20523040756778083
2093876592,0.20466449694924366
2094576674,0.20452669026803819
1880533831,0.20441540623934235
1879791237,0.20422955779211555
2500746960,0.20416616484225708
1427705930,0.20361388460019464
2093042550,0.2035878481821643
2091188577,0.20331987336795432
2095467261,0.20326074069369515
2501835781,0.2029403341743915
1932623811,0.20289405234669666
1427732714,0.20281264352634648
1879847252,0.2022763649937072
2093960770,0.20216380603238504
2091271224,0.20204375109007439
1432823653,0.20201429415981953
1930954185,0.2015884938153203
2501016970,0.2015530385303565
2501651352,0.2015441177093179
1879832213,0.20133097487356566
1427602581,0.20128101876051707
1930201942,0.20107019672853269
1930939077,0.2004969296001134
1930241843,0.2000134118225105
2501095202,0.20000254591033736
2093042637,0.19990978480879684
2503862154,0.19864925398361233
1879177281,0.19838494401786883
1439375154,0.1979510109642722
1434235361,0.19751236335396724
2501311230,0.1974846335466182
2502802372,0.1974628491085571
1932612563,0.1973382794863523
1932582531,0.1971943486184906
1433061381,0.19718145448681607
1931672455,0.19707239126751347
2503374124,0.1970393823618814
1879149223,0.19697654706915557
2093945075,0.19696821583949853
1934307945,0.1967157142273498
2503031734,0.19644814461169863
2501450034,0.19622971924579796
2093946341,0.1961219367767919
2095482085,0.19501709664952727
1878597327,0.1949314789065309
1433466075,0.1947631526638342
2092860614,0.19459822688659323
2501447114,0.19446044478232263
1433714624,0.19441988652936706
1879842813,0.19378561704742142
2092786760,0.19345792643691404
1931617017,0.19341406336557856
2503554092,0.19327968484559943
1879847007,0.19327923553057877
1427839717,0.1930434996125131
1879855563,0.19301732463273988
2502528323,0.192913594865215
2499434797,0.19266266935840565
2093977123,0.19226322465217083
2091225392,0.19215669363751064
1879850674,0.1921415955019162
2501686583,0.19204325061358382
2092840745,0.19202649897242333
1879835164,0.19162766369663164
2095485540,0.19133830168585403
1434222243,0.19126826498979904
2095382143,0.19124195886094525
1932506461,0.19067421990134228
2091223811,0.1903908682129182
2502267942,0.19028395279959498
2500980572,0.19026791800412352
2499396915,0.18976806290561304
2499441582,0.18934839435308642
2092997547,0.18932053319605924
2503786723,0.1891092369161732
1434221201,0.18910667261027764
1931608954,0.1890748190247578
2095439572,0.18887017148923124
2500809400,0.18886358428154248
1879845685,0.18841006894019485
2503588050,0.18826575276397162
2096268040,0.1880939483809711
1932614251,0.1880617384718239
2503273580,0.18772978670070128
1879887370,0.1875160356610664
2096259373,0.1867881078399839
2501296824,0.18655558466737115
1433703774,0.18653537167181744
1932535815,0.18646662811114034
1879175273,0.18635158532309448
1432633344,0.18598209408973645
2501320055,0.18586518510713387
2095398655,0.18563137992231793
2501876944,0.18558850569377716
1934302351,0.18543901789145498
2502129845,0.18488824373101154
2500266087,0.18488433180647618
2500972741,0.18487595140517687
2092922107,0.18484540393907675
1933530140,0.18478803624373547
2500289660,0.18476838814746793
1932468557,0.1844390248125373
2502110792,0.18402097228204464
2501957217,0.18387064543053516
2092836372,0.18371599882594644
2503244174,0.1835878315342641
2503025170,0.18355600049759627
2093937187,0.18263423702260584
2503197992,0.18223022107750414
2094584945,0.1821504760111892
1878589487,0.18214579164120065
2093956967,0.18193383305769328
2502459502,0.18171493554923562
2499313540,0.1816861227426777
1879889037,0.1814590183120186
1880448233,0.18121213640244427
2503819890,0.18113787869711606
1932634055,0.18105429957039523
2501241902,0.1810143125917918
2093940160,0.18074434828622934
1931021600,0.1805206891981188
2501722000,0.1801559401873696
2503718010,0.18003057090100172
1434597257,0.180026487826356
2501183215,0.17997383654818405
1879138233,0.17988726021191673
2499591744,0.17960411499135875
1434204871,0.17959295862645405
2503315264,0.17958709563304384
1880483660,0.17894480084909692
2502636935,0.1789341876135297
1879823771,0.17890587981192563
2502403510,0.17851843038126022
2502123624,0.1784782776977209
1879217553,0.17826647369795193
1879798201,0.17825441264212172
1434687635,0.17820527983001544
2502529801,0.1781861062033525
2093923470,0.17791967586249552
2093010643,0.1778123803060206
1930946377,0.17724746251651824
2501573564,0.17698481115513892
2501575212,0.17686639454891592
2500948187,0.17640012491085855
1930207455,0.17632501511485152
1931625055,0.17624572930434293
1879858124,0.17593324642243946
2501409181,0.17557414829734969
2501326262,0.17549878715406497
1879159263,0.17549091781794524
1879800210,0.17536285136789193
2500253524,0.1753490806713684
2092932582,0.17490415916953345
2501677534,0.17465636145005986
2095384984,0.1746060390857261
2503052112,0.17446632564105885
1880513295,0.174133289190104
2503534702,0.17412369159202157
2093922924,0.17391006461434946
2499716555,0.17383736934548977
2503608270,0.17371940464844177
1439411820,0.17332720104515084
2503320787,0.17303872376247556
2501503601,0.17271657762980017
2503892845,0.17267034579271112
1427820455,0.17259796325293192
2500736950,0.17225610678025116
2503833490,0.17173616347129275
2499259304,0.17166738200017545
2501065732,0.1715637964552294
2092925813,0.1714139404791117
1931658407,0.17134867470309156
2503722825,0.17130708708750347
1880488002,0.17122658990021178
2501044013,0.17087300421068824
2091224802,0.16983938388925268
1879171031,0.1696783055495516
2091990522,0.16961108038564662
2501052531,0.16900324849911727
2094633064,0.16871709767637608
1433958992,0.16854813225784884
1930950830,0.1685170131830035
2500829670,0.1684568377137817
1879183745,0.16797715105328115
1879181184,0.1677930016920448
2500916855,0.16769577628502308
1932568195,0.16671367293161066
1931637655,0.16628935515592413
2503368450,0.16578433267796855
1878584871,0.16539741081054882
2092922593,0.16536216224467487
2503869741,0.1652414345037859
2501775000,0.1650550175395937
2094668963,0.1649857103529954
2093905673,0.16479940564498746
2502520590,0.16466609405338645
2095341063,0.16440777603631823
1932504094,0.16410941316284422
2502542662,0.16359555981987092
2503129437,0.16349652332949843
2503584952,0.1627315496381418
1879138491,0.16235338936706065
2094656613,0.16218330600624115
2500561363,0.1621357712672511
2502501430,0.16189508413737225
2093005667,0.16175949412618273
2503261852,0.16175175507254824
1879771185,0.16174032527641086
1932463507,0.16097069700967626
2502287237,0.1604387265980442
2093918845,0.16030421392020072
2503653185,0.16030336034733322
2502502294,0.16027906546640186
2503744012,0.15983350846475966
1931022664,0.15982160536916704
1880488220,0.15955909841898036
2503160971,0.1593920349483885
2503655660,0.1590083366193365
2502943682,0.15897236027914358
1433177313,0.15751547669528382
2092038522,0.15747908782664838
2503876297,0.15718252528146565
2501692424,0.15702153854198658
2501143594,0.15672445307153143
2095358872,0.15663263726886925
2091197315,0.15385056749874357
2093011495,0.15364111820989035
1879164957,0.15303953546362015
2500325924,0.15295874856871486
2499655133,0.15265796666246179
2501418171,0.15239057563848968
2502319740,0.15214280681881853
2502694877,0.15210978781079343
2502308657,0.15204665094681719
2093896111,0.15189514560638717
2502093972,0.15112311746545648
2502510802,0.15006323077514416
2502635175,0.14958305442387
2502214953,0.14934783991148023
2503779154,0.14929466066622082
1880545253,0.14921772340188455
2500895150,0.1484557064223352
2501287882,0.14838310692893478
2503439794,0.14722893022827474
2096230544,0.14692562196065947
2501819262,0.14575063257400467
2503702802,0.1446820249616491
1932540173,0.1435539183806804
2499689664,0.1424684353122944
2503242567,0.14218255444849193
2503009400,0.14217665115354178
2499405205,0.14211124850007018
1933581352,0.1417622957996344
2095422180,0.14036566657083527
2095370287,0.1395931596898231
1931642065,0.138841336059357
2501788375,0.13863086004740283
2092806583,0.1371055545430005
2499370034,0.13693194563598923
2503665651,0.13638903573552064
2503538754,0.1362582201952484
2094621957,0.1356149709775345
2501244800,0.13467189277237285
2503770674,0.13182486298697285
2503931750,0.13105779588449323
2500293600,0.1304741177247423
2501883342,0.13033497096744814
2503442302,0.13029341125141725
2501240590,0.13023856054959781
2503500327,0.1290292910291046
2094672883,0.12852858992552063
2503096674,0.12818168544942515
2093866724,0.12813077973539969
2500174963,0.12807204119164461
2095413893,0.1243523182521846
2503114182,0.11630413144965474
1930142043,0.11404027482935193
2502490110,0.108971414991309
1932629640,0.10082045188894861
2501621927,0.08729643822839243
1434387020,0.085987873226595
2092842645,0.0838013931625741
1439408447,0.07201679449185258
