user count in community:732
Topic id:1,Representation:0.5347222553468907
Topic id:4,Representation:0.3328080696514043
userid,score
2503738814,0.43491640869333886
2501320521,0.4311389029609438
2502850787,0.4276500636476258
2499631990,0.4260264664053372
2502909394,0.42527224848933814
2501749652,0.4249593229743318
2095416123,0.4211589005540576
2500919280,0.4205886020430377
2096246351,0.41951766999915807
2502018002,0.41921209575305163
2500562923,0.4184422927321578
2502280120,0.4164391084022754
2502462454,0.4159263778014278
2502125414,0.41578396775356447
2094639977,0.41339926286071593
2503595342,0.4129996072922144
2500112881,0.4114373449446228
2094648494,0.410685788180319
2499678904,0.41034297802168707
2093950825,0.4096435964154248
2502455647,0.4094743737684816
2500541797,0.4090650542486804
2091247595,0.4085609737316159
2503922437,0.4084812477432643
2500261152,0.4084502100744068
2499227700,0.4080494106931757
2093883721,0.4073820035361201
2096226142,0.4069197013266513
2503037367,0.4065091704103035
2096235440,0.4057267814813583
1934307022,0.4046552009471491
2501506624,0.4046356607709768
2502248924,0.4041018134130284
2092023305,0.4038375797781523
2499312354,0.403273038999856
2093037167,0.40322316854823315
2503756910,0.4023679945271698
2092870902,0.40186807839635397
2500249442,0.4016213221013513
2502510552,0.4011726780296325
2092041250,0.4008899676994708
2503347380,0.4008360866128403
2094643512,0.4005261097704371
2095450703,0.40019571192386105
2499558370,0.3991104392290723
2502495632,0.3990634576011689
1932501041,0.3984872456356887
1931692703,0.3976639435492786
2502955270,0.397503574808887
1933503817,0.396728810924645
2501973681,0.3955407491817414
1931644244,0.3953464381195656
1933543481,0.3948463416889637
2501783424,0.3940191563169557
1932521605,0.3930688001999603
2499449840,0.3924554027373956
1930251763,0.3922832764694808
1931007300,0.3921070219452395
2091256597,0.39182218998845175
1933552577,0.3916488671978594
2092843623,0.39087413698863327
1933591622,0.3908677266175745
2500192753,0.3904709892801996
2092843825,0.39038236845944047
1931635160,0.39008653776565955
1933551953,0.3899957942738345
2501598005,0.3899817516599474
2092880315,0.38923276007194924
1931006501,0.38874824828384147
2091196781,0.3887083357155092
1930993521,0.38791485534363673
2094615725,0.38779969578144374
1932544055,0.3873759501862898
2503749404,0.38674223762415416
1930228875,0.3862539475357472
2499680563,0.3860067282061281
2501247791,0.3850679212933485
1930138105,0.38429541482556234
2503624493,0.38411398892348686
2093058563,0.38330435486558323
1932512871,0.3832082182507265
1931695724,0.38298123085486807
1929305094,0.382955989098482
2093874080,0.38279793016652996
1879787132,0.38225808964818286
1880435071,0.3819620876630323
1932528183,0.3816986236862745
2092998467,0.38134127457483935
2501438970,0.3811806410497248
1879223355,0.38025952941980823
1880496792,0.38018871176146324
1933580592,0.3799077637089121
1933539125,0.3798983316909778
2501639274,0.37972915784065564
2091225601,0.37960238430969495
1930245924,0.37939188029681176
1879140324,0.3792388415781138
2499480615,0.3790426445002077
2502212842,0.37885760296242077
1878585863,0.37774103685247207
1879782177,0.3776802284014088
1880505410,0.3775670773536697
1931017850,0.3762487920008428
1434067313,0.3759161979719457
1434000117,0.37562896532423784
1933529773,0.37541495304129147
1879248705,0.37527469577302464
1880541534,0.37525388526766446
1879145304,0.3750512531502076
1931603433,0.3747868702605933
1880453730,0.37475726338627413
1930170917,0.37473932296468276
1931651651,0.3746258492640664
1880441747,0.3743540139343433
1932465142,0.37432313006174434
1434607403,0.3739643896185922
2091240091,0.3736103818887244
1879810977,0.37350529295774615
1931007301,0.3734953190463165
1879910222,0.3734067925143622
1930941090,0.3731519487377707
2091979883,0.3730428150413279
2501647282,0.37295852016442876
1930946052,0.37246579352376796
1931643607,0.37235937583120904
2094693872,0.37234507808332007
1879128591,0.37207699554152074
1879779734,0.3720631951411081
1930185800,0.3716694807152312
1930961223,0.3714721938510055
1931005191,0.37130271156995126
1934319377,0.3711267538418407
1879232687,0.3710334469107162
1930215441,0.37082934029051573
1880482667,0.3705284941254927
1879124404,0.37043173662309065
1932489642,0.37011940730266685
1933516382,0.37007766704898154
1880438737,0.3700473813150388
1933504941,0.36975789097908907
1930229084,0.36962002850101394
1930964107,0.3694652862571613
2091195882,0.3692769220677443
2501079954,0.36885118021614094
1930187045,0.368810567668336
1879132341,0.3681738671086044
1439621463,0.3680249274126719
2092983305,0.3678628599858219
1933505705,0.3677512051489335
2091963181,0.36751096859247395
1880532340,0.3674123051740837
1879141082,0.3673514693915378
2091955683,0.3673011291767439
1879828145,0.3671983875294952
1932481025,0.366980716468394
1930943517,0.36665681598369637
1434181010,0.36604208940268523
1879158780,0.365771308446179
1930190333,0.3656503910654165
1878600102,0.3655941094839984
1879190683,0.3653336941783296
1879885270,0.36528326088392943
1879821341,0.3648491372785274
1930208400,0.36471851583088355
1879866594,0.36447150358017544
2501164590,0.3643772549241792
1433346464,0.3643386692182476
1432700083,0.36429656496856083
1879144040,0.36346823820364893
1931676901,0.363325584972813
1879906982,0.3629612526107094
2091217625,0.36278237828238064
2092786855,0.3626479160914897
1879217884,0.3624577964377697
2500845182,0.36238092276970985
1878575957,0.3620229047875997
1433147821,0.3617506511991504
1880476692,0.36134554921444334
2501922932,0.3610188554182581
1932480673,0.3609730491810112
1878589902,0.36094622115686653
1930933862,0.3607773689558309
1433650865,0.360708439390544
1930999725,0.36059775252956355
2091261983,0.3603797935232039
1931668753,0.3600215005703914
2500102300,0.3596826677598779
1879140955,0.3595967100728299
2093014960,0.35887509393241435
1931692911,0.35819916298877674
2500726200,0.3580235350970119
1933525284,0.3579462025764251
2499419362,0.3575795440987454
1930182033,0.357448871833036
2092080231,0.35734611204342637
1880518952,0.3571356298213959
1879187927,0.3571100800696314
2093048603,0.35678840880585394
1433582422,0.3567140839889797
1433297062,0.35669403854433124
1879152354,0.3565466682109384
1432622982,0.35644724473836925
2095488680,0.35607204709360674
1879829054,0.35571298278930563
1930962165,0.3555468212810746
2096233354,0.3553581782819636
2503721670,0.355164724254859
1879165642,0.3547717671295046
2503316200,0.3545723413853805
1433773952,0.35452722083684324
2499283687,0.35440581115502184
2092983405,0.354354347887226
2499699754,0.3542829946633852
2092759867,0.35353295941549334
1879886022,0.35348931602247446
1930168055,0.35334864025721047
1878581697,0.35319237925036623
2502597690,0.35309019569544514
2499727654,0.35258674642939597
2499859982,0.352566132466447
1879159204,0.3525334957843468
1879216820,0.35220759835593435
1930160965,0.35210234463314605
1433730670,0.35189288778968114
1880482500,0.35148811199309743
1879794433,0.35132040551584776
1879879900,0.3510917335231719
1933502711,0.35108363521140484
1434707841,0.3510637762644564
1433177705,0.3506217783203652
2499396327,0.35060172762525904
2502798614,0.3505306397473862
2093890502,0.35032931169945913
1932487255,0.3500629879681041
1933571484,0.35005805219550407
1931600284,0.3500094790198931
1880438121,0.3499738647561962
1879893372,0.3498021649734093
2499337394,0.34971924271655436
1879778215,0.34923415848905826
1931022071,0.34914700662386344
1930179873,0.3490999219478102
2503825925,0.34878102693111646
1931631153,0.3486590696657611
1878603930,0.3485347374307366
1879819834,0.34744568973514334
1930185404,0.34739822675712534
1880495581,0.3471525367348467
1933508182,0.34701751091197075
1880515873,0.3469986093167562
1880495925,0.34691349287796763
2094632774,0.34674919592823394
1879159682,0.3463611858637133
1433770634,0.3463224041426144
2503663570,0.34631474904196125
1879167284,0.3462318411648677
1934298125,0.34621969477876374
1879829814,0.3458873703255881
1439661151,0.3452581226665403
1433536422,0.3451037485833734
1879131951,0.34507882599452294
2501406364,0.3449085273457327
2091187603,0.34417626812967783
2499852404,0.34410518369882936
1880455751,0.34326009238709543
1880445802,0.3428893840640771
2501976375,0.34252038174254457
1932513987,0.3425184552831838
1933499583,0.34191261820648877
1931007702,0.3414259340809118
2094589934,0.3409228646377195
1930939512,0.34058216949578596
2092055212,0.34037037784595087
1879809500,0.3403632335522943
2502946162,0.34011742008825663
1930169233,0.34006255204105307
1931695010,0.3397006275563065
1932609614,0.3396866424830446
2501706190,0.3392889550369642
2502119500,0.3385364832443958
2502174845,0.3382997881777041
1931645525,0.3380770035614407
1930988207,0.33796854306906815
1933577854,0.3378445674229398
1930195304,0.3374990560793479
1879157282,0.33742221031878544
2091955927,0.3373052620441772
2092900830,0.3372796765009783
1879787604,0.33723182492382525
2092781454,0.3368868880324409
1879176385,0.3368521161042172
2502130825,0.3367400161552885
1879201371,0.33660156301808597
1930987564,0.3360745369883516
1879160037,0.33561728714089967
1931597402,0.33530308136985415
2091202082,0.33522435258602
2092836400,0.33510311025339273
2503730944,0.3348778219989566
1931016713,0.33479351709623667
1879226900,0.33471372979932823
2503068864,0.3343972766997186
1880512234,0.3343648860307259
1878593253,0.334171992411699
1880513994,0.3339010258198016
1879199765,0.3334289518321903
2093940752,0.3328512771622797
1879130027,0.33281429568912785
1432612943,0.3319536775131912
1930985172,0.3317231124462464
1880471322,0.33165905475903396
2091268201,0.33157965508806253
2500134894,0.33144667799888783
1879824254,0.33122677769446685
2499313470,0.33102155810048717
2092991924,0.33084040533337833
1880476214,0.3307479011194994
1879868954,0.3304486911197022
1880447343,0.3303847627801589
2502967742,0.33023033062339213
1880476691,0.3299535824283935
1932493351,0.3297683350427628
1930159475,0.3296976213494493
2095353882,0.32967619845284524
1931588945,0.32963977349160356
1930233795,0.3296155654278079
1932544014,0.32894467768873814
1879140622,0.3289194342405681
1930192287,0.3288023190946898
1433350923,0.3287262476400879
1433449762,0.32838134226687943
1930184022,0.3283505456901483
1879246974,0.32832695139851303
2092016344,0.3283186100404242
1930203735,0.32816523167480166
1931004287,0.3279840735532806
2092900257,0.32788406071213594
1930981623,0.32785916488651634
1933520211,0.3277210183390915
2500961214,0.32768234245801325
2096225232,0.3274571454658372
1933524865,0.3272312385735151
1931631517,0.3272042819185149
2499616520,0.32717777393066516
1433474031,0.3270626623512025
2092991893,0.32646007792028703
2500864964,0.32642944570526544
1878603672,0.32595446401476874
1930969647,0.32566020967870385
1933514340,0.3256555572730762
1931695465,0.3250433265876016
2092980850,0.3245103896638639
1933563930,0.32448026535172314
1434320270,0.3244214448383228
2503781934,0.32409646142802995
2093954281,0.32393102960200887
2095382490,0.3238687662266394
1880501860,0.3238406020279047
1432615223,0.3233861198487411
1932562641,0.32312729946577307
1879837335,0.32304786854933043
1930178401,0.32300334743520365
1930164563,0.3226461472938252
1880495980,0.3226147695119358
2499571614,0.322415657494122
1930188773,0.32218235536071715
2094578404,0.3221743978807616
2093881132,0.3221020190130318
2093883525,0.32180873195563153
2094641604,0.3209869336615332
1879144233,0.32085012273793895
2092797045,0.3204524478237616
1879206624,0.32041805952611596
1880532331,0.32026188078415646
1932515814,0.3200390435647513
1931006257,0.31974002789023565
2501807622,0.3195114809187158
1930963487,0.3187332852766631
1439395165,0.3185025962316414
2500269110,0.31822331638966506
2091246095,0.31760993973169366
2092088124,0.3175054307868654
1879833773,0.3173083979470998
2500625945,0.31712465489600145
1930955110,0.316961476210065
2093853084,0.3165458526532763
1931013615,0.3163045483902519
1439508610,0.3161097665725563
2092042382,0.31592425803031154
1880479014,0.31585503127939873
1880483383,0.315833556276424
1931665515,0.3155192384510544
2093853430,0.3154947748869595
2501252530,0.3154794717456534
2501387331,0.3154451304762469
1879848477,0.31535293639963813
2093875633,0.3153021610218086
1879135974,0.31515973080757637
2093016204,0.31428355575215516
1931653711,0.3142755634202022
2092040421,0.3142301949229468
1931013371,0.3140803245883077
1931589911,0.31385961341639734
1878600022,0.31382233354107114
1932537842,0.3136520618710857
1879870751,0.3131916577024508
1934310327,0.313158663374598
1879850912,0.3130850130080993
1433955482,0.31297220030418227
1879889292,0.3128499171271677
1434027090,0.3126840913253568
2092079667,0.31266853758089097
2503387512,0.3117331075575108
1933555927,0.3114820490822011
1879161364,0.31147705058196606
2501467152,0.3111697075103484
1879788654,0.3109968251506454
1439559653,0.310914480515593
1879185201,0.31075683877519533
1879191175,0.31060303096362724
2502400832,0.3104884129399554
1879168147,0.3098326931748225
1931664742,0.30982409396321053
2502519273,0.3097211676960191
2092845101,0.30937417204274986
1933550210,0.3088362735083524
2500173540,0.308780643744106
1879128362,0.3087238006485755
2091980637,0.30859190574049705
1930993201,0.30853157693371713
1930200275,0.3081683166885228
1879241347,0.30793507415459564
2502151372,0.3076193554395311
1879168322,0.3075369607126991
2500857874,0.3074356100059481
2092002471,0.3070460455921407
1929308284,0.30595786638216943
2499292994,0.30526802700660743
1434058297,0.30478333761960613
1879125257,0.30469476061615863
2092037064,0.30450797948268793
1879781372,0.3039696177237582
1931637965,0.30279310480893995
2499771952,0.3025792918875961
1933536933,0.30247690850375597
1931695922,0.30167074884944023
1879158991,0.30062633641841396
1931682197,0.30018614538609584
1434414634,0.29990738402845035
1432717803,0.2997507305700549
1879126680,0.29942944292772145
1879868464,0.29899711017019104
1434644694,0.29834676136676785
2091190935,0.29792540307713505
2503801560,0.2977700996193719
1879783334,0.29769846495480345
1879906454,0.2973801279591643
2499334794,0.2972705953641911
1880500922,0.2962098444072241
1878600095,0.2961347232320398
1433053694,0.29594008329065646
2500884924,0.295890121569621
1879163690,0.29543400596122377
2500742460,0.2953286477328475
1931687151,0.29516543053100475
1934316595,0.29422375664861466
2091241523,0.2937702753827948
2093936937,0.2936073995455212
2499627434,0.2935885477200168
1930973615,0.2932085674074577
2502655892,0.29151156274351475
2096210800,0.29097666365829783
1434688680,0.2897710445285142
1932591132,0.2895850253668592
2501192554,0.2895692287906549
1933535043,0.28912702750809144
2500636463,0.2887266045184246
1427844833,0.2882509365086233
2501935887,0.28799135628397465
1932615813,0.2879897422273961
2499689910,0.287330523311227
1879242840,0.28720291385725527
2499398920,0.2869957283103991
2502254232,0.28680404547759514
1879769624,0.2866290824106756
2501903510,0.28644035822162295
1433540682,0.28640069041547234
1880425714,0.2855200323944764
1879157655,0.28505677445941213
1932602591,0.28505032416757725
2094628457,0.2848845830735777
2092799887,0.28470914951155835
2092766434,0.2845165730949951
2095419604,0.28447485895303926
1930201665,0.28402498838305806
1933572800,0.2836170822433922
2499278381,0.2835346456923744
1930986447,0.2832965296423049
1931653523,0.2824770769357594
1880448182,0.2820324460028638
2091963423,0.2816359875451199
1932451173,0.2815593202421134
2501084820,0.2811127801349692
2499372704,0.2810478853871012
2503418130,0.2807786237229575
1930170175,0.2799251580403315
1933545592,0.2797139366481739
2092834967,0.279336637025756
1880489170,0.27891408105873217
1880483890,0.2781566348980571
1930986005,0.2779413306118026
2091288401,0.2778423439011158
1933597263,0.27780075941515775
1933516945,0.2771986930902959
1932433070,0.27616053943099667
2093975642,0.2761338282994744
2091254467,0.27577811765674676
1879235807,0.2742726617354857
1433535571,0.27417927527024366
2091961241,0.2741555637120965
1433386395,0.27282887502034137
2092014043,0.27276710757959605
2499762930,0.2727259571009849
1880459573,0.2725195914550488
1879859300,0.2713672009509095
2499269440,0.27040329869860913
1878598662,0.2698501365374221
1930983107,0.26984654293341087
1934296573,0.26967238041655905
2092009734,0.26884583052567523
1879778165,0.26883117439110504
1930166017,0.2687208145892339
2092035013,0.26744084902843485
1879240034,0.26660100772241174
2096192761,0.2664691468560386
1434273035,0.26577812769973547
1933549537,0.2640836373169931
2500108750,0.2637298637839955
1439489482,0.2637028940698213
1930216093,0.263115914384656
1439384105,0.2630982328258344
2503317670,0.2628511118320804
1879857592,0.2626430988326044
1879784384,0.26242620292186253
2091185112,0.2623075598191108
2500567790,0.2620980430244499
2091257375,0.2616463473772326
2092035125,0.2612831357254455
2501023050,0.2612094268614072
2094670660,0.2607452588768994
1880439531,0.2605106774629656
1878576931,0.25958520963825105
1879244874,0.2590719767210826
2503004920,0.2589548965532086
2095409990,0.25868827675470296
1930937163,0.2567836288321955
1879222304,0.25647302632239016
1930181673,0.2564708443529758
2501801972,0.25542890495559945
1934307130,0.2552267793708253
2500395267,0.25517154404626113
1933530363,0.2541609171409396
2503614080,0.25404556429025804
2094662255,0.2539883228616584
1934324004,0.2538711371632591
1879177922,0.25349460221827
1879884063,0.25345960303976117
1931625193,0.2533308405610212
1933546087,0.2532558913059391
2501822534,0.25304398244948967
2501733850,0.2524575869096835
1879803447,0.252165561290961
2500386357,0.2519019314167955
2500431790,0.25162793438301506
1930180411,0.2514002742927203
1932637481,0.25097548840052275
2093882975,0.2504014075288848
1878598725,0.24981266894502746
1930969745,0.247778692309153
2501037764,0.2474139034279148
2501105680,0.24731441677360982
2093991275,0.24721860353122244
1931602755,0.2466813682342644
1879195522,0.24633832078367102
2501097014,0.24587955846156423
2499360504,0.24440389132077847
1931688383,0.2440270005328457
1932529424,0.24396167998411078
2503885802,0.2439391735380018
2499331600,0.24385020521830975
1880464601,0.2438454540205604
2499497915,0.24382914660585914
1932495682,0.24349097237852294
2502398367,0.2434009004430413
2501372450,0.24336153234749142
1933595357,0.24313522723742773
2500289942,0.24217704212661417
2095397854,0.2417537836888164
1930166371,0.2415805916467449
1930964742,0.24153950188141005
2092004764,0.24075429817991748
2092866564,0.24067698817494038
2503662834,0.23869988674080006
1879835964,0.2386024889033282
1427620683,0.23837096237202704
1433560262,0.2381970907920299
2499278701,0.23783412281051625
2502485223,0.23628802666230336
1879214934,0.2362355533386391
2503874871,0.23443601681378812
1879888574,0.23173032476848265
1930939385,0.2306730021146759
1932503285,0.22980275041296966
2094580687,0.22966147432558134
2094692403,0.22940861214125055
1933509027,0.2293161861635577
2091993497,0.22907662770180318
2503390092,0.228900826451035
2501083502,0.2272140359751299
2501600154,0.2272060485691936
2499327250,0.22691306638595196
2501739170,0.226888918426835
2500981702,0.22523111659402206
1879874324,0.2251204652944163
2095468692,0.22469672412109973
2503875614,0.2219901962066571
1434276055,0.2217003583089429
2092054787,0.22114649520070245
1879241994,0.22082899678445636
1930144851,0.219260839895967
2093953313,0.21899695032564762
2502493942,0.21788989152774563
1879141271,0.2175043900440491
2092848593,0.2171762241382258
2501360132,0.21548239504527578
1879215667,0.21511848247857454
2501849684,0.21425748436262215
1933561047,0.2140585057321978
2501396690,0.21394663336461117
2502550090,0.21299336345541547
2091971523,0.21260727506653324
2093087693,0.21255101356826975
2503181132,0.21242592544897465
1879871287,0.21218602204549497
2499886002,0.21178464000071956
1879172645,0.21079537975087953
1930160675,0.21073357727755235
1930202261,0.21055392444415166
1930935605,0.20985889280895992
2091260015,0.2090317239627243
2093854050,0.20816037894761455
2501980387,0.2079706095232804
1930137001,0.20791234550990437
2502559843,0.20692521574210343
2095406634,0.2067352401545583
1879768300,0.2058598030583674
2502485307,0.2058034077841997
2092846763,0.2056829362483133
1933539210,0.20505790932237525
1439534114,0.203684902271872
2502026574,0.20350363887861178
2500185892,0.2034687632935584
2092921521,0.2034240012740891
1931644251,0.20312365908229324
1879854952,0.20265278943338882
2501208250,0.2022046728358552
1931695603,0.20196894232029083
1879787230,0.20115936605417373
2091973917,0.20101177514530616
2094622793,0.20040834363559318
1880485512,0.1991210311434102
2499752952,0.19876361520836539
2501972181,0.1982345669624273
2502420660,0.19773314790660704
2095353392,0.1973568919172699
2502189602,0.19698876540759597
1931670162,0.19654202457511505
2499702803,0.195945840547382
2092011654,0.19592118257850583
1434396997,0.19522112337514672
2501857660,0.19474393628601006
2093023244,0.19290215422707704
2095342650,0.19288454764599866
2092037605,0.19277218488408798
1879825792,0.19247182607608426
1934297453,0.19198956606248554
2499598291,0.19127562032051196
2095353173,0.1910979554951517
2499232910,0.18987573961991405
2091222152,0.189350986903233
1880510250,0.1875805847157519
1930202531,0.18731788290397958
2091980411,0.186392556437753
2499416443,0.18551297775706999
2094649562,0.18516294173567766
2095355493,0.18264162985456195
2093045167,0.1820142839277489
2095441474,0.1784880241132583
2094574934,0.17837349814609266
2503069673,0.1774628634394683
1879820652,0.1736848792678541
1879806622,0.17204595996372915
2501735680,0.17180063488350417
2501429182,0.17147577416724818
2092833410,0.17025738578498328
2093093094,0.16826319397579273
1930987015,0.16806217403374446
2500594534,0.16739805883238285
2499780760,0.1669888625292652
1930942051,0.16492458858508952
1931614960,0.16389711205402957
1932518294,0.16199091949964156
2500283183,0.15751441635992097
1931026823,0.15696967355481922
1931639655,0.1567771330781771
1880533134,0.150204369581385
2092026823,0.14777425683691406
1879231327,0.14731659277196807
1933495237,0.14647060946922846
2096201335,0.14602950491243033
2094565175,0.14367056974812153
2499362737,0.1415850346555821
1930930971,0.14041875472875248
1879878382,0.13847092820013612
2502091300,0.13549183012057928
2503480364,0.13217939708144658
2499619937,0.1317675812658579
2091231384,0.12830107774454916
2503471987,0.11566882390641421
1934307703,0.10539249007895128
2502718800,0.1027849270835903
2499346223,0.09393610697758126
