user count in community:508
Topic id:1,Representation:0.43407386084011057
userid,score
2503763283,0.23423911734519837
2093959933,0.23053386343356266
2503431190,0.22790549511397995
2502175770,0.22542192654636817
2502956792,0.22466975908269654
2501835982,0.22414024379497036
2092913191,0.22299478595729477
2503589981,0.222080077663481
2500730630,0.21641279707946925
2499294700,0.214333736309981
1931022777,0.20968660124300548
2503275533,0.20934312223129636
2501573462,0.2086166769787308
2091219055,0.2019732715197845
1434476397,0.201646575969403
2500438354,0.19898819026368883
2502611431,0.1980049086039466
2092972025,0.19790510081906862
2503718475,0.1974100382299252
2499297514,0.19732376185826278
1931592161,0.19657918210487071
1434098305,0.19628860809512189
1879823544,0.19612362407535244
1879887034,0.1955159943008905
1932596437,0.19467077531439114
2500319487,0.19461676249552204
1930170433,0.1943388095460755
2501529640,0.19407929394262136
1433392064,0.19400351392890508
1930929097,0.19346160600171283
1433027131,0.19329859996800797
1433105404,0.19148873043052975
1433953135,0.19063678382683055
1932465310,0.1895449291035371
1931621805,0.18823330404961694
1879778774,0.18812731908481797
2091986991,0.18805995064152928
1879846724,0.18797767531168083
1879871012,0.18719157343136175
1931688225,0.18602088030841604
1930935560,0.18597550869358728
1434527361,0.18587471980326026
1433469242,0.18585188458834281
2501149044,0.18534891593291009
1433577781,0.18526007750000026
1880507825,0.18467910817678174
2092936192,0.1845791140619727
1932590544,0.18425450155503717
1932450387,0.18423837320280176
2091972360,0.18412469471973344
1933530970,0.18395910569928778
1427778110,0.18346590879339814
2096203175,0.18345931119828177
1878577927,0.18198862222787499
1929305951,0.18185905479357348
1434025824,0.18183031129891983
1439558741,0.1796160010958439
2501068090,0.17883064784471306
1434188551,0.17872320233536432
2094659371,0.17850671405132798
1433417000,0.1775332382345333
1879130384,0.1775272753509133
1933591574,0.17641054967812084
1879912515,0.17604600175882126
1433669217,0.17559742559892308
1433800415,0.1753431165184914
1879784183,0.175340914374619
1879804595,0.17525390061493948
1434032063,0.17489410574208283
1879199815,0.1748612906750688
1434560371,0.17470883343719354
1434019230,0.17465724024161133
1879848010,0.17458340721891205
2092787927,0.1740948453996792
2502237927,0.17357638288393246
1434528151,0.17343239999599908
1879860741,0.17332997383221724
2500725931,0.1729508000608445
1433123075,0.17235553105634036
1434434457,0.1721238586924345
2092057382,0.17190970767323516
2092064654,0.1718665856518931
1878578683,0.1714249280770863
2096243060,0.17140001302459923
1439625305,0.17130121387065778
1930994640,0.17115169643104067
2093087137,0.17018479873718032
2093955515,0.16952579431146467
2091220224,0.1692874582168624
2092043054,0.16908403469444047
1932542262,0.16882498430164206
1930224192,0.1687178707427931
1433329774,0.16865849598906732
1434694457,0.16829248176480907
1427589977,0.1681492415338822
1433135582,0.1680163395598942
1932496987,0.167972529823004
1932643682,0.16758455043566797
2095390855,0.1675790183590469
2503117425,0.1674787778237909
2092771202,0.1672138640287118
1434650910,0.16684768416717835
1433003823,0.16678190693095649
1932533012,0.16659315983126594
2092005470,0.16624375161668675
1880472962,0.166076430713589
2095425921,0.165919182407224
1879848425,0.16558634385353063
1933516683,0.1653881086120106
2093922584,0.16518357131325614
1434134055,0.1648862760279912
1879192483,0.16457251409577192
2092063477,0.1644483108578208
1433358522,0.16441957262715912
2502353873,0.16420357082699066
2094669205,0.1632293331170342
1880497674,0.16275997259054156
1434381404,0.162753696050586
2502711275,0.1624354310779586
1432659015,0.16240012897942047
1879847753,0.16197807531947508
2095461312,0.16128197864370208
2092876611,0.16121934922233838
1934298875,0.16113196416149544
1879234225,0.1605458703480839
2092956573,0.16025456080017103
1433346527,0.15953565480017537
1434308324,0.1595032971455274
1427823420,0.1587911200290681
1932578071,0.15873120522608122
1932521945,0.1584872859831714
1933574671,0.15792424279008868
1433595587,0.15792237367775044
1439318215,0.15783023200692486
1433408435,0.1577961593965212
1434698981,0.15775464963100266
1427790270,0.1572673846864817
1933565760,0.1572462554265343
1880519952,0.156745101000632
1931646514,0.15640322274302287
2502561930,0.15597635015668387
1930155393,0.15585928152723905
1932603692,0.15570453186740887
1427899751,0.15534581788409577
1427683122,0.1550981809810419
2092767931,0.15498023988074566
1878603280,0.15477591631593118
1879813517,0.15349253195784446
2092858922,0.15343544167819032
1931011424,0.1530786323079222
2094677064,0.15298552295906637
1932617447,0.15243405510322525
1432820162,0.1524299999329548
1879835951,0.15216186273597032
2092928664,0.1520767193427451
2501620755,0.1517642371073157
2094696577,0.15103824967929386
2092856627,0.1509562418728033
1433621423,0.15072716284647722
2096212252,0.15062492068671432
1933546200,0.15001487077770817
2092885581,0.14989109504450504
1434447024,0.14952474544051803
2095399965,0.1494449120910437
1933513673,0.14931375810432485
1434429255,0.14908327907597704
1931622455,0.1484408040588231
1880531900,0.14831222910530353
2093019022,0.14803869127137828
1879229867,0.14794596219620942
1930156691,0.14763926834715688
1433574121,0.1475538114824896
2501232520,0.1475456854274806
1932609990,0.1474915624255166
1433914252,0.14748685517007362
2502575757,0.14737720382931657
2502170977,0.14724501239792528
1932499902,0.14700418668206186
1930153461,0.14611435215221136
2502005027,0.14607458801652848
2502515742,0.14595830983969604
2091288534,0.1459329768276213
2500215957,0.1459199965175347
1434686293,0.14579045070492988
1434740355,0.14560997960993993
2499546363,0.14482080897062657
1879912115,0.14473686146675382
2091266807,0.14464034264937095
1433210013,0.1446260332701425
1932637202,0.14429171688715067
1931029102,0.14425395445849398
2503628434,0.14376688828370002
1934300801,0.14324486649845028
2501004413,0.14287503841513888
1880497214,0.14260251993521275
1434465884,0.1425620315036949
1432614015,0.1421251927619184
2500886690,0.1420595918584836
1434475192,0.14171276760549106
2092832282,0.14169775859869588
2092942884,0.14135153340624584
2499739493,0.14133795570714658
2091278492,0.14116375411347837
2091229303,0.14099003345333955
1879803764,0.14090825278377714
1427844971,0.14061513879474452
2501544902,0.1404874626398858
1930211501,0.1403752652796182
1880532903,0.13999536019834685
1879794247,0.13995751054624458
2091197675,0.13986746599463915
1439541671,0.13956442914898248
1433133782,0.13944139477990353
2094638767,0.13935212405189504
2501698604,0.1392802256842508
2503819321,0.1392435425846843
1879831393,0.1387664955245201
1931026877,0.13872425769299493
2502355462,0.13860247102356357
1433801845,0.13825013155506788
1879876034,0.13824293238399812
1878595455,0.13808098497424076
2093941090,0.1378887518914072
1879843593,0.13785710619142036
2500922755,0.13734823990244696
1879143033,0.1372587679053528
2499317145,0.1370673083609577
1879126040,0.13640355985862504
1879209727,0.13579008365442133
1934324023,0.13571375221640342
2095379051,0.135494522519146
2503769820,0.1353589427216146
1434402060,0.13528501989188063
1932518390,0.13527952609845173
1433639712,0.13514782707502102
1880523237,0.1346717510903533
1880433261,0.1342516602082387
2091981394,0.13420670114316324
2093042013,0.13416977567743793
2091200190,0.13393570656841208
2095372073,0.13390319326888464
2499247624,0.1338224418403283
1932462110,0.13367417728825465
2093952365,0.13285336160293415
2092832452,0.1324434870681022
2093966992,0.13218969642115913
2502547051,0.13190635594230207
1879827145,0.13185349558955484
1879774433,0.13059476006514156
2095373041,0.13042852698495544
1930245727,0.13034940509205573
2503094822,0.13021521939159386
2092926037,0.12962520856042697
2500295797,0.12943054519757025
1433876622,0.12935622862974144
2500147711,0.12857073884328343
2093943865,0.12842729022709948
2501307115,0.12842600168603863
1427733824,0.1283369060002918
2092930844,0.1282908401951814
2503759152,0.12820523205116094
1879243473,0.1280762967220051
2503692124,0.12762404290173313
2092832314,0.12757067451153317
1932625125,0.1271422683489756
2094604503,0.12708506029894046
1439375430,0.12701155484508175
1880451477,0.12683599005678484
1879903894,0.12645348558357744
2502495642,0.12633752867465403
1879826137,0.12612743885707003
1930189870,0.12608338415278267
2500922980,0.12589179236363798
1929310913,0.12563706242797276
2501336704,0.12489340067835814
2501960571,0.12436447725969228
1433219794,0.12432031988582488
1931689031,0.12427186118293365
1931674885,0.1238218978538084
1879799467,0.12345203084219165
2503292310,0.12301829828395786
1878592112,0.12290702268771857
2095389374,0.1226858781467529
1433453934,0.12251361924895887
2500139662,0.12246744789345348
1427733943,0.12240371339608719
2502030691,0.12218097604678299
1878582923,0.12217719086137155
1434160330,0.1221071496474488
2500856790,0.1220537593642461
1933497437,0.12122035432134501
1433882174,0.12099163232269708
1933550393,0.12028845575091561
2499677377,0.12025459783746797
2093078772,0.11998034139607817
2091236781,0.11958900447497686
2502657644,0.11933495270378727
2095429191,0.11931417627325407
2499331070,0.11927942741311132
2499652350,0.11908420864157813
2500151964,0.11892489846517823
1879805851,0.11888190960095478
2093943487,0.11883333350418047
1439503732,0.11842053207237858
2500739710,0.1183849817667089
2091973345,0.11787431495062477
2092008871,0.11786014758278644
2499783320,0.11783265009626631
2500234743,0.11767782895614638
2092794291,0.1176334468345903
1879223171,0.11756222456359314
1433185493,0.1172047851635699
1434684397,0.11719772575298745
1930969701,0.11675892030176711
1933519420,0.11607966805787931
2499589844,0.1159031273261791
1880427971,0.11565589683260236
2096255647,0.11558562822759014
1933598391,0.11541772661269752
1433827742,0.1152749153909005
2502148720,0.11512783393922121
1434698690,0.11498604359001496
2501007541,0.11494495168049565
2093958040,0.11490681119895486
1433290767,0.11477583907186563
1931023450,0.1140688194121217
1879156082,0.11382526288379771
2092008822,0.11342119539888233
1933515570,0.1133998006401721
1878601291,0.11328341463300047
1879166217,0.11320707729838159
2502453420,0.11316871457523672
2501857814,0.11298177124426113
1427874617,0.11292183486960021
2501955052,0.11264701975360483
2499502237,0.11263931342867349
2503768927,0.11245530057828122
2503520814,0.11230963954939835
1934295433,0.11135186412348261
2091261752,0.11131526327745803
2499240954,0.11127153327454531
1879856592,0.11126704210126002
1930190197,0.11101715468403463
2092894567,0.11062464936067112
2501848827,0.11039444190752888
2092959164,0.10973859440917935
1880513392,0.10916966449688786
1879132153,0.10913829236184627
2501931757,0.10881213532847368
2501729401,0.10860763591765973
2502024915,0.1084334529276015
1433428644,0.10841250553256913
1879857292,0.10833114744848435
2503619083,0.10765091892279442
1434437727,0.10745375845443797
2501597622,0.1074265851669863
2502041342,0.10704806636571584
1433621275,0.10667344912213324
2093907945,0.10653796101446912
2501302705,0.10621596272077252
2502758985,0.10571059435743334
2502243282,0.10553501193864846
1434056841,0.10535457418186189
1932448480,0.10447301118179535
2092801984,0.10429252199959746
2503175015,0.10413509697023081
2092911407,0.1035888647934273
2503105092,0.10356953102000202
1433804711,0.10345028255469108
2093942435,0.10343249133904449
1879896344,0.1033252082741397
1930192881,0.10330214101788823
1433962217,0.10292078044182738
2500242072,0.10289037009282281
2500702935,0.10268977868292886
2499258051,0.10264224469891589
1879226021,0.10228319405931675
2093984407,0.10179795857582599
1879811951,0.1016835567055667
2502430597,0.10143903660799591
1932579397,0.10122655959389629
2094553640,0.100848234863028
2092819681,0.10081017694531498
1929303241,0.1006901926703245
2095443221,0.10041956746932226
2503349300,0.10009516583059792
2502988502,0.09961728447902804
2502433147,0.09941429728570017
1879845435,0.09933187005586804
2095418863,0.0992748645374295
2501275014,0.09878872950776031
2501499422,0.09864139603541393
2501609115,0.09796906381554252
2499366054,0.09765790961618495
2501334994,0.09755046815213944
2503326951,0.09738203555450936
2502881181,0.09736385626870955
1930201220,0.09658929419808548
2503901890,0.09638683825620287
1879128453,0.09636277146076788
1930241761,0.09568008848071004
1879127255,0.09563677978433555
1433940047,0.09517557953248926
2502839362,0.09513859748989795
1879881264,0.09441540201153592
2501797185,0.09424766750541984
2503038084,0.09422972484376624
2501861542,0.09414469864581189
1879138105,0.09388970052260924
2500334647,0.09325559083667528
2501322434,0.09318739278865606
2501576382,0.0931607405570309
1879856931,0.09313375702799725
1432873234,0.09243425367751966
1879850863,0.09193711846790147
2093057384,0.09175542423691249
2092827407,0.0916890164980339
2092034780,0.09148403012807149
1879788995,0.09015915738483334
1930146545,0.08990013372583297
2500852682,0.08969773335873593
1879842345,0.0895554845850824
1932513065,0.08946937431858848
1879893354,0.08915257747175996
2092770362,0.08896055952348189
2094687144,0.08864462287038978
2501849394,0.08860358036696646
1930214507,0.08859378941707055
2091183732,0.08853421815710492
2503846912,0.08824566305612412
1932506565,0.08773407938516854
1932532430,0.08722676073468201
2094642871,0.0869924227303314
2094671105,0.08693034742911467
1432716392,0.0868159261373437
1933521190,0.08655217023018447
2502068343,0.08648371711093704
2501324422,0.0863212582504348
2502725855,0.08608485367583771
2094634373,0.08598123029390962
2091998693,0.08488859432685983
1932585507,0.08447400872105167
2503325382,0.0840647272157879
1427592210,0.08382699239089045
1880525774,0.08378587459900749
2500196971,0.08375171721812649
2502096164,0.08320650081160895
2092037512,0.08299546066641887
2499245363,0.08286910505451589
1930951112,0.0824666656430194
1432678663,0.08245098477421646
2094655804,0.08241508639072848
2500456320,0.08234661902342004
2092760642,0.08124014672965667
2500896810,0.08123663908817953
2503059394,0.08101454631903167
1879863990,0.08051400413459672
1879878294,0.08008379756143877
2092769907,0.0797427065163919
2500308852,0.07969053572693234
2094690595,0.07955570792659697
2091969220,0.07919261294711791
1880512835,0.07893873054909936
1933583520,0.07882957618103448
1433033357,0.0786120056887604
1879829492,0.07802907015514447
2502049053,0.07771672854863601
2091202565,0.07727104662023966
1433187183,0.07716122493272713
2092065617,0.07657987295271426
2095390805,0.07613108738095438
1931685142,0.07575682019182847
2092769611,0.07575494353438347
2093872135,0.07491664286754851
1930182094,0.0744957863022476
1879812094,0.07429155100548294
2093024797,0.0731252031870541
1879167711,0.0729225037438322
2502575951,0.07209772812584801
2499281044,0.07136371190258435
1930253787,0.07113836679392843
1931696954,0.07108346644559224
2096220847,0.07078798308735278
2096266562,0.06951931112376883
2094664670,0.06853549655052474
2094561684,0.06738555294904344
2503245374,0.06637543806155509
2501280794,0.06551740866890224
1930938675,0.06281355694761256
1934298503,0.060516129026358834
2500446523,0.05966611071084623
2503595267,0.059650205146463825
1934315214,0.058223507185593756
2092062134,0.05804722435919823
2500767104,0.05732877948427282
2092083520,0.056892161606403056
2500608922,0.05566817067663047
2094632575,0.05250235400522141
2502859782,0.05084974187158337
2501476241,0.048836757818674366
1879798084,0.045315075837620025
2500862077,0.043473279550499025
2095408541,0.043410944574773964
2093081852,0.034803101293458406
2503030942,0.03060547042199892
2502537130,0.024095454587183353
1930138130,0.017061828118541213
1879809035,0.014133827256902322
