user count in community:679
Topic id:3,Representation:0.6385723875476168
userid,score
2499531142,16.222212659285866
2092915727,13.105464557440568
2096273465,11.802090659774068
2501964965,11.568689853248655
1432604335,11.470647540707272
1934299325,11.310083666890364
2500177344,10.814252832284613
1931680373,10.572288123122899
1932461307,10.207936338333756
1879172363,10.082023875698223
2499255987,10.023286854960894
1932470910,9.940973177730076
2095495454,9.875318250909967
1930145462,9.813746565698187
1932637814,9.783818231114733
1932505922,9.690064192832269
1930150582,9.522977794812961
2095437083,9.501314335606802
1433451200,9.43416753474076
2502744111,9.311531883311435
1931024700,9.294042729219331
2499392765,9.240720029438636
2093966733,9.198538904898538
2094550853,9.183062808526557
2094699383,9.17585323004334
1932580627,9.15949820230578
1879778060,9.073575019589072
1434105404,9.039211731780266
2501858094,9.028796549916105
1932518693,9.008376561084576
2500313667,8.859570940957946
1439348691,8.848618607946538
1879201637,8.716040939643849
1932434035,8.683286595116439
2092842021,8.6114833314986
2091196300,8.603227241070886
2501881030,8.56799394764541
1879166025,8.539296897564538
2499475165,8.534283971161134
1434701290,8.529925533634474
2092835073,8.502764682816048
1932529017,8.456397170194776
2501378220,8.45150127450641
2500986093,8.419499246996155
2503784342,8.407861711178612
1439564002,8.4071576814661
2499482903,8.379575870352285
2502886265,8.355518805859743
1880498892,8.35302708058395
1432680574,8.19370438483629
1879199307,8.193364040110978
1880493775,8.168272299476667
2503811271,8.147669938702457
1433878912,8.114663335936173
2499657887,8.088710833169614
2095342411,8.086578559154283
2499474805,8.066390339448004
2092793725,8.049033735575556
1879849525,8.047877570258606
2095420657,7.994370615544183
1932573863,7.948272541006457
1439499065,7.933874916865313
2092882334,7.911797448937798
1434670014,7.906341444218072
2092951260,7.9039442253689165
2094579473,7.891619733963035
1879792035,7.883981380695601
2093901271,7.830149288424883
2092926527,7.809127964755761
1879132660,7.795540085337748
1930182993,7.789971040524175
1932493667,7.782475919000195
1434531724,7.753896016296912
1930154224,7.7290281412284285
1433091910,7.725537675407062
1932633150,7.628812576614656
1427763725,7.605914286210177
2092042875,7.604218191320431
1434271175,7.529840439246391
1427772955,7.513250536724455
1433646900,7.492878428307551
1932551005,7.474713764054554
2501519087,7.436495978178574
1932452212,7.429267039416095
2501633981,7.334437204241989
1879785390,7.269771769656191
1930173631,7.251339084614036
2094658367,7.226984802292049
2503242393,7.1815691289469585
1879862882,7.174687655855274
1932627221,7.1718249831788805
1433050905,7.1550285551193165
1880436467,7.089141079127676
2092810204,7.07767011652212
2092848203,7.074243963151011
1879146065,7.064479875425014
1433872814,7.04652617133698
1439542342,7.037484635389242
2501430820,7.032890516433892
1932494680,7.031238789895857
1879883090,7.0211998551824815
1434624975,7.003344470450158
2499262997,6.959981617491549
1934311132,6.957408846976888
1930249613,6.94851124942281
2093071201,6.905621789888254
1427583973,6.867981722668841
2091959265,6.861118211316347
2500347237,6.843917790258767
2502149597,6.832779051807728
1432854021,6.824897236250947
1933587957,6.81550225589443
1932642635,6.807976801583469
2095452301,6.789529656205346
1427828665,6.7726944016027435
2091280821,6.754208862956583
1879197517,6.750295756472858
2095447640,6.719957108940338
2094636725,6.680091138343896
2092958110,6.676232967048254
2500956394,6.675314753338831
1879192935,6.674390700783667
2093863851,6.673499258197428
1930236895,6.642827253020205
2093946072,6.642613388589909
1880477991,6.605352087589056
1434422064,6.598515071778767
1879903837,6.593307677757868
2092858593,6.591388006993447
1930189230,6.589804385535406
1879198933,6.583649902265169
1879179857,6.5781075615528986
1879131453,6.54952362458386
1432960257,6.5328090028298496
1879884032,6.531026234165723
1879130915,6.394388110794569
1879235833,6.383624919275473
2094570007,6.382909865570788
2093860541,6.373692683988573
1930171180,6.359051849663373
2499263467,6.3273730313070295
2500383502,6.290381269897741
2500389553,6.2730322286771205
2092075317,6.256218601704566
2092922701,6.249482375939942
2094622895,6.241459407644968
2499674857,6.22738924804459
1931622663,6.222902312481169
2094627935,6.214522360908313
1433002360,6.196637613983071
2092844294,6.170182585866797
1879854067,6.163649977944105
1439504291,6.163176602417871
1879823515,6.142836098530033
2092910584,6.127882672121813
1434682307,6.1277234853392075
2503457482,6.117671771921637
2092939025,6.116341761881401
1434195145,6.09571707468968
2092063881,6.06355311116426
1930152042,6.062944574876273
2094607472,6.062461518568789
1930940482,6.058480337449055
2503587865,6.028101591270046
2092930242,6.000671406668452
2092872947,6.000048197943693
2091968752,5.994554885165924
1434373103,5.969112985500293
1879783317,5.949100158803655
1880471054,5.877750399317231
2503583964,5.876059189879016
1879160480,5.868649497505863
2501825024,5.854788746184699
2092802794,5.854040839933308
1932516144,5.850068228263181
2092826104,5.8473439408486465
1880481584,5.842464307833274
2501206273,5.8421588833074924
1932435117,5.824323322779974
2502154492,5.809325128332156
2503674523,5.804923202152827
2499754113,5.802218573980086
1434029642,5.8000250565767875
2092785022,5.794163895021672
2502951581,5.7450701724995294
2092956663,5.7387705066045855
1879858742,5.717530474328303
2092879140,5.660344450880728
1880523550,5.629203655846152
2500584133,5.625142930011269
1880437117,5.609742347355464
2092978174,5.5662466710754135
1932516703,5.5342831596484725
1930935654,5.525567076359735
2093012983,5.481607513567993
2499819592,5.473538671994859
1434205013,5.453295133342473
2503596362,5.437937129142681
2093907865,5.434750810686315
2094657533,5.415258521010093
1878574661,5.402685161767162
1427683692,5.397270106321965
1878578622,5.394284771412869
1933581934,5.3921928993932715
1439456073,5.382228061317047
1934300683,5.380962191722237
1931646127,5.356842156027097
2499678684,5.344463097053843
1880453451,5.332076051678852
1434682527,5.3250683417459435
2502132763,5.316077492497456
2092890127,5.315970141280238
1878581055,5.293895217674988
2092937872,5.290319474676228
2500306681,5.278128807561776
1932543735,5.275404298175531
2091253160,5.2580249106179515
1930204877,5.250791738065275
1932460691,5.238840628342378
1432857914,5.22550823343082
1880530042,5.210605121054458
2501211582,5.208811498031604
1879829837,5.197144240525952
1434152683,5.177970614268049
1433300844,5.158661161297676
1932546171,5.134157888295853
1879163861,5.126538302036485
2093064587,5.116870348975589
2092082904,5.1145790548069865
1930159575,5.104721842271977
1931609773,5.101866803380993
1930167294,5.0979235633673
1434174565,5.086308099969828
1933512482,5.082350689267799
1434681592,5.074190999230202
1879161394,5.05275862208631
1433508693,5.031899254747155
2502372834,5.021677200301891
1934295297,5.005674049389284
1433153413,4.9906539489338995
2501426235,4.984572597288258
1879156962,4.977400223635915
2095407751,4.965332821249592
2092781660,4.959102272794561
1434409692,4.951056906264724
2093072735,4.9283457766704
2092982291,4.922328255696045
2094673267,4.918610855936654
2502816970,4.914220045151965
1434350942,4.875740476873938
2502623215,4.87410196598627
1878576610,4.869912934389752
1930140851,4.85064050283237
1930978365,4.831768299199024
1930929972,4.830947321005982
2092838991,4.815236616907186
2091185220,4.807599205146602
1931006451,4.799484732968002
1880471224,4.785026598572495
1880469415,4.765393859422674
2503757252,4.740185247373582
2499275172,4.739895648075073
1931619017,4.733631023764307
2500934104,4.695986637180737
1433125275,4.692762751817137
2092944212,4.68413921514262
2095392941,4.681164589547047
2499533087,4.677729136632257
1930235983,4.670329975136484
1433831743,4.668087870829073
2092017370,4.6616895842724695
2092841441,4.659978151972435
2501749561,4.642400573679973
2499845773,4.60717226286842
2500467523,4.6023877869117555
2093088981,4.589043935768441
2093886055,4.588140349915829
2095430460,4.554989963263984
1880456667,4.546098863233007
2501357973,4.5388344875115605
2501551951,4.5333783150825875
1879173663,4.532004626139716
1931673893,4.516420954619074
1880540274,4.501357414486585
1932441711,4.4493622405080595
2503806417,4.435074886429287
2092090004,4.409608907829763
2500128114,4.4078009513571095
1879136023,4.394502473998665
1879200853,4.392971976899983
2503321694,4.373196538896008
2093080813,4.364874932127504
2501661277,4.34954742286146
1433616141,4.349531442494075
2093007252,4.316228656494908
1932444720,4.282483724112815
2499669922,4.27855232698334
1433821847,4.256974304006529
1930960724,4.241448324981531
1439530780,4.20698963029409
2092833523,4.19403086387692
1931597893,4.190502551678592
1932451642,4.18846288962429
1434609220,4.182555847695221
2501600630,4.182393371652617
2094590024,4.1702990263596496
2095380191,4.1542873374929785
2096204654,4.141237131090777
1931696994,4.131765622370405
2502422823,4.114217679739434
2092870637,4.082237058648028
2093087820,4.06432798321528
2092968710,4.060682422445415
2092789777,4.0529785435440395
1931006864,4.050760487768564
1932430441,4.0500789572599505
2500339397,4.048887997325902
2503900537,4.039684980019237
2503664383,4.03143998378751
2503116461,4.022966130604987
1930187510,3.990722925142087
2501916985,3.980316852016575
1879786902,3.970769156941512
2091236677,3.9697051224792492
1439510575,3.9620607439555284
2501590787,3.9245399588882157
1880493903,3.923872251229469
1930935141,3.8851559801108864
1930141335,3.8688175232817277
2501958674,3.8401469777769757
2499806153,3.831159686308481
2093932767,3.8298462609665678
1879214117,3.8274350322740784
1879883780,3.8104879305836414
2502041924,3.809945325518729
2092926083,3.805888580984739
1879801145,3.804322653775191
1931593835,3.770350153801023
2501553183,3.7495119350735813
2501497311,3.7466888656671515
2091219345,3.743296653649414
2503665815,3.7419025982788017
1879786531,3.7393222551260368
2503719755,3.7384405190235235
2092902285,3.725436585025563
1930949574,3.7188979059403855
2501207662,3.705310381291025
2092946140,3.6927983398378
2502497955,3.6908542241437066
1934302773,3.68792025266332
2501233234,3.6757453946002316
1930996373,3.6741921210744883
1934301022,3.646516242928121
2503747125,3.6450598250958666
1433103593,3.6377996150112515
2501522141,3.603894699609645
1879238233,3.600334613408714
1439333891,3.598338481737844
2094609673,3.5963258352514242
1879890800,3.580806482980433
2501807717,3.5784900231986034
2092878423,3.560207653977904
1434667501,3.5488883326328593
2501780563,3.542981148700343
1879191967,3.534884929424516
2092969524,3.5303201708158505
2501722664,3.5040741674836964
2501195984,3.4988670685259313
1432627840,3.4779462334066986
2093082187,3.4618181760065827
1934297917,3.457210017840966
2093077621,3.4110407107043708
1932512645,3.410517025024909
2094660043,3.408566360245045
1434427107,3.4004710247620142
2093070951,3.3863127504447745
1434419811,3.368872139042806
2499709700,3.3422969960763274
1934311812,3.3340172255406055
2502567325,3.333124540039296
1934318625,3.3308869448101106
1932637635,3.311665940732011
2092773100,3.30021311697795
2499612703,3.29862761418843
2502398787,3.2789137130599326
2092892323,3.2785029424281005
2093964404,3.2688062339129327
1878580627,3.2650379158769423
2503767182,3.2554135594307327
1433349305,3.2310540360605997
2091194375,3.184226633688139
1434695170,3.181652472719687
2500114681,3.170832042911024
1434014573,3.1569302247524176
1930215862,3.1422653923702604
1433302445,3.1075142674089093
2095450512,3.088986689553201
1880483524,3.087385149481486
2092953250,3.077996541373068
1932640903,3.0602749262523763
2502123412,3.0601376845198636
1930179205,3.054211827409054
2092845305,3.0405106809600255
2092013854,3.0308612265344634
2499703897,3.0010513132825443
1932488864,2.9531140177371418
2092069681,2.9501891257459048
2092871904,2.9422546271018546
2094679125,2.917308092722251
1879832175,2.9144193759477206
2503619391,2.891314147062113
1930183645,2.881925572887456
2092820072,2.862437540880028
2092807483,2.8584833412657717
2499282852,2.852980223502406
2500224242,2.850301831560608
2091993834,2.8467047269194534
1879835922,2.845596846909415
2095402962,2.8361268597479303
2502644795,2.8250148882097803
2500876904,2.8218027284910887
2501424261,2.819992443031123
2503262895,2.788267061918499
1433471202,2.7874529492285807
2503056380,2.785496749679306
2501428564,2.7854590554792007
2093040277,2.780214096985726
1879163237,2.7779426716849116
2092018050,2.777406715146316
2502186100,2.7767961811849795
1879774634,2.772079225395445
2092782055,2.771545161071775
2503210194,2.7622961298060367
1879775220,2.758737608718771
2501842837,2.742341942984742
1879811190,2.738419439517065
1929313661,2.680743312024783
2091258865,2.672829696873723
2499645421,2.633275614333025
2092792003,2.6234542500308167
2092992887,2.612017515752318
1932564172,2.6091956532249196
2091995304,2.6086654650872774
1932525815,2.599924935439206
2092816615,2.5900412746847827
1427668517,2.5835600629176834
1879154000,2.5784027144480377
2501492734,2.571896384563139
1879885040,2.562351031375067
1879905741,2.5573487489024282
2499614332,2.530791540486614
2503593514,2.5259092310642104
2091998140,2.508502903334046
1880495234,2.4896163459311396
1879855174,2.4557699510763293
2502945472,2.445719202519573
2094564717,2.438902589447947
2093065802,2.4356566893876046
1433119840,2.433125299096062
2502773247,2.4260951994598376
1433648293,2.411872267247532
1433579780,2.410655638623384
2501534095,2.400086176836068
1439334465,2.385822297365201
1432681345,2.346699382338539
2502701871,2.330402549239643
1930938195,2.296317834504423
1933514202,2.2734884415144823
2092976763,2.273325193874325
2502930392,2.2159683210315717
2092992673,2.190629213017595
1434596990,2.1864672459999968
1879843121,2.1589954691439783
2503469327,2.1523255004019837
2501896081,2.1313934938009607
1930162204,2.1255164338046004
1879812715,2.121768312561192
2092876343,2.1210274486850094
2502960784,2.107305092026436
1932518852,2.101748454721494
1879125197,2.101092288098018
1434581652,2.087147748822312
2502045415,2.078799268216201
1879148865,2.0760208837269922
2501242995,2.06804109375095
2501446557,2.030550377159434
1879248323,2.018658367623679
2093077203,2.0066307548534077
2093088695,1.9474291913545276
2093070470,1.9293411864414944
1434526570,1.907828673633931
2499565314,1.9020958112739679
2501680833,1.8811821134523607
2093878380,1.879748154659314
1930160470,1.8637304225012874
2501523005,1.8493833427037059
1434546357,1.8477281336531033
1434001361,1.8301797486165725
1432682655,1.827503146603743
2094554303,1.818957527227941
1427860251,1.801099490816345
2500363464,1.7960788374953776
2501479393,1.7951787735940343
1433652352,1.7781096955170415
1879883790,1.7774448470930877
2501262112,1.753231150702679
2096239854,1.7330948743351955
1930186570,1.7322438821965809
2092015310,1.7201156228348575
1879224385,1.6896509748024096
1879158251,1.6870811257349008
2093930331,1.6729249146007021
2095377207,1.671757427625257
2092928542,1.6653318018988106
1931028632,1.650401869351717
2095399291,1.645401811738645
2093040804,1.6415115230534612
1930217094,1.5906897710432817
1934319807,1.5707240271175986
2093932195,1.5596454151102868
2092766115,1.547210263140147
2093884592,1.534598596734832
2500852943,1.5212690829864175
2091224171,1.4997103316028404
2096245027,1.4714471118966976
2092067604,1.4502320734897145
2095363683,1.4430169126513286
2502610987,1.403667839169912
2093942545,1.3948078875011556
1880480387,1.374028091861338
2502304037,1.3737968633185262
2092953222,1.3694169543851318
1439647563,1.3650218220093435
2092936351,1.354408922737927
2502024280,1.3534871161184059
1932457121,1.3477196558866607
2094556274,1.3174943986774486
1879211747,1.3132649785938302
2501489740,1.2957240764343212
2092891304,1.2878708085018582
2094677502,1.2827240623741651
2500108472,1.2763834888601346
1932449565,1.2762822929554412
2091198542,1.2758319063040098
1932648021,1.268032839145023
2499890140,1.2675251535607048
1880461271,1.2644117981168583
2092990863,1.2283994809463321
1930141602,1.2256216158366082
2501315432,1.2214778181743853
2092932207,1.2051627527674003
2093012963,1.2016304622743348
2091959542,1.201264263446807
2499283755,1.1974961995675755
2091276900,1.183916931389901
1932516241,1.1820670170722276
1879171703,1.1786394763476777
1879872574,1.1478821730390458
1930243914,1.1304241376289395
1932572455,1.1262518302181173
1932610242,1.1178744272641743
1931605047,1.1042772239800944
2503907305,1.0956145411265128
1879834327,1.090353359393969
2503560303,1.0828229578243047
2092022860,1.0783701932304146
2093058715,1.066918991739476
1930930473,1.0609372350773345
1931693192,1.0550553801946494
1930927103,1.0532416495264527
2092774860,1.049871281399994
2500384043,1.0374839825403674
2093973217,1.023447488174409
2092890450,1.0192248745308337
1879179283,1.0178215019005499
1879179653,1.0085863603479674
2501159582,0.9780384716581921
2092878961,0.9747329712377287
1930961211,0.9742470725103516
2501472264,0.9604657533026184
2499785027,0.9559016044667854
2092948480,0.9289757535605307
1427833624,0.9284650752040166
1878600965,0.9264955524205489
1932640544,0.8731717143615343
1434394701,0.8615220322719669
2501839464,0.8613039858607474
2500947195,0.8546783287676647
2092965600,0.838292646162027
2093965473,0.8320412213572586
2095337601,0.8272899647440073
1932479880,0.8214287779630535
1932518997,0.7992466642765473
1931024295,0.7947715800658989
2094596284,0.7890176242428857
2096214577,0.7790073659838728
2499647033,0.7665062079380269
2503363640,0.7643237626583559
2500241993,0.762822291087359
1931588805,0.7580027330706499
2499224092,0.7459746560763741
2499437350,0.7215173667576649
1930152361,0.7159286692764318
2095421932,0.7138931090868469
2502641794,0.7080643779515648
1930185973,0.7038701012988979
2499817550,0.7018362983552823
2092833500,0.6884082173740202
2096222114,0.679510507326243
1930152110,0.6695814413084781
2500532662,0.6633230235423487
2096191031,0.661727012371498
2093019674,0.6521745115740254
2091204850,0.6449931826189762
1932643402,0.6406513600305478
2503742561,0.6380106189685109
1427679360,0.6357269073745505
2092797621,0.6260552116275561
1929306775,0.6187202352131965
1933498127,0.6110742714863144
2503230862,0.606931662394279
1931594502,0.6048785481298364
2092845117,0.5688417044248691
1879154265,0.564705047134771
2502285065,0.5551778188935869
2092816452,0.549501467137773
2503201077,0.5469419202879573
1932565187,0.5410585582373492
2499650720,0.5365204774888296
2093975224,0.5169456282017695
1932497115,0.5133947558312223
2502339380,0.5072067128784609
2092034272,0.48971853120600467
2092025545,0.4889967551261675
2502594271,0.4872424137967434
2501550985,0.48028235533884384
1433211285,0.473489045420007
2499526674,0.4665339932938484
2500910552,0.4587032173351577
2501165172,0.45505429280719
2501525920,0.4507617347438768
2503422932,0.4478409759478229
2092885952,0.4387101694110006
1879793064,0.4354469317193252
2091189990,0.4342305525931941
2093051244,0.40904017016672745
2092842951,0.39293857180025643
2092844674,0.37733730459740555
1932484777,0.36567577025890646
2093938124,0.3649454264268509
2502951552,0.3442043535738898
2501573822,0.34261649535064553
1934312014,0.34076068635490797
2501875722,0.33755582650450416
1929306871,0.33705524094485184
1439649647,0.3315573362717402
2093071285,0.33016996686119
2500280402,0.3192535380091053
1879847140,0.280683596014565
1432862417,0.2614470635656781
1427634153,0.250457267197712
1932629334,0.24490349834629385
2500672331,0.19733595788984098
1879825677,0.18733907962868054
2501855275,0.18241760887153577
1879144275,0.177600377479289
1879133713,0.15343523725190292
1930157224,0.13246528624454654
1439369701,0.13178501625888583
2503354812,0.12471649341156023
2502465040,0.11389507978517222
1880425502,0.10778692147944323
1879859157,0.08360717704095387
2500263481,0.055578839858674504
1433077095,-0.013000856307568797
1934312535,-0.18751636970044513
1930186825,-0.23952793166834802
1427810841,-0.3216880318541105
1433718202,-1.3136742438469273
