user count in community:732
Topic id:1,Representation:0.5347222553468907
Topic id:4,Representation:0.3328080696514043
userid,score
2094615725,24.973458456489798
2500112881,21.980709750473896
2096235440,21.77197217286553
2092870902,20.40605753130557
2091963181,19.6055994154932
2502400832,19.429958083102086
1930160965,19.20151281467993
2500562923,19.08089215468784
2095450703,18.688207801595325
1931695010,18.261787801492193
2092983305,17.85573963882081
2094639977,17.71097670793297
2503922437,17.57714332134953
2091246095,17.504108426349138
1880495980,17.248401371350624
2091217625,17.015802156673953
1931692703,16.993529874576538
1931603433,16.82902768348946
2502125414,16.79212707267697
2501023050,16.647063707175917
1880441747,16.56239659078173
1879187927,16.52331038808743
1879850912,16.329056611614917
1931631517,16.267222650774222
2501083502,16.181855678433003
2502212842,16.16895844064397
2093853084,16.027253614926103
1931644244,15.671427692655087
1879158780,15.648701704236814
2499398920,15.517664000571529
1933550210,15.500937125260904
2094693872,15.452023442195824
1880505410,15.389902685265655
2503347380,15.34009992649782
2503037367,15.338790015351563
2503749404,15.302085721430736
1879837335,15.29954288629062
1439559653,15.239423813779059
2502018002,15.195820293119496
1932544014,15.165895622370389
2095382490,15.078586612415913
2503663570,15.015374521549123
2092980850,14.898880403800987
2093014960,14.815845193216106
1930987564,14.800225559196823
2501733850,14.748079539389828
2093048603,14.70802506676748
2501320521,14.505502165766975
1930185800,14.481699818477026
2092759867,14.464121023701768
1880447343,14.459116533292576
1931589911,14.412700664386342
2501438970,14.3044476370093
1933503817,14.26782643502765
1879190683,14.253393845807961
1879226900,14.250647922097551
1879778215,14.244352203166283
1879824254,14.221382685155586
2502967742,14.1764312603905
1879910222,14.122104481556669
2499852404,14.091942417609848
2500261152,14.077157561180044
1933499583,14.047224001657597
2499227700,14.014489463407372
2091196781,14.00590834478395
1930963487,13.836377381130507
2092041250,13.823754166780216
2092983405,13.79147170201643
1930184022,13.777171886126965
2501506624,13.764400598826448
1930962165,13.759812391435979
1933549537,13.728061308432299
2092843825,13.718401750200801
1879866594,13.71528083795682
1930179873,13.622403623083105
2092035013,13.611770132530495
2503825925,13.590381838511014
1879779734,13.574053333773879
1878593253,13.547583691699915
1932465142,13.541408294395154
1932501041,13.504493136225037
1933551953,13.462018103354794
2501749652,13.41542648067404
1934307022,13.376549171594608
2095419604,13.36676223103266
2091288401,13.355939349392063
2502495632,13.350060024124463
1879165642,13.245137805456165
2092799887,13.222288220225417
2096210800,13.095984650892827
1933555927,13.04491099467787
1931695724,13.019117891959475
1879868954,12.99828524600986
2503004920,12.993402767609087
1930190333,12.981379137350526
1930182033,12.962214811711746
1879177922,12.898566229902524
1933577854,12.896001491155268
2500395267,12.886244269985552
2092880315,12.86146220590184
2501192554,12.810772554006963
1931007300,12.75365744426438
2500134894,12.667469401709829
2501164590,12.565004153403947
2501396690,12.50226944198598
1931695465,12.492695150105419
1932480673,12.45539937157579
2502248924,12.449031957521026
2500249442,12.440837767274747
2499727654,12.405882390377812
1880455751,12.362773195101305
1930946052,12.34061440710098
2092786855,12.326500686723378
1929308284,12.27500924885585
1930941090,12.27157034626434
2091955683,12.261595307072673
1879833773,12.251841628414866
1931637965,12.220050603525955
2092998467,12.204572879984894
1434644694,12.12391649147266
2095468692,12.120389988696196
1879152354,12.107995324745632
2503316200,12.056294407519916
2093936937,12.056094598402353
1879140324,12.01589215435905
1434067313,12.00759026854946
1931013371,12.005133171892982
2502510552,11.996299579512865
1930187045,11.980980666560686
1931664742,11.92301707967094
1930181673,11.916300643828654
1931631153,11.909112661406484
1930200275,11.898205930739568
1878603930,11.894553760459921
2091973917,11.88989041383157
1931665515,11.8513011097337
1933529773,11.84526798597202
2500636463,11.819277250256626
1878600102,11.80320783013801
1933545592,11.795849434534475
1878600095,11.777667820744135
2094648494,11.754448692211096
2091961241,11.74428801224227
2499327250,11.658381101385906
1879201371,11.633581108245794
1931022071,11.617867008189199
2092040421,11.614075323268807
2092866564,11.589241585573799
2091261983,11.583675599898692
1879829814,11.535028666254153
1931006501,11.519438542997124
1930159475,11.518637749599424
1878598725,11.474187644543928
1433773952,11.457073418124546
1879145304,11.45348260132368
1878589902,11.384155864173623
1433177705,11.362285015914729
2096246351,11.347014934873616
1879131951,11.288978519241955
1879167284,11.222977566338983
2091190935,11.179073657700306
1880512234,11.130742942172006
1879241347,11.126653319253398
2094643512,11.094844178762534
1934316595,11.068517992838023
2502151372,11.034248157105306
1880495581,11.013840952320244
1931588945,11.006380485326662
1880439531,10.973362124619
1931013615,10.964264414955196
1880438737,10.949764576389315
2091979883,10.904135116434702
1930228875,10.902102411587975
1930164563,10.882310814717698
2503317670,10.881464914986127
1879144233,10.843703747042225
2502398367,10.825262493645472
1879821341,10.788679045706703
1880445802,10.778870904934612
2094628457,10.748928570232474
1879906454,10.735720984402244
1879893372,10.703212167175927
2503738814,10.703137881130171
1930203735,10.65307160316148
1880482500,10.644201519420465
2499419362,10.613126331097341
2501922932,10.61057607985503
1879159204,10.523705771822035
1932602591,10.520440578689072
1930964107,10.515615319391848
2091268201,10.476909709512665
1879778165,10.474764415107677
2499752952,10.473724851873655
1931602755,10.470473795807347
2502462454,10.449192654550059
1933563930,10.434234548153498
1932515814,10.403428217358744
1930245924,10.400203529090584
1933514340,10.390567522192729
2091225601,10.384172396412357
1879784384,10.380151351134494
1932521605,10.378913445945521
2501360132,10.322972552066304
1879216820,10.31008210939497
2093975642,10.300043601676478
1879235807,10.28403395222397
1932487255,10.261792774435982
1879769624,10.253532245386221
2092900830,10.220906916697107
1879161364,10.213183015474074
1434027090,10.181996469775534
2093954281,10.177662644592052
1880489170,10.159655431860898
1933520211,10.141148044353557
1932433070,10.119079470318454
2501976375,10.08226569331337
1931597402,10.06638111045028
1880453730,10.061164848548483
1879803447,10.01584837834995
1879879900,10.003520204332718
2503595342,10.003161285539026
1931004287,9.981369638027413
2091187603,9.97999992805044
1879787132,9.962505103969617
1929305094,9.94616122064957
2502485223,9.943830637467267
1933536933,9.939836504223894
1880496792,9.936218885460065
1932615813,9.908094088081373
2093875633,9.90276087428299
1432615223,9.866336056292818
2092042382,9.864132160725987
2502493942,9.855019671573054
2500541797,9.847674563442487
1433346464,9.846568637064546
2092079667,9.833022946084839
1879859300,9.788261134835643
2093874080,9.769883961895989
2092009734,9.766304986005725
1931692911,9.73615835421412
2499331600,9.711400184288824
2091980411,9.677204841452188
1879132341,9.676364337529835
1932495682,9.643558627308797
2091256597,9.64335348958974
1879140622,9.632596668985718
1434320270,9.63151225423291
1931016713,9.622631442524032
1879868464,9.596764917882005
2091247595,9.586254334949631
1433730670,9.554306694006286
2096233354,9.53670410467365
1932481025,9.529852662068798
2093882975,9.520303752255554
2092014043,9.516323303946255
1434000117,9.45029649919768
1880518952,9.441712380217457
2092023305,9.39648616070008
2500102300,9.395371021906758
1879788654,9.389883022332992
1879157282,9.333070094923517
1880438121,9.318598176897002
1930985172,9.307112146722794
2092002471,9.268523981095761
1432622982,9.266136638346488
2093058563,9.24445343521051
1433535571,9.18909779243628
1879886022,9.175367530788748
1879783334,9.14183333961875
2093953313,9.138307672042565
1932513987,9.134231546489735
1880464601,9.102486767871056
2499598291,9.072858157648502
2500173540,9.070561406133823
1878600022,9.032529161086341
1930185404,9.031828775648282
1933552577,9.02855314959514
1932537842,9.015763181668728
1879906982,9.004425211154981
1879819834,9.003460106093902
1930229084,8.992648428747064
1930973615,8.971193195681215
1933524865,8.95175437318184
1880476691,8.929122613096846
1930208400,8.922126849321632
2091195882,8.920384247593677
1433449762,8.907361425286332
2502550090,8.879215870486641
2094692403,8.877833773288884
1878603672,8.860205928554619
1933539125,8.852228702046661
2095355493,8.84565057657245
2095353173,8.842163919244793
2503730944,8.813735358012192
1879248705,8.797027694483523
2501079954,8.755261713509405
1879884063,8.743285574450276
1879214934,8.713019383993853
1880515873,8.712608787248065
2503390092,8.645816433034941
1933502711,8.610050987437754
1879168322,8.60059651774356
1931645525,8.584808769585118
2499631990,8.579561117176478
1434607403,8.571039402195273
1930195304,8.557492054956729
2500845182,8.54823158466094
2500742460,8.53764016758013
1930170917,8.524919026347039
1879176385,8.445411145100248
2093883721,8.408710056842445
2092991924,8.38358115036968
1879157655,8.373277420441816
1930933862,8.371040795012872
1930233795,8.325853528378648
1880501860,8.321081748055109
1932451173,8.2332841123675
2092037064,8.201297036139103
1879124404,8.185616101503365
1878575957,8.182973240051487
1932609614,8.172939253598695
1932493351,8.166747741923745
2093881132,8.165235514209773
2500192753,8.163302079799182
1931643607,8.149657223634714
1932528183,8.145088508152421
2501739170,8.144615339753818
1880476692,8.087687779739964
2502254232,8.05923264411725
1880495925,8.05200598094848
1879870751,8.014150726006413
1879141271,7.989355681447839
2093854050,7.979090965315526
1879199765,7.978954467098587
1879206624,7.9761757326176905
1934298125,7.974479286381008
1880476214,7.951680670854721
1930251763,7.95146514128572
1931635160,7.911570580210925
2092846763,7.89442598932974
2092011654,7.882107625121591
1879144040,7.878353568448429
2501387331,7.8599205108294425
2501647282,7.852873371253594
2501247791,7.843852135754075
1931653711,7.8411827436265495
1930988207,7.810525616339163
1879246974,7.805748812753432
2093890502,7.789893709197317
2092836400,7.7698060031817775
2502946162,7.747769103971487
1880471322,7.643905864381027
2499278381,7.642983583750469
2095416123,7.631993850252142
1880532340,7.623412221712124
1878581697,7.60281121999744
1433386395,7.576926225409881
2499678904,7.5753155777977685
2091980637,7.57237457843408
2501801972,7.554316674121214
1878585863,7.541475419768773
1933580592,7.524403365765787
2095397854,7.519749521641918
2091240091,7.499953177660946
2503418130,7.487398781821015
1879135974,7.447321666895867
1879159682,7.441441554520614
1933516382,7.423289827076571
1879168147,7.390422578308199
1930961223,7.336255364700622
1879232687,7.321496747191602
2503614080,7.259442684487051
1433536422,7.245629543928806
1880435071,7.238333767701265
2501600154,7.2351876034813545
1879829054,7.223403558631764
1434058297,7.20376766271729
2096192761,7.199357407260282
1879158991,7.172407818806055
1432700083,7.162300286959008
1434181010,7.154193281981007
1879809500,7.139109139620599
2502189602,7.121586309617277
1930178401,7.097914853186467
2503387512,7.07019199997671
2502655892,7.068627235850496
1880500922,7.061246219559655
1880541534,7.05380007762624
2501972181,7.0306590761354055
2502174845,7.024446886362972
1879782177,6.966244945784967
1879885270,6.966092332896149
2503801560,6.956147464644934
1930201665,6.951640948487207
2092991893,6.944300709183102
2092037605,6.937302084625326
1930192287,6.870923646505441
2501849684,6.862644800308585
1880483890,6.8585903595513145
1433770634,6.835748876656757
1933509027,6.831613377910525
2093045167,6.78746849144883
1933597263,6.771010260709684
1930986447,6.74942540459829
2503875614,6.737624605540897
1931668753,6.711845521667531
2092766434,6.646440591524008
1933539210,6.639030219323201
2092848593,6.605308195181906
1878598662,6.59576954696887
2094670660,6.562211590927437
2095353882,6.5273812649166505
2091257375,6.46555026877367
1880485512,6.438596627160042
1933504941,6.411044767756911
1433540682,6.402225074206454
2096225232,6.398230445861856
2503781934,6.394793566186774
1932544055,6.341310982194921
1879828145,6.32953370129199
2095409990,6.304646705891117
1933525284,6.267934015062292
1879163690,6.2574132634904425
2092900257,6.246200824588126
1439508610,6.234275833050599
2500108750,6.1997003632949985
2501105680,6.158774607745685
1931653523,6.146194139690457
1879888574,6.145533261293973
1931670162,6.1366585697541485
2501973681,6.125341198896667
2095488680,6.107086931700236
1932529424,6.099002969675867
2503480364,6.055372097202147
1433474031,6.02111448643846
1931007301,6.0155858592698515
1879781372,5.999407854568267
1879130027,5.996983125174497
2095342650,5.975430623583233
1930137001,5.968988679386533
1931005191,5.919692251943446
2092843623,5.911727470277413
1878576931,5.90752859639222
1933516945,5.883187259951769
1930981623,5.878375418057281
1930999725,5.850381768617029
2501084820,5.794171340284869
1931006257,5.731692353479582
1930939512,5.69701177838712
1439621463,5.686541936911795
1879223355,5.673942039617407
1879125257,5.652428741135437
1879128591,5.650241291751462
1879185201,5.626170175794092
2091963423,5.613167093626578
1930166017,5.548426903008166
1933571484,5.489595514926865
2500431790,5.488006977401831
2499269440,5.452351117630179
1439395165,5.429739343180984
2092834967,5.424552808434598
2499497915,5.360314977875154
2092781454,5.2797442650472854
2096226142,5.249724905232885
1432612943,5.204484112325938
2093883525,5.193383827825781
1931007702,5.1898090045621545
1932489642,5.183675194750476
2092004764,5.18117632538034
1930188773,5.150918001909501
1879857592,5.14622099640904
1433650865,5.142157308439945
2500289942,5.126027324757013
1879854952,5.125543456992265
1930964742,5.113024560435848
2503721670,5.103492289341511
1930969647,5.100864544439416
1930983107,5.051903515605735
2500283183,5.033102246976298
1879820652,5.024398009840606
1427844833,4.996207958940091
1930170175,4.984332302967447
2094662255,4.952929321158873
2092055212,4.921260103360003
1879768300,4.904633710581976
2502850787,4.8869518927792175
2499627434,4.871302023211109
1879242840,4.816685362291314
1879140955,4.809653622278388
1931625193,4.795483308702881
2094574934,4.770167324914154
1933561047,4.751231050602895
1880513994,4.742494583595582
2500625945,4.737343831217649
1931695603,4.735911670035251
2092035125,4.73130114944546
1931639655,4.688088572670485
2501903510,4.669167882356705
1879787230,4.667306701897093
2091260015,4.550438057110171
1933508182,4.54898571753599
2501372450,4.53144414896854
2092833410,4.5313827287015425
2091185112,4.507253633113711
1930216093,4.506089137863382
1879787604,4.485496315999367
1439384105,4.483587396020257
1933505705,4.470605273013187
2502130825,4.447107711944333
1879889292,4.4343382124350565
1434396997,4.428839895251607
2499416443,4.382468570966053
2092845101,4.371177557189423
2501639274,4.356132730006686
2501783424,4.342642525608361
2502798614,4.332371331986622
1933535043,4.3183129911073435
1879825792,4.304964548743813
1880425714,4.290590177888077
1434273035,4.290376158822148
1930166371,4.27830036513068
2499571614,4.261709314754357
1879160037,4.2229809787503445
1930939385,4.190645274717445
1930955110,4.182724671356751
1432717803,4.1817321180432
2500884924,4.176011425613358
1434414634,4.1698779456451245
2091254467,4.1487295323034
2499337394,4.141568246509127
1879191175,4.132650523668796
2093950825,4.126329637763978
2501598005,4.121935516358753
1931614960,4.09328177973935
1879241994,4.031125437362862
1932562641,4.022453617613758
1931695922,3.990082135145405
2503181132,3.9871460212999446
2094622793,3.972559328198188
1433560262,3.9695125628615298
2501037764,3.9447968766324877
2091955927,3.9433050605497377
2499313470,3.9161844544704145
1879172645,3.9133452206198918
1932518294,3.9056281009549765
2092016344,3.893700328980208
2501935887,3.8244535524245618
2093087693,3.7839473954193936
2501252530,3.7760220502246917
2502909394,3.7755862530249313
1933495237,3.7501696774115896
2500864964,3.7114100892013306
1433297062,3.6325063825876662
1879794433,3.6294461787778314
1934310327,3.5968015872547854
2092054787,3.5560041826221473
1879222304,3.5250686799019304
2093940752,3.5162224886015654
2502455647,3.4932460788918838
1930144851,3.4843890456057522
2500594534,3.4668233815062552
1930937163,3.4627076947591804
1933530363,3.447338956264587
1931600284,3.378800539734927
2499278701,3.376816719050742
2499619937,3.3706285646518896
1439489482,3.3645152360934065
2500981702,3.363200371937633
1880459573,3.295006713126489
2094632774,3.2918164959261986
1879240034,3.2897040896600624
2094565175,3.2867680575423694
2095406634,3.2789781776607123
2501822534,3.238963808424156
1932503285,3.224611037451491
1930986005,3.1660559213615675
1434276055,3.1628370993327617
1930993201,3.124001924306807
2501429182,3.0775878710142184
2091241523,3.0725328368981915
2502280120,3.043648100608011
2499689910,3.0391744808554337
1433147821,3.035555265170769
2503874871,3.033994806667042
2499372704,3.0070002947574057
1433955482,3.005268166847756
1930987015,2.973628161926799
2500269110,2.9342158604205015
1880448182,2.932618630512004
2499699754,2.927934589013086
1930942051,2.925895586658009
2501735680,2.910991768080586
2499859982,2.842124647261904
1931687151,2.8062639115760906
2091231384,2.7483758472445885
1879141082,2.6939138648044927
2502955270,2.6883845210073813
1931017850,2.671571694052446
1932591132,2.6710577744847397
2094641604,2.6616761041944317
1879195522,2.6548031700786927
2502026574,2.6484573516894283
1434707841,2.641841717426438
2502420660,2.635266477129997
1880482667,2.635203140682066
1879810977,2.6306884953626097
2094589934,2.610173436599403
1879244874,2.605203627832533
2501706190,2.5553097346127043
1879231327,2.5232087042769353
2094578404,2.515721905459862
1880510250,2.4878086865842555
1439534114,2.464973377178255
2499780760,2.4360945084049335
2499292994,2.427156131264262
1934324004,2.41956939809704
1930943517,2.412157827506081
1434688680,2.40952964123863
2503885802,2.407550462949307
1934296573,2.3899931686566065
1931651651,2.383913981641588
1930969745,2.3709921045541646
2093037167,2.3246781387563704
2502559843,2.3008894076362423
2500185892,2.283383230568279
1433053694,2.280404411420914
2500961214,2.204411237281864
1930202531,2.1875518820896653
2091202082,2.1772939332656716
1930169233,2.1665061880455996
1930935605,2.1592764743594377
2499312354,2.1313234921335376
1880532331,2.1207909059400096
1933595357,2.111704503446184
1934319377,2.071160567587122
1930215441,2.0557899387246925
1930138105,2.048556852888546
2092080231,2.0300261304109326
1880479014,2.019292178205028
1931688383,1.9909440953790303
2499762930,1.9589486514637626
1932512871,1.9531326688001673
2499886002,1.9487218037663203
1930160675,1.9159986216960305
2503069673,1.8704385671767327
1934297453,1.8694598235330375
2095353392,1.8592734155624886
2499702803,1.8479798624862291
2502091300,1.8391732222720314
1879217884,1.8391312648791023
1933543481,1.7731005983096584
1933546087,1.7366083317080245
2499362737,1.70874005689404
1879215667,1.702447528678726
1930168055,1.6984934810861687
2503471987,1.688607413212937
2499232910,1.6875951905649904
2092797045,1.6828826212283399
1933572800,1.6768288523058357
1879835964,1.6248117151105161
1433582422,1.6148879227683461
1879878382,1.6120170267790663
1930180411,1.5072928574068176
2501097014,1.4284981902030771
2499558370,1.4054840360862495
2093093094,1.4013165606269617
2503624493,1.387992747209893
2095441474,1.3670530356247013
2091993497,1.344893926590688
1934307130,1.3277334862849015
2093016204,1.3229661928128762
1930993521,1.3021904078876
1879848477,1.301071853625957
1879126680,1.2989461027213431
2093991275,1.2678620006729333
1931644251,1.261547858020882
2094649562,1.2595046278279778
1930930971,1.2512962359915472
2499771952,1.1680673987959935
1931676901,1.1380165083446774
2501857660,1.0586640962662548
2499680563,0.9994526704157133
2502718800,0.9605990090347297
2092088124,0.9297755094893547
2499449840,0.9245730335412821
2503756910,0.9011130736901939
2500386357,0.8892276263608376
2503068864,0.828557464624503
2501467152,0.8259304961786627
2500567790,0.8138790557983053
2501980387,0.7927869764184194
2500726200,0.784738635062288
1879874324,0.7474088988516919
1427620683,0.725119882034175
2502519273,0.7099474725871009
2502597690,0.6843687836095915
2093853430,0.6714312807839492
1433350923,0.6637012245002902
2499616520,0.6440547078925434
1931682197,0.6425346116854389
2499396327,0.6084894404379146
2500857874,0.5721763274730957
2499283687,0.5678233915931948
2500919280,0.5671123578287635
2092921521,0.5631428999552588
2499480615,0.5429817821715968
2501406364,0.5323857571723416
2501807622,0.5263462172139682
2501208250,0.5183449533851908
1930202261,0.5165661308152634
1933591622,0.4992311028020927
1880533134,0.4948382612315001
2499334794,0.4812269776172473
1880483383,0.4796654962043418
2502485307,0.4639618875543359
2096201335,0.45011224025460894
2094580687,0.4474504093443796
1879806622,0.44332115816517126
2093023244,0.4401450446822081
1439661151,0.4164513941437237
2091971523,0.4036657723398634
2499360504,0.39286018399845446
1934307703,0.38415368886601103
1879128362,0.37511114413735036
2502119500,0.37219492834006157
1932637481,0.3681986617922374
1879871287,0.3261634144559401
2499346223,0.3229174821932667
2503662834,0.3105106664204026
2091222152,0.28233638086570656
1931026823,0.2539017044108788
2092026823,0.24917675399988332
