user count in community:1055
Topic id:1,Representation:0.3259207234465095
Topic id:7,Representation:0.48673014858332675
userid,score
2500289660,25.875965209263512
2096236307,23.535664134763536
2502332847,22.875659441698073
2499488215,22.30099492475552
2500612951,22.112384100981686
2502432240,21.046981320102482
1432640924,21.02414543321396
2092766250,20.871808875874343
2503692947,20.673483228387845
2501311230,20.523323046843323
1433546934,20.07714501915023
2092080263,19.853378388179024
2500102042,19.800796416992533
2503456083,19.73572360664874
2503605217,19.467906306564938
2499371070,18.790205933389583
1434350237,18.781894062176434
1933555950,18.654648821422043
2503626107,18.3782900259686
2499458864,18.202701923257713
1933518550,17.888421039226294
2091210382,17.803996440114894
2500243340,17.751911199715188
2092932582,17.58408875366572
2502146201,17.57423654590106
1433219630,17.5476306956573
1879154971,17.2015630074821
1879189223,16.970614845931404
2500848271,16.860502676351153
2502318014,16.804033766193925
1930192312,16.743177936903493
1880504634,16.730374535657337
2092860551,16.719132673815643
2092019875,16.713302448832625
1931607622,16.50886761841012
1880454443,16.3924167349414
1933516751,16.33210979843044
2092908945,16.326092611080266
1880483700,16.26099602450575
1879190432,16.246537860692385
2501820991,16.234990056005092
2502802372,16.222843014161555
2092907515,16.196885640157557
1880473641,16.1320111354698
1879909085,16.1122649240153
1879811650,16.107558482197717
1434474163,16.08701559030201
1930231971,16.0750265964202
1931691327,16.0199988708426
1880511635,16.001145213318715
1932611027,15.97445263690387
2091201120,15.919509244065726
1879206022,15.893857106265283
1932476351,15.84465513969328
2501843601,15.843077633586802
2502775600,15.757971143423884
1879811890,15.668977487886234
2092777021,15.53294857935582
1932556122,15.486099490050048
2501209115,15.45076998571546
2502469740,15.246177975792207
2502502294,15.242611366796487
1933494805,15.105936454711223
2091961791,15.080338559559763
1434162980,15.070677932089238
2499249480,14.977534306737603
2091975120,14.964090150464504
1434531197,14.930555390737823
1931001041,14.898749758802571
1434278044,14.878481984347534
1879889052,14.843897024656833
1879773570,14.840659937890653
2502376575,14.758384779437906
2092896782,14.741449545308406
2500253524,14.735797104246124
2503076984,14.677909649445638
2499716555,14.56810319082198
1930937403,14.457853729950877
2499396915,14.444758440954491
1879147434,14.42984707943781
2502858837,14.424757798716925
2501287882,14.378947610670274
1932582351,14.313640710322687
1879237145,14.302709367236424
1930249271,14.297644428760865
2499257222,14.290292521979675
2503778574,14.194854103561823
1931617462,14.11638776175506
2501728871,14.101782829747183
1931640135,14.025547303813411
2091977392,14.01266926299899
2092931571,13.974325613086474
1879143971,13.89133826303443
2091957401,13.811342253721204
2092082737,13.793758907117986
2094684312,13.786153180521243
2093088457,13.785029056363822
1433697001,13.765061684500651
1934303325,13.750886086281305
1879894710,13.717136849474903
1879125695,13.691101628654849
1930979633,13.677617643683453
1879152944,13.620165449372411
2501409150,13.618825435200467
2501690062,13.613953726100192
1879207707,13.555128891323335
1880476520,13.523107327786004
2095412565,13.519731709205978
2501780115,13.509467475626447
2091262507,13.491926639352034
2092858435,13.471822347691194
2503779154,13.427843747209206
2095382143,13.414689718598217
1878587053,13.397025137872799
1880509377,13.371742389734948
1932627120,13.313362036228165
2501094995,13.304856367051947
1879807244,13.291244020498498
1932606413,13.202370181607005
2095352751,13.167174503660933
1933585211,13.158431771015362
1433263520,13.154880953852729
1930168374,13.149160294834395
1433733834,13.121089635783322
1880508490,13.066049724593372
1427652811,13.057184626484947
1879903312,13.029268229692407
1880483995,13.011904099329797
1879161280,13.00701403480722
1930984701,12.983685182659304
2501197010,12.967353606505965
1878603877,12.919144077390357
1930148935,12.869438501265652
1931656005,12.840437477756826
1879795681,12.822626634112986
2091199193,12.80184475532621
2501854321,12.76505554007003
1931633804,12.739555988689906
1878603172,12.718829452325068
1930945727,12.701505230009813
2093053971,12.633427606155308
1930940712,12.626949874216752
1932567225,12.6260129547588
1439377233,12.619444055982706
1879836837,12.574938648756085
1880490001,12.565058320685296
1880490507,12.54358806627214
2502105703,12.497830166057133
1879135213,12.473785724434075
1434471061,12.47031551154329
2096271871,12.464331626663455
2093074877,12.400015785937736
1880478483,12.302523275439771
1932514924,12.189908788218979
1879845685,12.153752260311931
1880456647,12.130015690904045
1931025780,12.11704389646835
2503872484,12.09747341139414
2502505582,12.020253334412146
1878595471,12.013948734116209
1930992352,11.97036447774397
1879855724,11.89292947441156
1433452523,11.880151605210294
2500362523,11.868583140236984
1879169507,11.806577515030348
1434508174,11.792831576648911
2502676583,11.777194801725436
2501979142,11.74837954615597
2499230603,11.691335722999032
1932510763,11.651352682283552
1930933573,11.647168392530784
2502267942,11.645256476440665
1931636420,11.636146418346426
1933494711,11.615424806742668
2091253857,11.608452275010192
2092912684,11.585054484052158
2095433443,11.541280586403008
1930954015,11.540223782153461
1879839430,11.533585725346901
1880483660,11.510759400098898
2501661824,11.474083025881228
1932489561,11.464863365764034
1879146547,11.453942045464082
1434250440,11.439719958091167
2096271540,11.405152615977455
1433063880,11.397897689970021
1931643017,11.356335464955427
1879775944,11.325466230310358
2092902047,11.307028959168772
2499405205,11.280425648136138
2093896111,11.261013374230256
1434384562,11.234229342779585
1930968441,11.218111942713978
1879808712,11.182049737666933
1879842675,11.17021031168239
1932541354,11.166632535888281
1879154335,11.16306922769154
1929303183,11.160310577034018
1930949107,11.137674095279893
1434206133,11.115697110458463
1930975947,11.092990605809408
1434304104,11.034462287037753
1929315913,11.024626153014417
1879823771,11.017924147240198
2500793294,11.013506994121613
1879793953,10.940678028121855
2092874561,10.939744236691059
1879157904,10.911537896399022
1880443787,10.898287206405566
1879791133,10.898186639047186
1879886464,10.884968680021768
1427595804,10.884561973201064
1932519405,10.879235618331691
1879881134,10.827972291468338
2500293600,10.807672883191582
1930197052,10.78075274147955
1932634055,10.780582578263575
2094552514,10.755449511571095
1427722133,10.712622194026647
2500900994,10.69004509073563
1931589363,10.640607760858755
1933564375,10.62559251970267
1930148543,10.60512166098426
1878580747,10.585803053261804
2503916172,10.584882097068716
1932623811,10.571016301855366
1879232271,10.566045687096402
1930241843,10.539138090312798
1880526177,10.510058423269838
2499283287,10.497746493149155
2092064384,10.488045113197474
2503722825,10.462555278544766
1930940603,10.448568624431237
2092761487,10.437616064117393
1434197324,10.425643987238981
1427864823,10.418118599247332
1932639853,10.397581102744915
1930216045,10.387255941793047
2499499890,10.376281456767042
1879795914,10.37109861327666
1879843095,10.354084469944492
2093086613,10.322969804855454
2503922830,10.321118396525854
2092836372,10.3183431209671
2501447114,10.290052640664456
2499223451,10.285666279707256
1932505457,10.246854365021928
1879222605,10.226023141512245
2499291103,10.207632471591436
2500327027,10.200749129801157
1930976787,10.172976405445466
1879853294,10.166284690428437
2499576032,10.130632095336745
2092842911,10.109522434832925
2093981553,10.108589915359076
1930152301,10.091625118556601
2503275000,10.082063072605099
2096208345,10.065003514505499
1931012001,10.058056400333879
2095444641,10.04294777389406
2502980641,9.993815426056997
2094582137,9.959326634679288
1932440190,9.937600709994467
2503554092,9.931273333243464
1930946377,9.897615555171136
2091951267,9.885483343200072
1933521451,9.878027891803383
1931001297,9.848573942418106
2093923470,9.818547518312643
1879891071,9.809775674982419
2095352311,9.802935111605212
1932563855,9.801052863514784
1879179333,9.800624139828454
2093010643,9.795090483856756
2091997783,9.749852044140862
1432603415,9.745160821789284
2499382070,9.733168829357794
2501015290,9.73245892878928
1879796645,9.719417650056807
1879176952,9.710308517119573
1879214795,9.698614887470562
1433352803,9.697400900507443
2503655660,9.69276265419762
1931588940,9.688025813645007
1879243184,9.658366525094682
2503419273,9.613032532810495
2092894141,9.610731206872957
1930934351,9.600170117786018
2502265414,9.52088446971566
1879183745,9.520210672679465
2092026415,9.463134004206037
1933493590,9.45043061687851
1932461261,9.44524308500095
1880452565,9.434191916362362
2500744904,9.412351803039412
1879798201,9.403635591255814
1931028313,9.336595539909487
1932460174,9.235672890575076
2502529801,9.208519388411373
1879150732,9.182009065378509
2500869874,9.170083929413439
2503427920,9.16338908766692
1427784422,9.161815177836209
2501599404,9.153272950449137
2093009913,9.138382851656226
2499833534,9.128829621249148
1879811465,9.124059291378394
2094584252,9.100672168102758
1433025417,9.097097563429678
2091273977,9.086102164725267
1879149213,9.08329385503289
1931594822,9.07790436355895
2095350227,9.065803387151496
1432715841,9.03354437909015
2501355724,9.024204761479039
1879895723,9.02394308614708
2092076503,9.02062994159649
1931608607,9.003204932783024
1880513295,8.998105551727763
2092948962,8.983224448868846
1880427754,8.950974894757715
2094616831,8.933667509748595
2502481820,8.890913957998322
1879865350,8.870204398824303
1432959657,8.827845121684664
1879826951,8.821919231218246
1880495650,8.815821797468267
1933600554,8.809318582602781
1434760937,8.79647708733755
1879207954,8.78676458408163
2094632982,8.779135385730026
1931658407,8.746519614254042
1433781027,8.720841140763008
2499305347,8.704345944939805
1879156917,8.679367601400692
2502838235,8.669266253433133
2503573112,8.66332644625411
1880488220,8.655705529650017
1433313887,8.635909083508924
1879814690,8.632064510325398
2500829670,8.629292887226633
2502501430,8.56035671954545
1879858492,8.555959642144476
1427772923,8.553486681315599
2502403510,8.525954737276466
1933569752,8.52163183384926
1930954477,8.512545682276153
2499302703,8.497677512069806
2502792727,8.497123438206703
1931672455,8.49482764970544
2091188577,8.493059049045973
2095422875,8.471688162921284
1930986841,8.47160359282264
2094558563,8.421743588366036
2092895481,8.40748057786599
1930960880,8.401800647437486
1434452880,8.400984400280112
2501573564,8.390838920752042
1879156897,8.38508136129078
2503632677,8.37727296211872
1434383341,8.375905183984136
2095467261,8.3678987828925
1932622561,8.34297009855283
2499543057,8.336374341892524
1933587081,8.317105072519286
2091223811,8.317003611461448
2501418171,8.310058183053416
2094597364,8.303013544354929
2093060064,8.30252360499762
1879172691,8.285936059475286
1879842813,8.26202199237688
1879178187,8.239930611198483
2093967565,8.229403745039015
1934298653,8.197996652400942
1433881343,8.182815263492513
2093956967,8.151490538632753
1930203205,8.135761529587047
1931617017,8.095357193512319
1434221201,8.066087177921618
2095409650,8.054553216252557
1931588942,8.040815865784062
1932438022,8.027682282590622
1434068273,8.027543614094826
1434687635,8.027350703981387
2501456512,8.009681844957539
1434339160,7.979175970712909
1879227840,7.943182415062662
1930939077,7.932003231191272
1433144307,7.917019462136473
2503396477,7.894507020961322
1879840945,7.8896474941162005
2094621957,7.877476853547327
1879906943,7.841251409370848
2499238983,7.8405954821160995
1879224101,7.808997429565368
2500265754,7.802420513320632
2091271224,7.76773088794154
1931686503,7.758182951657098
1439482372,7.746579030752868
1879244284,7.723485755572579
1879149390,7.693101286400654
2502386213,7.6840906763531525
2093085411,7.636252565896109
1879836814,7.5908757725908895
1433177945,7.577828549378399
2502292901,7.5624210846152256
2503826374,7.550226019904512
2091973117,7.5467107113840655
2499434797,7.518925527702237
2092937533,7.518432832522341
1880517807,7.5169600271281976
2503584952,7.489123844484673
2091186777,7.472031904235239
1432707775,7.445659790603919
2094656613,7.410661460436417
2500221872,7.404219940428675
1880468610,7.397341981392041
1433603200,7.389691099061746
2095399191,7.387032926558781
1934319970,7.386288128612643
2093960770,7.355062891109439
1932608894,7.343764822808727
2093946341,7.329182362875278
2092922593,7.322871200435033
1427816602,7.2676116865633045
1879800564,7.257530417145498
1933575795,7.248054487365475
2501412210,7.214600407381237
1931679275,7.210797812018745
2500325924,7.200229910309707
1880533831,7.168490155405269
1933561165,7.1534612028627595
2503382911,7.133449644611124
2502113181,7.12588063573353
2501120651,7.071562683569317
1439358383,7.067106542914274
2092878885,7.034332347897359
2093876592,7.0319451413089356
1879847252,7.027473722387397
2502582172,6.982028038251533
1879138233,6.981344708398483
1931630260,6.979755233101293
2503744012,6.967442884844244
2093042550,6.966324718553128
1930201942,6.956721358396549
1432633344,6.955380323981762
1432637681,6.930125982062259
1878596164,6.911717162088628
2499244132,6.856638626636752
1880481975,6.851295627942603
2501835781,6.824468638549373
1879822001,6.820036222722193
1932463507,6.781869852607679
1879859474,6.77934995315881
2095392243,6.772342389983827
2501716040,6.750831903154886
2091950073,6.747858832922452
1933579024,6.720179723690924
1930991267,6.694591125319024
1879802412,6.663181999627138
2502277934,6.645412791638291
1879771185,6.625949666953975
1879780801,6.620295649303818
2501499373,6.619318627328914
1879813337,6.614920750099879
1879181184,6.579120875423106
2502208634,6.571940889303814
1931600081,6.501220213943487
2501326262,6.486972152597794
1879773543,6.475906554318414
1439321142,6.4664214484526426
1880448233,6.402921634554689
1930229253,6.3898560216926175
1880527951,6.389005797476202
2503500327,6.383260810867186
1932568195,6.378687385402024
2091949710,6.336489287072375
2093905673,6.303669399441766
1879815904,6.301308978453057
2500453793,6.297069174664675
1880536181,6.283262567121989
1433958992,6.276563652049724
2092091040,6.271001279166626
2092887923,6.262960035703759
2503549720,6.257816025438667
2503588050,6.254566173562641
1930969434,6.243461993516485
1880533182,6.227576508440807
1434293665,6.2155089446974685
1879149283,6.147418903043789
2500746960,6.144393645422086
2501652962,6.141205831634058
1932472671,6.133876908977463
2094612804,6.121688754045499
2503833490,6.116304472340585
2499205031,6.113062072170587
2093937187,6.106782551147681
1878597327,6.1021704977863
1433755423,6.101557716630349
2499370034,6.092379042587329
2499818804,6.0892127473328665
2092848397,6.052811390083728
1930207455,6.052207264594095
2501040175,6.042912963945962
1433630363,6.042096348136274
2095384984,6.030648141464502
2499552207,6.030569083387663
1932573783,6.025698217423944
1880518571,5.9871210105125945
1433523485,5.97039553042367
2503151560,5.9652813753377085
1879163794,5.953176787602731
2092007703,5.948821030410475
1934300257,5.943022608312465
2500399293,5.938655325389503
2095392045,5.929590538368464
1930939857,5.870150562487974
1878584235,5.8622799010380024
1433430875,5.856405215289742
1433467521,5.818083189273134
2095416015,5.8119412529147505
2094649620,5.77982860135652
1879825524,5.756422011539605
2501800415,5.748548092332154
2095429141,5.729635878901833
1933581352,5.718591472776566
1427820455,5.716741021740915
1930200207,5.715878881780471
2503187830,5.714704282692914
2502123624,5.705798564378979
2501471075,5.69942619329725
2501722000,5.686587549750078
1880531015,5.6761660647358525
1930959933,5.67436427330934
2501886724,5.629756065381303
2501686583,5.611399201903235
2499828202,5.609052139755267
2499531205,5.60158936605152
1427705930,5.581633135481574
2500980572,5.579416783985147
1427611500,5.57105930887912
2502287237,5.523081367572531
2501651352,5.520832271690155
1879823803,5.496075373597191
1879855563,5.494366011053218
1934319462,5.488403306865768
2095358872,5.47224530453746
2095422180,5.464768018317767
1879782824,5.446644875988063
2499826432,5.445967514937035
2095370287,5.413428417720349
1931664417,5.398270371218292
2500433831,5.373390319803742
1433378440,5.372090934241465
2499667832,5.372072682629754
1879202085,5.359171048077434
2503371853,5.344451192219866
1879202681,5.312924917165223
2502636654,5.292075042024493
1878597701,5.288174962603552
2093929672,5.281065657809158
2092997547,5.2801945443805325
1933523414,5.279598575523125
2094633064,5.238787806692796
2503100674,5.232175587796719
1879243697,5.20980099821689
2502635175,5.154312381497183
2503719523,5.153137967930127
1427839717,5.137247786032249
1434222243,5.13136522403665
2503523992,5.126116097107699
2501052531,5.111337931653896
2092080070,5.110161956835914
2500102190,5.068168190220709
2503876297,5.002639697260465
1433714624,4.986674036974108
2499762194,4.984139016102269
2501957217,4.983434864952649
1879833267,4.978098943258349
2092840745,4.963787841377897
1879149223,4.9392427524830556
2501296824,4.92115286814353
2092928521,4.910214741530789
2095398655,4.901868014081083
2499330552,4.896760215288759
2503786723,4.893424581599978
2095340617,4.8826261293048905
1932612563,4.880377746905431
2503700332,4.871595557801285
1427732714,4.856469087145966
1930166677,4.856056455119398
2503380831,4.853595048596461
2503404540,4.852128461243911
1930246051,4.8408417761744555
2092925813,4.837886036974011
1879787050,4.836387344743024
2092886003,4.824844959078903
2094643294,4.824737362368449
1880526614,4.8077920917908905
2503538754,4.807526596820601
2091197315,4.796752989079362
1878601460,4.732705257664579
2501044013,4.732094495747378
2501745474,4.72911711471773
1931608954,4.728018341735645
2501095202,4.720463961318915
2502781272,4.720185436386481
1931665035,4.65563816179861
2500219720,4.649401533701128
2500150361,4.6487105078729085
1880495803,4.629347325525943
1932483774,4.623868366936364
1931022664,4.600152726813805
1879208903,4.589213586474708
2501788375,4.551793437099146
2501729072,4.546081805709051
2501621443,4.545571571165265
2092060795,4.535350891155205
2094549637,4.5237402904383215
1433991732,4.5093960797859785
2092032733,4.502467416462297
2503921877,4.48661793111807
2503747972,4.425699055479724
2503114182,4.40090879978445
1878584871,4.345571091087925
1878589487,4.318937917727493
2500174963,4.315406164260246
1879823660,4.31488159949153
2092817663,4.312216250564868
2503770674,4.302775107621062
2503707324,4.295214416192903
2093866991,4.294562902573624
1879792694,4.2923228798730495
2500212595,4.277657647511909
1879835704,4.27717986545878
2093943574,4.194813598055035
1933530140,4.168078023123448
1930998551,4.1596478358184426
2499296120,4.1574719578939145
2093940160,4.157220861389376
1879776741,4.149191078824409
1878582487,4.143226585294336
1932531327,4.140640076242911
2094686062,4.136909000627744
1433859440,4.125650346492737
1932490153,4.124143664429252
2501098453,4.123397539435104
2091194191,4.120337023817632
2503129437,4.10863517565004
1932545561,4.102021977564448
2499500162,4.076360271144164
2092806583,4.07283901175113
1878601002,4.071739987601973
1434432584,4.069225054110104
2502129845,4.06861843997386
2502217212,4.0681864338727465
2503570454,3.9925235051757677
2096222302,3.991858145045275
2499247044,3.9917264350068606
2502130954,3.987542410639998
2503638610,3.972598233252719
2499525472,3.961906050244009
2091981662,3.9421057263113832
2092853552,3.9314158240762067
1433101515,3.9187138466613542
2094584945,3.9110363954482876
1930195303,3.9086745606525133
2503564650,3.849979029226313
1879842480,3.846080442578967
2503439794,3.7968333762553423
1932540173,3.794637185894464
2093946140,3.7596538279284397
2092866367,3.743158456517881
1931649310,3.741717009744886
2095485540,3.7404319412536813
1931637655,3.7337348764840126
2501143594,3.7200095891752962
2094564307,3.7153413670435365
2091268024,3.710146263210248
1433589300,3.692702557105772
1930973711,3.690596881958299
2094672883,3.688459151279909
2092752310,3.6876836837545106
1930142043,3.681378003776037
2503892845,3.673726251425066
2502096030,3.663998023270379
1933555542,3.663993944781488
2503031734,3.6415662188012448
2500390413,3.63425919583666
1433061381,3.625990218068167
2499624740,3.6232292887584734
1433271214,3.6085087074048476
2501016970,3.605257487631752
2091278312,3.5966602679091633
2093918845,3.585586286557656
2501063052,3.5790130887363905
2499308242,3.5703656229634437
2095368807,3.5393304112300163
2501199145,3.536959863656259
2502823810,3.5259632133375467
1931610084,3.5228734072786234
2095336380,3.5160454493184217
2499416981,3.500409576659686
1433466075,3.4809410699881997
1879877182,3.4780617911754277
2502943682,3.473910255111608
1879863864,3.469498159099115
2502617040,3.461686093383334
1934303255,3.4068614442330034
2094623015,3.4066649110796274
2096268040,3.380403535285292
2502510802,3.355437552152683
2501575212,3.339786010416991
2503009400,3.315493638520646
2502282840,3.3012711801764874
2093969754,3.267585572666335
2092918933,3.248503569935207
2503034700,3.243508544790716
2503702802,3.2034668176370316
2502520590,3.2004705372958577
2503125171,3.19384657655927
2502286981,3.1911968209199095
2503653185,3.1904788718684394
1930964653,3.185572868703092
1879800233,3.156922234104792
1932629821,3.149599253964384
2093049863,3.128535452842536
2501987473,3.0806689599858124
2501244800,3.0741728705564864
1434235361,3.057297841186959
2094634993,3.035333513837129
1432823653,3.021581622843568
2095394617,2.995337629124111
2502401707,2.975268152149893
1931021600,2.955093656691176
1879858124,2.9384069872336767
2500561363,2.9196752076604406
2094576674,2.9113378818206304
1932504094,2.9050510959179285
1879889037,2.8754510952672176
2503056204,2.8681288210004467
2093072843,2.857442482184779
2092922107,2.8466407835300718
1879847007,2.8348363502822442
2501320055,2.8328920091777623
2094687982,2.8248591175421476
2503096674,2.811472605621133
1427602581,2.811309593741285
1879182725,2.8049271284024897
2503160971,2.802255441740683
2091225392,2.8007360215830692
2501163810,2.8001282400580245
2501883342,2.795895971509989
2501226367,2.7903956392295406
2502110792,2.776451659595936
1932534517,2.766712974063258
1879248523,2.762787399377345
1879177281,2.755035819114901
1879866257,2.726881738549929
2092892851,2.725768823162464
2502932442,2.7223422245319036
2091947402,2.717691783918508
2502214953,2.7123019934951813
2501937211,2.7096190107009845
2095482085,2.7069490014309308
2501802401,2.6976590154161966
1879829071,2.6832081988471743
1931689215,2.678504176042965
2095434701,2.6783377010694824
1930150194,2.6771571700406644
2093858032,2.6740657283707354
1434601634,2.6724320638966708
2500640503,2.6646317018277297
2500838150,2.6597248097562343
1879888110,2.6379062101908346
2091990522,2.6025740733668825
2503442302,2.5820422498074835
1879850674,2.56721530538217
2092800062,2.5581442864213786
2503346200,2.523482053286404
2092038522,2.52070896758603
1434636037,2.4987282902785597
1439375154,2.49479560924154
2501409181,2.492128723974858
2502125320,2.4813188931406183
1433277003,2.4763956148991233
1932506461,2.438360242270562
2503373132,2.4367197339161084
2499581512,2.429007440267322
2503793365,2.4184038403900745
2503006452,2.4002685111426074
2092080571,2.3963373421147103
1934297007,2.386885767118282
2502035962,2.3722152457414287
1930950830,2.368116101070439
1433936424,2.362863032972381
2093011210,2.349620252516098
1879217553,2.3345745645962452
1931003510,2.3316196308868524
1879237643,2.2848949940714642
2091246440,2.2780257447505714
1879902430,2.2748873815912263
2093011495,2.2641512480199055
1932555224,2.2454348457307427
2502291050,2.1816295046960157
2503774534,2.175171661064206
2503374124,2.1626443238428563
2501155181,2.1492044402226993
2092058544,2.143643366012751
1879214501,2.1366969812462715
1879138491,2.1071161581551587
2501761493,2.1037359412809717
2092895213,2.094988907240767
1931642065,2.088245050161635
1879175273,2.083372518812332
2502245990,2.0683447304720572
2499255770,2.0637951295369668
2501643600,2.0431879484790243
2499489561,2.037267397711183
1930197437,2.0207615038729165
2091188353,2.010537463553217
2503869741,1.9981872133195702
2501230707,1.9932969915113525
2502093972,1.9717496303954345
2500736950,1.971329714001904
1433703774,1.9690093449270987
2503261852,1.967115268124929
2503242567,1.960922812935703
2502459502,1.9337668229545324
1879178394,1.9292168272248449
2092965332,1.928712835449948
2092776380,1.9112431133378056
2503506700,1.908230624682723
2499605735,1.8908731888448354
2503315264,1.8858925769990011
2096259373,1.8820388128698835
1434094101,1.8740408801232151
1880439310,1.8661452084757084
1933501107,1.844506395526146
1930989237,1.836406833763962
1879791237,1.834180416289036
2499712482,1.8332446802227582
2093856124,1.803635862663484
1880479131,1.8018965657392116
2499655397,1.7855549911058675
1930993880,1.7778608898074355
1930961914,1.7684130909783398
2503534702,1.768340664829702
2501089503,1.76494936473401
1933549545,1.761000693073746
2503025170,1.7593619674470782
2501216275,1.7444654184001054
1932457174,1.7408909416022214
2092842645,1.733418482901773
1879822264,1.7314173321593211
2503887320,1.7287271385622471
2503665651,1.7193715979969264
1879794502,1.7066916426286127
1931625055,1.691912523640219
2092990864,1.683714196750277
2502267454,1.6622668689157598
2092856014,1.653662080098457
2499259304,1.652343582136639
2093001787,1.649558313678241
2503931750,1.6347024884310901
1879800210,1.6247254111921574
1932566195,1.605375419304326
1933492860,1.5879738106278687
2095365654,1.5843207226822327
2501677534,1.5799747607888892
1434597257,1.5730858882314822
1879786804,1.5700374727229172
1930940280,1.565379684790339
2502542662,1.557291328173746
2092799007,1.5346716787531764
2096253487,1.5192795687184597
1879130510,1.493397752951589
2096227567,1.4900588948897837
2501241902,1.4847867949743963
1932651147,1.4787865150255242
2091180663,1.469404044741172
1879911255,1.456568765277197
1930966252,1.454459746334718
2502107004,1.4518556294289056
2502367164,1.4434787951932169
2500202283,1.4380936148273262
2499299800,1.4241098524671354
1879832213,1.4215393396531633
2093080013,1.4165890953855156
1932535815,1.4088020361619307
1439334713,1.4063154236797781
1439514351,1.4028260044318186
2503273580,1.3899736346181835
2502183104,1.3887276113868912
2093960557,1.3882369915647725
2502042364,1.3873273431958173
2502308657,1.3865323644779846
1439411820,1.386214648973476
2502581142,1.3631621045034898
2502617454,1.356221247433133
2091230624,1.3555497695385315
1932582531,1.3534691333268392
2500916855,1.3407516065529739
2092934154,1.3326352212418378
1880488002,1.3172124677337675
2502694877,1.2803977377835718
2502246510,1.2757696966076517
2093943622,1.2562930577082763
1931006080,1.2365873434461718
2500371823,1.2156044335128289
2091237282,1.2092852320687284
2501503601,1.2059755542003108
2094668963,1.2027565123029305
1930954185,1.1663098863799464
2093911237,1.163560882968507
1930928765,1.1626714579617343
1932653744,1.1255637524725421
1930172982,1.122091133106312
2093945075,1.1168597082979261
1878586150,1.1136099282429215
2501183215,1.1117628003625128
2092954843,1.1106375652191083
1930180330,1.1098803708471234
1931641962,1.1024041898745467
1933570641,1.0940502038195221
1433177313,1.08821348717407
2501404785,1.0818063822589712
2503345752,1.0806924634747865
2501819262,1.0804302249743807
1930212161,1.0803618403312854
2503362361,1.0742004685222324
2503768161,1.0728118742019714
1934306281,1.0720676528291673
2501008205,1.068679934684023
2092926813,1.057631029971918
2095341063,1.037335322854742
2093064853,1.035865216472172
1879224335,1.031234779502204
1879887370,1.02998029424609
1931616884,1.0244141843842862
2501065732,1.0243493982728291
2502490110,0.9926982182788902
2501573705,0.9891673718941452
1930136852,0.9737723928789271
1879164957,0.96035578199183
1880545253,0.9589675794703112
2499206293,0.958268516246287
2092860614,0.9553787646631055
2502887135,0.9519995669743222
1932600585,0.9480924023405374
2093057597,0.9474718352476741
2092973252,0.9471114205983044
2502159035,0.9454365969834582
2093053935,0.9406411534712684
2499655133,0.9356407419930284
2502339012,0.9155541951358939
2502313740,0.9135682182267224
1433442071,0.9101155498873532
1432845141,0.9096286616264995
2501621927,0.9054590482652158
2091186947,0.8821661955843303
2091982721,0.8666574047899349
1930147935,0.857598636187597
1932614251,0.8466544266727573
2093042637,0.8464716070306535
2093005667,0.8244646568658448
2094669691,0.8097047815829116
2500266087,0.8087574904020786
2503862154,0.795464801985288
2500465907,0.7818632747899671
2502723321,0.7734363545295677
2499441582,0.7566765763774841
2501149074,0.7503683796513652
1433871525,0.7445847471542231
2092922897,0.7387454804239864
1930973980,0.7301538796573583
2091186867,0.6974685167379765
2499645960,0.6949498593233688
1879211333,0.6805281268229671
2093922924,0.6742422233674791
2499225637,0.6613015324732607
2499729902,0.6586407251327122
2095492575,0.6494552395097845
1934307945,0.6480648297285774
1932591405,0.6472952902330434
2093977123,0.6423974749799455
2502528323,0.6403736537834509
2092993380,0.6375478155550489
1934302351,0.6315143039954884
2092786760,0.6284180117883553
1434204871,0.6232738052844191
2500972741,0.6181262991672478
1879780590,0.6164901237661653
1932468557,0.6080080698668998
2096230544,0.6006994769346286
2094616277,0.5760157112177919
2499284220,0.5620524316769813
2501276130,0.5619870327528411
1878592094,0.5593178785292343
2499802124,0.5493880582867373
2499772990,0.5440404363021891
2503320787,0.5348031407085535
2503743230,0.5253243174873531
1879835164,0.5207036562027083
1879159263,0.5198142095569842
2501240590,0.5101660792005661
2503197992,0.5098877085135388
2501169814,0.5080754533605919
2503244174,0.5063057312841899
2502636935,0.5038420978063852
2095413893,0.500654080515977
2501775000,0.49380521787188525
2500296344,0.49294086475467136
2501969041,0.49291575039776164
2502326242,0.48950005620169845
2500103064,0.4818746550490669
2501876944,0.4677244592326137
2499591744,0.4598588647638893
2500809400,0.45877271633783734
1930174271,0.45818380975146794
2503052112,0.4528500147934823
2502397084,0.4489200422943967
1931020402,0.4454898480900932
1879831903,0.437561899236147
1879176623,0.43255421422364304
1433199633,0.42475971238969895
2499588640,0.42423234999153414
1931594537,0.4232235829460841
2503368450,0.41392485786199706
2091224802,0.41118249428308246
2095439572,0.4081401932388886
1932499717,0.4075923836154361
2503608270,0.40402843342446937
2500948187,0.3860213700254868
2091988012,0.3835837832729467
2502296224,0.3727039559746541
2503718010,0.37047682217455646
2503819890,0.3644238945997898
2093866724,0.35940715972862136
1930247677,0.35539752759356374
2502636050,0.3553651443554036
2499313540,0.3533161628133599
2096279842,0.35188726996410624
2092773853,0.3456673324392753
2501450034,0.3430764577302793
2095451137,0.34147278667775927
2502319740,0.3151964211615013
1439659294,0.3114372562823243
2500895150,0.304952967586038
2501692424,0.29624405515565333
2499689664,0.28671878322696254
1932629640,0.25508515968452167
1879171031,0.25381808973282927
1434387020,0.23821960074000587
1439408447,-0.18730143933492785
