user count in community:321
Topic id:1,Representation:0.24743422848569777
userid,score
2502609604,1.0535042276518936
2499385204,0.8685350791854299
2092902691,0.8380441479060119
2093035280,0.8143181806869745
2500241810,0.8013702998223177
2502164570,0.7707715609778183
1433294104,0.7634642997249931
1930247330,0.7556900638108958
2501840167,0.7437055281366219
2502584224,0.6953409530448166
2502374653,0.6950948515937664
1930182193,0.6928679958311622
2500202173,0.6590914091923646
1931589695,0.6440524677546371
2503361553,0.643619465893586
2501995297,0.6096711606463185
2502695253,0.6043063739777383
2093000111,0.5921648635084468
1879141267,0.5861166810403763
1879149994,0.5515086893890221
2501743942,0.5493660687163407
1879151463,0.5482442413005489
2095364637,0.5376143405130233
2502035333,0.5290288735003161
1880517155,0.5258427719787628
1930150663,0.5140811924966494
2094578173,0.5117694795804184
1879166473,0.5100398320342846
2095336313,0.4977756291754037
2094624744,0.4968118931114285
1879246662,0.49426836221929416
1879856732,0.49181549924437457
2499367001,0.4899632595701382
2501951010,0.4809975598635444
1933503461,0.4763553431081467
2499886517,0.474938603098536
2499568820,0.47371719311509863
1931664345,0.46673919070664166
2092857225,0.4653981667181687
1930957921,0.46509548970412773
2499597587,0.463475501856694
2095398862,0.4614761392126396
2499658284,0.4546663300022735
1931617953,0.45279388843313895
1880543673,0.45239788016483545
2500125562,0.4482289291904159
2094604660,0.43902613639216115
2500674190,0.4382288064230241
2499894410,0.4320683518011847
2499406734,0.4296675257543447
2094628125,0.4255885223552354
2502212964,0.4149245923753049
2501547482,0.41390589636366437
1879773915,0.4135988921129119
2500642921,0.41278129390165086
2501423727,0.41052893735854024
1930930335,0.40791731831312356
1879137877,0.4074648935240411
2092051533,0.40592064166866526
1427801217,0.40018927075632255
1931018942,0.3977286154876501
2502932734,0.39618693734135596
2499273574,0.39467152538364825
2499256983,0.39286455189170943
2503283747,0.3920544110612753
2094677051,0.38563984083300956
2502116391,0.38375883401975835
1880520612,0.3818563677547084
2503607053,0.3808075590306999
1880534100,0.3767911092039141
2095468132,0.3744099249172757
1879865277,0.3731950781052492
2093897572,0.3730144390233636
1879199300,0.37116210111899045
2502954552,0.3697679654311901
2093889411,0.36746675449423133
2503706070,0.36517601592251436
1433281792,0.36290763573503915
2499630991,0.3625747915913447
2500270590,0.3587215076744042
1880514172,0.35423345892801833
1433471714,0.3521056312964838
2091246527,0.34918814191728853
1879195423,0.34823614280000675
2502196083,0.34499650703058193
2092877171,0.34449604199152545
2499636982,0.34184229254304394
2501702960,0.3372356452826088
1879897133,0.33522443238900895
1929304783,0.33468607027124475
2503491790,0.33458013704781703
2499313213,0.3341213041783009
2499672211,0.33346651725153637
1932529823,0.3322929424542973
1931659025,0.3293269618893092
1879794645,0.3275264374232274
1931650313,0.32699854179435384
2502445865,0.32673460910989055
2499248263,0.3264354326966397
2503257202,0.32511607666447756
2502018237,0.3248314873743083
2502976484,0.3220293882012881
2499760704,0.3175611808488164
2502098144,0.3164141338537332
2501601321,0.31627015732078895
1931645613,0.31394233652945597
2092756445,0.3101902318320511
1933536007,0.3094634037032827
2092760521,0.3047297746087079
2503167024,0.3028897066978044
2092016803,0.3025942398602628
1879234541,0.3019007705221081
2499205004,0.3011175787566919
2095365674,0.30054407219778956
2502109890,0.30045957799247075
1934320773,0.2986997724311996
2092809433,0.29819847320692616
2500271721,0.29799492353763274
1931690022,0.2960416172825085
2501495104,0.29461733935536455
2091194817,0.29040265998492804
1930228604,0.28816226643079074
2502448472,0.2871204924586514
2093930480,0.2870515382337762
2499706644,0.28573067766267135
1879217220,0.2842919537597295
2501417192,0.2834800710181401
2503409892,0.27922032559258386
2500235942,0.2732291131164195
2501655165,0.27022228175792257
2092085424,0.2691352751616256
1931001532,0.2688052694911049
1434587547,0.26840946957338335
2501678964,0.2678739636773482
2503075752,0.26760682319751317
1930195061,0.26664596766421145
1933506255,0.2655035250631941
2501465580,0.26408359848976004
1932576243,0.2640136776720114
1879777241,0.26400014349832857
1879826574,0.2626699185403338
2094636912,0.26108918814282617
1434434673,0.2592209231110481
2096270713,0.25901045380421506
2499257642,0.25513192640262017
1931008895,0.2539703451332243
2091184385,0.2533124482841088
2502789243,0.2520453478304873
2092006852,0.25157919286027525
2503276922,0.2484403648630034
1930977571,0.24641852680524426
1433121964,0.2454184129687198
1878586892,0.24435454124772765
2501315301,0.24067206008628936
1879768950,0.23783599188117924
2503549912,0.2363431906963475
1933520017,0.23573311063633742
2502949832,0.23342904562189873
1879246941,0.231438040441886
2502282900,0.23106781943733817
2502781277,0.2307688802966331
1879151613,0.2301641071314954
2499487050,0.2301462496752089
2499511232,0.22975207186480484
2095365521,0.22643924821231598
2502484114,0.2232377320913749
1433678592,0.22181807979816856
1879891652,0.2199896942276772
1933526775,0.21848541234227944
1930161347,0.21306281718406075
2501419345,0.21053826592359257
2093908291,0.21045970626330168
2095440244,0.20901619996031595
2096270973,0.20849266961928295
2091253811,0.20450339079354682
2499623642,0.2036359914462516
2091949285,0.20112500788253207
1930195414,0.19810844307511027
2501179192,0.19642986260573053
2503883795,0.19346071131373363
1432895617,0.1933190915136171
2499462271,0.19119780369639838
1931639887,0.18838604966825542
2502150940,0.18676793188561833
2501233962,0.18667753577422672
2503420091,0.18323457376227947
1929310631,0.1815401405304457
1930158277,0.18135032693301426
2501365061,0.17891548534152416
2499301005,0.17747249894271705
2499233225,0.17724505032100646
1931666125,0.17667980765805882
1433267413,0.17276411893982493
2502367794,0.172171812901221
1880489702,0.17131106825856757
2500344960,0.17048307148016534
1878583253,0.1675897639582264
1930198115,0.16599224196280044
2093906944,0.1640285814615029
2091962437,0.16290860782812522
2501062180,0.16190557987711843
2502524632,0.16142425350603237
1879247017,0.16105608081802955
1879843694,0.15965340057735908
1879901180,0.15759605781397634
2500597742,0.1538320032153517
1930156457,0.15047122924640305
1879132110,0.14990169676836249
2500735704,0.14913375204889545
2501330450,0.14894618537389684
1932604581,0.1461633614371388
1879242762,0.14540426147223884
1932571975,0.14521886048501276
2503168190,0.1434415008162995
1931594057,0.1417807364543235
2092076237,0.13924593149991762
2501060657,0.13856798439449153
2091974890,0.13700357906951538
2501409341,0.1349824906903749
1879213657,0.13432647721930763
2502270430,0.1334223718916109
1930156655,0.13252545099582214
1434634947,0.1312529909805276
2093010572,0.1306634702760908
2502344812,0.12899908557238537
2502206924,0.12881063565332063
2502154014,0.1287430532205526
2096237952,0.1266449366888765
2092954041,0.126038540138682
1880465640,0.12573745117280063
2501868970,0.12411804543315605
2502013235,0.12111546022373869
1930220275,0.11958035699109452
2501358252,0.11877864363856211
2502208162,0.11856891581190687
1879823955,0.11808107617572845
2502383232,0.11710321529631779
2501876201,0.11563574436343378
1879822355,0.1151336325030123
2501008625,0.11485786683602342
1879903732,0.11402506124825079
2092852711,0.11069472866961937
2092782931,0.11006921794640642
2502247592,0.10993169323522659
2501625731,0.10978876731308422
1933510172,0.10885156030763112
2501214202,0.10766128497921255
1930179660,0.10555175375335381
1931623927,0.10333273489724158
1433320585,0.1031042779609818
1434238083,0.1025598448731126
1879194297,0.10133719772723332
2502957240,0.1012140057152998
2503101400,0.09516807933669476
2093056013,0.09496593667448781
1929313851,0.09420596579472017
2500370072,0.09280960153615547
2503671800,0.09167173071996518
2503048671,0.09160332459605329
2500238875,0.09155758744742001
1934294445,0.0915499274594054
1929314135,0.08816502972028761
2091963713,0.08591057635888674
2502397640,0.08591039778066309
2502261835,0.08578522937034974
2502353354,0.08471830493818379
2503127092,0.08406086846088785
2502260081,0.0835833206933536
2502735804,0.0833313233537198
1932580917,0.08284062759744044
1933589672,0.08095556800426196
2502484850,0.08051565099621928
2501834312,0.07821196877421482
2093089440,0.0769445594194588
2094559110,0.0754984733057898
2499223904,0.07547588009894415
1931595517,0.07522100432987364
2503376934,0.07485525916883551
2502045177,0.07482927046259735
2503262324,0.07457399523379889
2094562654,0.07430867269787493
2095403957,0.07277332583011728
2091271790,0.07197684289952223
2501452932,0.06880405945379788
2499276040,0.06779907405987647
2096246144,0.06739710357807331
2501409934,0.06735743593793199
2500532595,0.06542449167241522
2091229994,0.06515575993912023
1434304963,0.06501936192817591
2501532360,0.06364396159467169
1879895110,0.06321573930566092
2093878710,0.0631416425753178
2503785175,0.06255015035719548
2093889797,0.06174170857597059
1434397371,0.061239283468373484
2091284584,0.06115146206599831
1933585575,0.06042533862984335
2093085227,0.0599398508078261
2499806932,0.05924851327105044
2502014644,0.05762790701525605
2501742310,0.05751344774507917
1931638677,0.05750930050658341
1931646097,0.05534894369805225
2499255871,0.051560865681325604
2095459650,0.051481199308749656
2092016511,0.04874067231167752
2503891514,0.044541053403620634
2091223454,0.04391688964643181
2093904494,0.04201802094729037
2499229015,0.041407209046455604
2096199184,0.041032381959337255
1432689460,0.0377129928996621
2500230182,0.03376404058094391
1930983777,0.033520690266078394
2092893471,0.033184749694565585
1879802973,0.03218291538077739
2501775670,0.02661238418031725
2500253040,0.024459015689390805
2502467922,0.01956575812564016
2092092363,0.012174156062694024
