user count in community:508
Topic id:1,Representation:0.43407386084011057
userid,score
2502237927,5.501885169954849
2503325382,5.146870478772016
1434465884,5.081316731923184
2501931757,4.921735931169564
2503589981,4.904667624856476
2092936192,4.826470161294188
2503763283,4.562707094866838
1427823420,4.359317958125942
2095461312,4.350217019775778
2502041342,4.236031769853168
1434434457,4.12333196934268
2092832314,4.007525440705128
1934324023,3.965843648751635
1433621275,3.8310691108942647
1932450387,3.7062801930830416
1427778110,3.6848514658075127
2501698604,3.645464671355942
2501324422,3.627610068760522
2500702935,3.5686269590950217
1931622455,3.5429875833039763
2093087137,3.477764137522872
2501620755,3.459479233761942
2503718475,3.3874192162891483
1427589977,3.324772093963139
2499297514,3.314665408537887
1932532430,3.31427374908364
1434019230,3.292020090812518
2502575951,3.2547032297253855
1434402060,3.246530276110146
1878577927,3.239674545735633
1880472962,3.188649753168016
1932465310,3.1674905586793702
1433358522,3.1325592423314017
1434476397,3.124399746941259
1433392064,3.1136187363468575
1427790270,3.1035069096418293
1932596437,3.101081883950241
1880497674,3.0728371570905346
1433105404,3.0585861002259613
2502575757,3.0554076322414323
1434025824,3.045795206211146
2502170977,3.0233560708942364
2502433147,2.979754082860535
1879811951,2.9751069013473628
1427844971,2.9512348652787472
1930245727,2.950457736599079
2502096164,2.9418070191954393
2500446523,2.9169693693029917
2502355462,2.898738294487771
1879156082,2.898559689689076
1879823544,2.898365600654171
1433577781,2.897067639483529
1433595587,2.8962033842417894
2092913191,2.8930198184536944
1932637202,2.8691289172145895
2502024915,2.863952556520208
1879826137,2.835171265229059
2502881181,2.830217406203762
2502547051,2.811510268565932
1879876034,2.810178487846823
1930170433,2.808934988107959
1433669217,2.798045635438082
1931029102,2.795694260730033
1434527361,2.7949978287583432
2501275014,2.7709444863015893
2091986991,2.7536173798501413
1879804595,2.752253351834772
1878578683,2.7419269815990166
2500730630,2.7379967591887655
1433135582,2.7208051403422453
1432614015,2.7028006514182734
2501955052,2.6992946043303205
2500896810,2.6941243708965037
1434650910,2.691876430208783
1433027131,2.685262935085258
1439375430,2.6791040650750784
2500151964,2.676044334372622
1427733943,2.6743786779047216
1433940047,2.6686588118458574
1934298875,2.6544170897082044
1433621423,2.6452358458038256
2093955515,2.6326792530600183
1933513673,2.6154119679504397
1880523237,2.5866800722473435
1433800415,2.5761000557636278
2501068090,2.567022108356053
1433329774,2.5642290916962867
2503619083,2.560121913913346
1879827145,2.556523054626496
1433290767,2.5432935873797153
1879774433,2.5418800536853254
2095379051,2.5308397094423816
1434684397,2.529795350004
1879192483,2.5190240384615628
1931011424,2.5156542536728517
1439503732,2.5098345489086165
1933591574,2.5026604068200715
1879234225,2.45934302638391
1932542262,2.4547666333724094
1433123075,2.4106596461597296
1434560371,2.4062727242211714
1434429255,2.4000157347146316
2094553640,2.3816875541401816
2093922584,2.3720194305552944
1930155393,2.3649803678260017
1930189870,2.3390942237368377
2091197675,2.3316089752962683
2095373041,2.309103402263606
2501149044,2.3072499791131618
2092876611,2.3041350221467702
1439625305,2.2989174224396773
2499677377,2.2907443019461793
1433219794,2.2588981677942996
2091236781,2.257652505356096
1879835951,2.250313542114262
1433882174,2.2361319217476527
1879223171,2.232817525548284
1879126040,2.2323747520019617
2500319487,2.2271417213420035
1434032063,2.2232842645588597
2094659371,2.2197991954398404
1433914252,2.215308729655451
1434698981,2.211755658961707
2499331070,2.201879632536701
2092008871,2.201805023823775
1880497214,2.2014537791352287
1879848425,2.1888436342342397
1433876622,2.178733529485875
2092771202,2.15885449756524
1933519420,2.152527754589495
1878601291,2.1519806195118623
1434098305,2.1477241886145975
2502148720,2.133313526727576
2502725855,2.130971052080831
2094604503,2.128625189212048
2095389374,2.106073337990992
1880507825,2.1033402390496723
1433469242,2.0936894585990786
1879784183,2.0887444933775963
2502495642,2.0866356612361026
2094642871,2.0744508584929853
2093019022,2.0673611753354644
2502030691,2.06447890515557
1878592112,2.051744707130491
1433417000,2.047670467830243
2091261752,2.040699544682544
2501597622,2.036080173476764
2093042013,2.02788112486366
2503326951,2.0260028307317635
1931022777,2.022991838508141
2095443221,2.0196272992647466
1434475192,2.017481033703327
2499247624,2.011418660687727
1434437727,2.0038855607045827
2092801984,1.99348483065957
1434447024,1.9700720368694575
2501835982,1.9695628288502325
2500922980,1.9547158993535614
2501857814,1.9337638315424222
1880512835,1.9315474663917722
2501848827,1.9290635087657653
1879847753,1.9244455316233715
1879803764,1.9168030969174905
2092769611,1.9115907057293549
1933546200,1.9031167280473449
1930969701,1.9000451137859202
2092858922,1.8994308395821484
1434694457,1.897723064221217
1434528151,1.8928613079794763
1432716392,1.8927333793196555
1932518390,1.889546148580338
2500456320,1.8883744884131384
2500886690,1.8767520491977983
2500334647,1.872061304613956
1930241761,1.8701760129902003
2503901890,1.8554191453899547
2501302705,1.8451983661685083
2094677064,1.8402186575030477
1433574121,1.8364889610397124
1879881264,1.8363621432326318
1878582923,1.8288914054512617
1879846724,1.8035775790333617
2092064654,1.7944464550135262
2503431190,1.794286411028
2092063477,1.7893318945090069
1933574671,1.7659169476900876
1934300801,1.7543498473973924
2500308852,1.7524620948538716
1932521945,1.7507613439897645
2091202565,1.743211485987951
1427733824,1.7406578605977872
2500242072,1.7358929000443994
1433453934,1.7350793426794706
2096203175,1.725087233959764
1879813517,1.7105548211828614
1930192881,1.7088717381990604
1931621805,1.70649278157428
1433639712,1.6996986859580117
1930224192,1.6913407100141762
2091278492,1.6827927826168467
2096212252,1.6814523925347353
1879856592,1.6741365865162194
1433801845,1.665382961585127
2095390855,1.6534162852610779
2092005470,1.6515391139695066
1879229867,1.6504545760199034
2094638767,1.6455609478168964
2503038084,1.6305577698080271
1879127255,1.6176351495952093
1931688225,1.608102026217269
1930214507,1.5699560759662519
1433346527,1.565963276902353
2093907945,1.5546876530533997
1931674885,1.5490607023871024
1433187183,1.5469195559677726
2092037512,1.5435421824184279
2501861542,1.5367611086818318
1434308324,1.530228627467035
1880427971,1.524549328606009
2503759152,1.5206715727231754
2092819681,1.5185515227861865
1931026877,1.5170184823139525
2092767931,1.5128882112061242
1879887034,1.512205691882045
2501849394,1.501643455648118
1879130384,1.4931486093499053
1932617447,1.4760324964101772
2092956573,1.465616859980176
1879199815,1.4634744241837336
1879794247,1.462843092411378
1932603692,1.461059441628523
2094671105,1.458247700032355
1879128453,1.4552279051211379
1933530970,1.4529952791894893
2091972360,1.4486494689376512
1427683122,1.4476904657281533
2092008822,1.4434383679635434
2093941090,1.4376356423080743
1439558741,1.4344152241562083
1879143033,1.4246272166129414
1879829492,1.41474403080287
1879843593,1.4124722752973367
1432820162,1.408864083347736
2503094822,1.402615726855153
2091229303,1.38961818875836
1433953135,1.3849068677165137
1879226021,1.3820764947225572
2503105092,1.380627359296827
2093959933,1.3802854593898861
1930156691,1.3779546203766482
2500147711,1.3779495226980765
2092928664,1.3698635248544964
2096220847,1.3660296231865399
2095425921,1.3629779918930969
1439318215,1.354112630661965
2503292310,1.349466491643311
2096266562,1.346320225001484
1880451477,1.3423412155094854
1879166217,1.3333342471535006
2095429191,1.329323404761754
2499258051,1.3089481429130438
1931696954,1.3071565730953385
1929310913,1.3051304302308682
2092769907,1.301832757907398
2093966992,1.301525932066086
2096255647,1.3000244080525967
1880525774,1.2983269685373622
2091219055,1.2922310250478548
1931023450,1.2842920711473036
2501729401,1.2559067214931283
2501609115,1.25029104108231
1933598391,1.249796214556085
1879132153,1.2281560837988932
1879871012,1.2270338133435585
1931646514,1.218654306507038
1879857292,1.2133261257751273
2502005027,1.212348696144466
1433962217,1.209654649673498
1933497437,1.2060001142687484
2503059394,1.2051826789220765
2501960571,1.1828468029830483
1879878294,1.1804222659049215
2092827407,1.1700976232005997
1433133782,1.1635223858821662
1434381404,1.153469610749646
1930190197,1.1451269975878102
1932499902,1.1400009826687019
2501004413,1.1394885342381909
1434188551,1.1388133581951139
1879209727,1.138266101576855
1432659015,1.1293409724677723
2501007541,1.1261408780578295
1427592210,1.1224974214667902
1427899751,1.113420321216697
1930153461,1.113306219793384
1933516683,1.1120048832563452
1932625125,1.1091039782353445
2500234743,1.1018370746191208
2092942884,1.101804575636975
2502839362,1.0952204263872718
1434134055,1.0924635910247675
2092832452,1.0902857007175126
1879848010,1.0888857168089534
2093057384,1.0746559274665208
1932578071,1.0736243064001851
2094632575,1.0667612747000619
2091200190,1.0608541970962446
1880433261,1.055161897478789
1434698690,1.0416895309987269
2093952365,1.04142637342035
2500196971,1.0398333732795408
2500139662,1.0359510668834369
1931592161,1.0312669690673253
1932496987,1.0308115212419313
2092926037,1.0275262574631805
2091266807,1.0207293799967636
2093958040,1.0202165250983297
2092856627,1.015913185840948
2499546363,0.9963175899578296
2093943487,0.994629468010024
2499739493,0.9913150533146932
2500856790,0.9896417650922571
2093984407,0.9885970060835925
1434160330,0.9834852299292067
2503349300,0.9801556079470832
1433185493,0.9800479897075934
2092794291,0.9769441909353376
1879896344,0.9752940419921231
1929305951,0.9748851218779004
1933565760,0.9651765665182908
2095408541,0.9626066010581193
1932590544,0.9575363588371781
1932585507,0.9566282976839267
1932506565,0.9458194512238585
2502956792,0.9445017332645608
1933583520,0.9303371930806097
2503768927,0.9299673280685345
2093078772,0.921200376144528
1930929097,0.9116001249502216
1434740355,0.9107485170060552
1879799467,0.9044924047028593
2499294700,0.9035047694131575
2499240954,0.8962053462553664
2093943865,0.8802737838512477
2500767104,0.8801098114262369
2091183732,0.8758654347298708
1879850863,0.8740399752323399
1433408435,0.865362978585704
1433210013,0.8650243340943915
2503769820,0.8568436835410537
2502175770,0.8536823835179354
1930935560,0.8518295780004437
2500725931,0.8478370858106671
1879912115,0.846612856664404
2500295797,0.8460438211532323
1934295433,0.8458903636169588
1879903894,0.8441728283684241
2095372073,0.84075353171119
2093024797,0.8389713173309984
1879860741,0.8375088948603024
2499589844,0.8347908913545946
2500862077,0.8333212622905949
1879805851,0.832587169480104
1879243473,0.818733282016817
1879831393,0.8175225487033795
2092930844,0.813317165344849
2500608922,0.8113391194664069
2094696577,0.8093232062560969
2500215957,0.8085655302845888
2501334994,0.8079758045995631
2096243060,0.7970205675478257
1880513392,0.7964909014447776
1932462110,0.7943818660244832
2502859782,0.7789581193857567
1880532903,0.7592656216613733
2499366054,0.7528908361981859
2092083520,0.7526156105474645
2503520814,0.7516848585371212
1930146545,0.7472673492158426
2092885581,0.7383655128247769
1433827742,0.7357918589118769
1879812094,0.7298033448594676
2503175015,0.7261773777515459
1433428644,0.7258144827181692
1932579397,0.7228828752556796
2091288534,0.7200566069170851
2501322434,0.7191097778728194
2502049053,0.7156370490540221
2502068343,0.7136865379864482
2500852682,0.7025467494677029
1879167711,0.7014233555974714
2499317145,0.6961648533966167
1879138105,0.6941045977732755
2092770362,0.6927549206683757
2091998693,0.6903512484395654
1879778774,0.6860082108265706
1432678663,0.6847080620314142
1433003823,0.666380479404441
2502453420,0.6545692057267279
2499783320,0.6469248350649832
2502657644,0.6427733840250701
2501232520,0.6390698489711554
2092760642,0.6380122730008512
1879912515,0.6201358447423909
1433804711,0.619681539217077
1932513065,0.6122016915799581
1879856931,0.6094811680386663
2091973345,0.5989154286802892
1878595455,0.592325583747338
2503628434,0.5915868590450644
1880519952,0.5823696318367408
1930211501,0.5800006241560339
2094655804,0.577173235216777
1930994640,0.5662318508669885
1930951112,0.5563480578515443
2092894567,0.5562178099653963
1932643682,0.5410424094112978
2095418863,0.5358169361163967
2095399965,0.5265363545821365
1933515570,0.5264921535537234
1434056841,0.5246734860045567
2092057382,0.5140356210922804
2503245374,0.5126944753438704
2499652350,0.5088563088263123
1933550393,0.5061211422781577
2500739710,0.49940684671776675
2502561930,0.49649270918109795
2093081852,0.49090778482389036
1879798084,0.48740809067076196
1879788995,0.48168959949677875
2092787927,0.4772041604861859
1932448480,0.47667957622148643
2502988502,0.4730582869840892
2092065617,0.46550794640969606
2502353873,0.46243429798683905
2501476241,0.457021438491786
2094664670,0.4553980353128199
1930938675,0.4522420775976316
2093942435,0.4489683133575595
2501307115,0.43671650751345525
2094561684,0.4362531520841089
1931689031,0.4293763674501159
1930182094,0.4184957936932752
1433033357,0.4132133306826169
1879893354,0.40467965584439214
2499502237,0.3998344911746884
1439541671,0.39303610900588465
1879842345,0.39266142420673394
1879863990,0.3838472535452178
2501544902,0.3800817342493474
2092832282,0.37738071880659096
2503692124,0.3745730778930924
2502243282,0.37162081633251426
2094634373,0.3688561203600644
1880531900,0.3598268584478882
2503030942,0.3596255675601604
1432873234,0.3589899416629684
2093872135,0.3567177738725243
2500922755,0.35242536153305576
1930253787,0.35130851616302694
1878603280,0.3442446534903299
2501336704,0.33929210901064916
2501280794,0.3369469325802241
2092911407,0.3358229739387299
2091969220,0.3292974391787218
2094669205,0.326558666268619
1434686293,0.32544922587010416
1931685142,0.32132014870974973
2095390805,0.3199764801709035
1932609990,0.31346044161570175
2092043054,0.30418193866455656
2503819321,0.2933985348585381
2503117425,0.2928293786666974
1932533012,0.28642867769278774
2502430597,0.2864214786274972
1427874617,0.28227127903428173
1934298503,0.27838565945893906
2503275533,0.272852290670029
2092034780,0.27275583896465017
2501499422,0.2621619122370142
2503846912,0.2600265698869333
2092062134,0.25484378548331066
1933521190,0.24550726831112304
2501573462,0.23900436188799654
2502611431,0.2373696027813464
1934315214,0.23723673232985854
2092972025,0.22884388007541592
2091220224,0.22839295201780072
2502711275,0.22655133138084876
2501576382,0.2247288983582567
2500438354,0.22360143716938538
2503595267,0.22340974721246443
2501529640,0.2177130337736634
2091981394,0.20699519867520427
2092959164,0.19683004379473978
2502758985,0.18659141150076125
1929303241,0.1857743549826803
2501797185,0.18429822068811028
2499281044,0.17728407833529525
2502515742,0.17406296920304717
2094690595,0.17309862148715208
1930201220,0.15675216804706674
2094687144,0.15623880852412214
2499245363,0.15184469913891696
1879845435,0.13191735171222216
1879809035,0.018112998003556775
2502537130,-0.062056250286343005
1930138130,-0.15022499113623708
