user count in community:751
Topic id:1,Representation:0.5260132483180884
userid,score
2501775247,19.584236993622394
2500127067,17.49875018293079
2092817835,14.592201869698782
2091276944,14.41775669553472
1934322592,13.971683821534102
1439573153,13.462111934127615
1932442933,13.119382868286229
2502415547,13.091880466458218
1934299441,13.070939406659779
1427603960,13.022824285119139
1427717997,12.935378435332808
1439613093,12.816045825731212
2095393265,12.779018517605397
1879241701,12.566208192839154
1427798572,12.448785404838755
1879890220,12.43619951672966
1432665233,12.429281752510802
1434482170,12.20049207450838
1933493623,12.156052602035404
2502545480,12.090101471316316
2501303245,11.949896189441459
2501797422,11.899989587304795
1879161247,11.884633031597009
1933518853,11.868524466769637
2502073357,11.756479971356042
2092880551,11.724668662896294
1879879952,11.67044210719356
2503318490,11.630217104948176
1433128597,11.597122869161584
2091968363,11.570976573382536
1879877174,11.486044700509726
1933497425,11.48015910619484
1932558083,11.471524202145979
1879848164,11.469802829606753
1433467250,11.437328900311437
1434746781,11.40992299317956
1879135977,11.375365724951624
1879132813,11.374238079185925
1880511241,11.344296138866195
1433654304,11.306717217567929
1933532717,11.292097884252163
2503841962,11.285367511629556
1932538882,11.273810354611054
1879899610,11.222870048400441
1433035470,11.203607439579361
1934298784,11.18822670896674
1931616044,11.17347450431156
1432871933,11.109975008149954
2503539557,11.072668032630459
1933543885,11.061946309315172
1934301070,11.055721565810279
1932563445,11.049141892659788
1932603082,11.017060180635786
1879886572,10.97752293669764
1879778344,10.945701975149532
1434054744,10.944645333809675
2091950140,10.939381816442483
1879810531,10.928737240944582
2091978871,10.905577073215936
1930225521,10.864779388096728
1879824354,10.835128408414644
1879903644,10.828269427842947
1932461857,10.77291880354295
1933506795,10.74989980376175
1878582611,10.745922599200235
1879244523,10.741711594194577
1433168190,10.740444800726427
1433510192,10.730878279521024
1930164693,10.695217146473308
1879153037,10.692735178051723
2092038660,10.687221015935998
1880477453,10.651909861979508
1432869167,10.613874192036526
1879214020,10.61141289291486
1879811593,10.597215617235204
1880544120,10.594596236173585
2091239271,10.588223151448204
1434645745,10.519447350317321
1880520660,10.511350295867325
1433855575,10.504109669409123
1879874592,10.500352874177663
1934319687,10.49472913568245
2092082117,10.493921075597138
1434558484,10.46846364552966
1434495821,10.44707947808616
2500850970,10.392192350279698
1434057295,10.331446541898378
1879232961,10.209384525854885
1879202984,10.190251297194624
1930986901,10.166115823478341
1880478810,10.15068924990513
1879233882,10.13643178398325
1433718850,10.131847025841564
1434448551,10.119311011768207
1933511237,10.104847362679557
1879169925,10.08841051762662
1434682201,10.064152103789214
1434425714,10.046182021609708
1434029531,10.028709857943204
1880436792,10.025343148900154
1439398441,10.006243394447912
2095391501,9.972774352355499
1433008470,9.954734776609184
2092008882,9.94036821397651
1879819712,9.902877551039309
1930184137,9.84214019192958
1433535591,9.841988082441313
1932497395,9.835378684907955
1879162870,9.815281541750817
1879131197,9.794666827836782
1427605041,9.792390001214937
1434720022,9.777629062892602
1880530643,9.771384332404908
2500972744,9.654096403500589
1434452683,9.6346157920818
2499596257,9.627754708021332
1434715795,9.617538141519178
1433800261,9.607818583962239
1931013757,9.600893755019769
1434273737,9.593815811422123
1433424017,9.593189798795658
1932508897,9.575467644353536
1879812475,9.575148525702108
1879795123,9.520225771645512
1879146145,9.518927148478841
1434537702,9.481872360385028
2092857993,9.461416482773625
1434419580,9.461096781096696
2091238614,9.44712083094881
1434640054,9.442547718620581
1932521922,9.436118637249432
1879900432,9.419806048656143
1434514324,9.40836272153924
1880476943,9.372254383549672
1432622324,9.352863476053523
1432602970,9.328694785464569
1433518354,9.321761995782895
1433762481,9.301602864159046
1434266707,9.298572508512514
1439332807,9.265190930524636
2092827491,9.259508156867918
1879791924,9.257813623392899
1931647455,9.256754544600998
1879866267,9.245954353120474
2501392185,9.228839840682028
1931670620,9.195320757216273
1433738334,9.191440317468228
1434037477,9.18324857897782
2502248875,9.153535550217647
1434130427,9.121842314320645
1432702731,9.115605434636974
1434258574,9.08741424306022
1434655804,9.064176059785797
1434015837,9.060064046516022
1932517893,9.054039893047525
1427685475,9.051467726734431
2503237427,9.002723999192328
1879235340,9.002716995147592
1930203011,8.98493107029428
2500775855,8.972066891037311
1878595062,8.968992576253115
1439386254,8.968052871161245
1879127944,8.94407199247315
2092805935,8.927644498100452
2096203173,8.866179613553605
1434533667,8.833058563042812
1879171170,8.791288257160902
2092785067,8.788674376322218
1439619540,8.787781157784599
1433055292,8.78279772677937
1879830405,8.780239062559362
2095400833,8.780034418858813
1434346725,8.765187412429805
1879207801,8.760145978786305
1930939505,8.757198063444417
2499247473,8.721373789500038
1433571440,8.707775392713915
2503101385,8.62918316060512
1434366115,8.595696900514051
1880514232,8.587180282730543
1879168807,8.549089935562106
2502449081,8.542914322491795
1879176630,8.54143944769455
1879131770,8.524800122401253
1879810662,8.514138518963286
1433136073,8.495948065998942
1434551502,8.458281775927055
1433550811,8.45821723652197
1879883460,8.432411930571865
1880540874,8.414018127585289
1930947445,8.405071334125942
1432645435,8.377352090961667
1433605720,8.374128398267885
1433068453,8.353648790617445
1434723177,8.352416982253487
1439573570,8.348582050486263
1434103644,8.34231402532537
1433642632,8.320639644745402
1933552995,8.299420613957182
1931006744,8.299227651760871
1879814304,8.291292222774299
1433583043,8.288761169757311
1427755310,8.282882017651698
1427767664,8.26922245589434
1434258320,8.245364712242027
1427689630,8.244142008468721
2500448414,8.234179718195119
1439615295,8.232851507972558
1427841315,8.229433216198078
1878579845,8.226454679182092
1427715021,8.22142665918326
1929307921,8.219139617884212
1433533977,8.20393179573051
2093899587,8.17710459910038
1434204134,8.173072927420053
1433318045,8.140593942152494
1931626621,8.138800877321458
2093962317,8.13188798572856
1931674083,8.106753813733212
2093974751,8.09848705834713
1879224677,8.08400508649332
1930935051,8.077042591310011
1434700155,8.061600371460507
1880530547,8.056337579252263
2092783325,8.033245352537485
1433075185,8.031981834773166
1880427695,8.016986598004964
2096273181,8.010594436525661
1930243812,7.9865989753772135
1427718637,7.976736350898288
1433130224,7.95297289632269
1930985693,7.908058793673138
1433653180,7.903150935696094
2092043451,7.897642263467942
1932477845,7.897077174967954
1434527732,7.882086040886411
2092065834,7.870403886878519
1879174481,7.866479035138221
1439558282,7.854481595984955
1434197362,7.852079662521357
1433545233,7.848869265224627
1879231743,7.848687237793744
1427893767,7.844680491083645
1930148015,7.839574114739549
1879134747,7.832454113797523
2093861905,7.822808630193403
1439442072,7.821142463499473
1880513130,7.814372566049512
1879811777,7.812660117640417
1933600954,7.795476648227967
2502468280,7.791816000844276
1879883942,7.783469954096045
1879159552,7.779642436719391
1930141311,7.774686461340484
1433830517,7.760195829771355
1433222831,7.7482276325889226
1427612513,7.746724348136438
1434555724,7.744672023110596
1434717900,7.7413504988694575
1932500973,7.73691450243698
1879836104,7.736491573219913
1930241917,7.730047177629244
1879232284,7.7230362091203375
1427714217,7.718348171837315
1427656354,7.696623902082017
1434517001,7.696265710437489
1439534550,7.69438698463629
1879777144,7.687538828386617
1933529521,7.678762895458241
2095350585,7.672003329938218
1932541830,7.671759318467335
1931595353,7.670652479350937
1433645242,7.668849100983478
1433406647,7.656616284470551
1439407052,7.656429598075065
1439369912,7.65355278260976
1878592051,7.584510839128656
2093923390,7.575678488709706
1933589542,7.568623321457237
1432641281,7.5541205934920335
1427654367,7.538312049226987
1433582030,7.534627685427605
1427807683,7.524838447776919
1931664044,7.523100541504324
1434551585,7.519116807706655
1432662141,7.471198838569218
1879851630,7.4583642338394025
1433365913,7.440152063390256
1931017420,7.403361341091289
1434563757,7.372621544341576
1427856044,7.369773773228962
1879864591,7.342432738191766
1434539925,7.322940971387742
1434386065,7.319914294338339
1439364292,7.3178169933120305
1434043830,7.312950393629985
1880451972,7.308832348727739
1434687935,7.305466015621007
1880437881,7.291878764891567
1434629094,7.287480613787242
2502393684,7.255854981991992
1439434345,7.249171373656116
1879870794,7.22652420874594
1434364475,7.215210951563811
1934309293,7.206210279182534
1931662031,7.186503977880389
1434339604,7.180696978086357
1933547367,7.1770371297735025
1878600987,7.1619521639768555
1932448843,7.144636843441972
1878576484,7.136738089616513
1427739495,7.11614894480815
1434463354,7.107733837882922
1929312651,7.099607070222877
1433706647,7.079393207227194
1432761741,7.0688137270898785
1432655664,6.986727013508184
2094669121,6.965763837779695
1879155643,6.959752746798721
1929311842,6.9552098970419705
1433300397,6.918581304368474
2093945821,6.918217741990531
1878585281,6.907742738146313
1931617397,6.883092565605108
1879880930,6.877716283112428
1433188740,6.83388004510076
1879901184,6.806313407257269
1434764827,6.8053681647226245
1433387177,6.803925691819967
1878589740,6.80328549059842
1932459677,6.801842370640772
1880514180,6.77578103778417
1434501485,6.767632919191785
2095355697,6.766855667651988
1879870634,6.764688341730743
1931636617,6.745597198780952
2503329080,6.7299406468449146
1434339064,6.7102544503695745
1879882684,6.7004173771258415
1434476403,6.696239390413716
1879862297,6.692543629726689
1434170697,6.679827305555407
1433263533,6.667148015928678
1930230667,6.637577556065391
1931025653,6.634684401702656
1434053521,6.625757611222617
1427598480,6.614532223107716
1879769781,6.606649275627707
2091258122,6.578809124708964
1433051460,6.575110360640078
1433789132,6.552911038993043
1879224927,6.511435675254706
1434186564,6.508863566206357
1434101723,6.4760998374095475
1433158862,6.470138792089815
1879858787,6.462229756288516
1427601244,6.457040416946252
2093876511,6.415816979938263
1434669562,6.409125257043682
1432976944,6.40216829455289
1427793024,6.376865479054552
1433558991,6.368154912308517
1930247051,6.367917410536625
1433557323,6.3513885039271845
1433640483,6.350237803239224
2095464127,6.330696137001516
2092790137,6.324643904737897
1879187112,6.287385750533477
1929317141,6.278683559838835
1427781257,6.278526839063561
1932477583,6.269078667215489
1432727987,6.265605459916583
1432684464,6.265240130796706
1427886984,6.259018640393547
1434470915,6.2545775868092965
1432695027,6.25301137888634
1880542203,6.22632298281313
1879155302,6.2170518598842754
1439486270,6.2009240277044135
1931681844,6.200115325914972
2502402680,6.195865341503131
1932589155,6.185787771850584
1879838604,6.174602628413149
1434727094,6.166732609890088
1878573973,6.130294722360603
2093869002,6.124792929111215
2091275437,6.121128156660569
2092020381,6.119539566938478
1879795645,6.097211043883849
1427764885,6.09390767689802
1434533641,6.093340977554989
1439475123,6.09051900387478
1434221621,6.079263371795738
2501965344,6.065327847696594
1434503647,6.043884966832367
1879788453,6.040139610864291
1879146667,6.01106658570706
1879217103,5.978507068319304
2092773250,5.973653270350657
1931645105,5.97300439090482
1933549103,5.93401144529311
1433688270,5.906115850263435
1930229561,5.904064310034681
1879132970,5.902591287447157
1879221370,5.886230793884546
1879833060,5.866730345384241
1878587037,5.861293620580523
1427626355,5.859931327045014
1434159320,5.852280827473108
1879912771,5.84237996386271
1878583483,5.836388783223749
2092066125,5.832205582285727
1879826700,5.824452559643361
2095376597,5.807128509081146
2092781801,5.80655541261274
1930253155,5.781331094910462
2500682831,5.771667423397068
1932605322,5.753298864546747
2499885020,5.739614307754263
1879798434,5.731944218781551
1433323862,5.727681610962497
1433386572,5.7093178893341205
1434370320,5.6953537977909825
1933553492,5.673618357703348
2092960804,5.672776793891838
1434675543,5.67190832265702
1433472964,5.67060633614703
1932482165,5.653340791465917
1879813484,5.650503893825704
1433539910,5.642300843649714
1439526984,5.630901331581215
1932455451,5.628010953430376
2092915017,5.625403901338068
2093955261,5.59724456249128
2501296983,5.587333467006205
1427825320,5.5412473542191885
1433139807,5.531370755821765
1879888392,5.502873695702565
2092018555,5.495475514849442
2503772045,5.4857765903286575
1932493733,5.4740945985799865
1432923947,5.4488248706602525
2096217024,5.436841363652875
1879883812,5.405168858170939
2092844735,5.355813284419756
1879144144,5.355396238335277
1434694951,5.327035479567376
2095349422,5.320437025980836
2094675495,5.3123800287130845
2094610225,5.30570958556773
2092819941,5.2908174011401545
2499301170,5.282474983248247
1932640877,5.271991132094846
1433995350,5.2503227795471865
2499739313,5.250162904661159
1879203352,5.225628751659725
1930149375,5.220465982490262
1434675640,5.1904423731674125
1880531947,5.178704589751707
2095431923,5.168955675227971
1931007435,5.139041839117339
1879878740,5.1157923648734425
1432668761,5.110835164777416
1434256870,5.1078445989377865
1427704773,5.1048473664432805
1879776943,5.104101164897846
1879809534,5.0984422849355155
1439374924,5.094726824811857
1433551501,5.093912596375202
1433162625,5.0930257692452185
1427654820,5.0834196347556375
1929308107,5.056846644878609
1433201810,5.042372478327228
2091992141,5.033476840073443
1433725465,5.010450041889041
1439427684,4.999010416319808
1879902965,4.997548422431922
1433215493,4.994821587996425
1878588223,4.96150854255208
1932528487,4.9592069243790196
1879818790,4.952932730400549
1427815721,4.949664567183412
2499823914,4.9382357607031855
1879238341,4.934653511889679
1931001827,4.920506079046347
1427764763,4.90769364206907
2091239674,4.890186075904977
2499257907,4.88890012625949
2092881510,4.882124240486073
1434371363,4.8647359713068115
1879792804,4.861553666829319
1880446442,4.8199763574795
2500277503,4.808686109666432
1433105571,4.803591209671277
1434636581,4.801018289462348
1434386092,4.795151361637815
1433087902,4.793414908973632
1879214721,4.782576200341658
1879155741,4.7810912045561995
1439440182,4.780234949398242
2500605093,4.7676878357274255
1439464677,4.743305306492051
1433228373,4.691983480638852
1933585883,4.679692756095125
2092832394,4.675833364137215
2095448855,4.658863678552709
1931598421,4.634882098522202
1930951374,4.603085852300215
2499268953,4.59590955926377
1934321753,4.546669496601183
1879249461,4.5459051738645835
2092769707,4.544464542945655
1439563882,4.532622075054766
1931026347,4.5238720425576044
1433440645,4.506760368379085
1433546963,4.504286814372596
1879840867,4.499290199024626
1433567930,4.483254606731688
1879194397,4.473045415586224
1433397405,4.472640562710819
1432921335,4.4703757522561824
1434490112,4.463402999825971
1427733180,4.461530344779678
1432633995,4.455445704816837
2095456105,4.453392782113769
1433223142,4.449478238025398
1433566070,4.422179139558921
1932596071,4.4041865068413495
1880457402,4.391391367648902
2095426313,4.391237392417638
1432805790,4.377250021368879
1932527695,4.333018389419871
1932512560,4.317814997462406
1433726903,4.313412443782685
1434476591,4.272403282062442
1434301724,4.271187835174188
1427723110,4.268990102769982
1427756644,4.263083026654707
2503779085,4.243859821167454
2503750192,4.229075865478155
1879783257,4.205100128200627
1933597771,4.20079846953094
1878587655,4.178481302711591
2500440344,4.157454703028846
1930950275,4.14937772504464
1931003157,4.142396784200533
1434002060,4.141771878894355
2092040310,4.119865330495617
2501674540,4.0869516070976
1432659420,4.06574238497814
1930958893,4.051883042908598
1433057320,4.015021143745114
1439435961,3.9893870989658766
1880529565,3.9852857374587702
2091220405,3.968290464080136
2501601853,3.95449936272463
1434552554,3.926697881605587
1433128943,3.9195693599983685
1932432055,3.894228111440274
1931020000,3.871646036622585
2503580077,3.8487581115930887
1931622005,3.846744622984913
2093987732,3.8291246629921787
2092942635,3.825255756738799
1880494727,3.817013173885422
1434492110,3.7988966768496897
2091201847,3.7786499166512337
2093885885,3.7495603612773563
2503886211,3.742618129806749
1433336350,3.7410682072645094
1427617877,3.7300996263086525
1433215263,3.686332341458581
1427635110,3.676959309709137
2501517245,3.660827999792179
1878583133,3.653512298217087
2096260444,3.651468398287919
2092834487,3.6460001752052826
2501734700,3.6404197119954533
1879146695,3.639863179127936
1932581550,3.628520510001608
1931000225,3.6266547759429417
2092776450,3.5987780623025554
1879774842,3.5963967596047777
1432684130,3.548618773566617
1930984042,3.5430529608677275
2502571032,3.531407890847393
1880456560,3.4975001029160953
1432938931,3.472116304910852
1932560435,3.453875468137682
2501594203,3.4250812122197347
1433472412,3.4194645761529068
2092775787,3.4138441024215607
1427727480,3.3962406864121015
1432866452,3.3928200922719935
2096245121,3.392720977713729
2500232233,3.3784850416710164
1432914911,3.3539051874420513
1427880974,3.351531388243931
1930217913,3.334248137144501
1930929842,3.312961766419562
1439545517,3.25846465616164
1433596734,3.2310726672563517
1427770475,3.191852443920263
1434139633,3.183630633100634
1432635785,3.178602839998834
1433973177,3.1675194092725567
2091966230,3.1259264187586795
1439518811,3.123929860614178
2501664181,3.1195970197980376
1433464033,3.11677206969079
1879241163,3.1052106798496255
1879905425,3.08304532337417
1439337172,3.0298817273060767
2092959707,3.0171486593608066
1434095305,3.0034373394050524
2091182424,2.9591576892318634
2093857044,2.8959878256645633
1878589562,2.8773028542290207
1433818842,2.866472756878408
1933503670,2.8472178846033707
1930165604,2.837582494360079
1433080745,2.819534824098832
1434044670,2.8172884297170215
1434492385,2.7846008569814455
2499639740,2.750513392774477
2503895143,2.6650715215022194
1879152041,2.664003905394471
2503489135,2.614343041805627
2095379683,2.603050897524605
2503547500,2.5988989870983397
2092974352,2.583438426308625
2503282622,2.5834145596025517
2092944792,2.568794405187743
1880526554,2.5666351892231054
1879796834,2.5478170852628113
1934324777,2.53340996868763
1433797363,2.5312713517821086
1931028312,2.5289844461297295
1432660452,2.515304055969326
2503191945,2.5096345756535388
2502756675,2.451738238415996
1433012600,2.4177859570661844
1439368335,2.398129117984892
1433575607,2.3950132190269886
1433416121,2.3543484275024755
1932474873,2.342880265665089
1879838455,2.3341261912308253
1879833644,2.305182921339738
1879244590,2.23625227138941
2096253264,2.2273590227419975
1930950261,2.2117509712048364
1880471021,2.2039099584439485
2092919360,2.172928708745073
1434538050,2.122266639880428
1433471552,2.120171993538898
2499680703,2.1162820478178164
2502736185,2.112350745679649
2092024830,2.0936568363023196
1930999183,2.055297366570313
1931691981,2.028461143620288
1427616657,2.0252146241219062
1879900895,2.014262374369704
1930249050,1.9873065327422055
1433311821,1.917104285171653
1427751365,1.9036347918993575
2091197467,1.877726691674823
1933524122,1.869155337830558
2092092917,1.844350771654722
1879865537,1.8279614980647667
2092818977,1.8223560011185926
1439433251,1.8171948448644466
1433247434,1.8077496952886662
1879773321,1.797808307185201
2094615401,1.7546713340624334
1880509394,1.7513094800127582
1434507223,1.739656309553819
1932479042,1.665927096255329
1932595365,1.6452067677503892
1427722075,1.64026095783767
1879782977,1.637793481988271
1879223413,1.6360093304199261
2094673571,1.619501366621693
1933567327,1.5910853775313383
2502991524,1.5448311985351542
2092937727,1.5432086799470774
2096226943,1.5268750107827789
2092806310,1.5129787525730398
1433849561,1.5123448860191608
1879882645,1.5038600979995005
2502212212,1.3746283662166827
2092841470,1.2989930313613478
1932618683,1.2809690953855264
1434314877,1.2768265850254086
1878592497,1.2428426741846679
2095362260,1.2246156315275891
1432847273,1.1353474314978185
2095378383,1.1342415635746286
1933538050,1.090427024372097
2502237647,1.0159302773016792
1439393620,1.0009258185611665
2501706055,0.9769930917440798
1934324013,0.9762120229368372
2094620071,0.9641937386052245
1433485577,0.9589456787120348
2503296557,0.9516261335053126
1879870725,0.924690639685829
2503273750,0.9179138612227458
1930958202,0.9108500018921298
1432764915,0.9005616681313307
2092934223,0.8790035543888163
1930955204,0.8597210219166127
1879203193,0.8309870700155643
1434342830,0.752343823561063
2499634662,0.7385804702475572
2499553210,0.7304273904810366
2502136912,0.7180027682526977
2092016123,0.695363787613939
1879905811,0.6554011449336525
1932468252,0.6362309398310277
1879128247,0.5761972610360485
1879200495,0.5717861641888679
1879865887,0.569834540325103
1434052213,0.5603635572660346
1427827570,0.5591231233190143
1434210211,0.5347115177916878
1930153433,0.5228697884723439
2501592432,0.5083133155179348
2095364133,0.47765077937822703
2093980440,0.4648538899526078
2092055271,0.45074712499630065
2092000505,0.4488208531089686
2499417155,0.4360847321913674
1434223700,0.42567602874635935
1427624332,0.39906369824286064
1931588713,0.38798978287117614
2092814124,0.37932052121559073
1933560115,0.37900314878353986
2092820933,0.3538772650932133
2501517224,0.3484580107382209
1880457553,0.3444192956050671
2095445444,0.3339069296085177
2503143945,0.33152654879634985
2500988907,0.32991722364455106
2499206154,0.31262691368737394
2091218615,0.3090970851224112
2503254714,0.3051341181460947
2503462055,0.30492114836511497
1433575931,0.25468493867049863
2095354125,0.25204627682942193
1879201087,0.23723476562530454
1878592651,0.2111374050214641
