user count in community:283
Topic id:9,Representation:0.42673046610162296
userid,score
1879801480,1.6772660005725082
2503153094,1.6343321685231698
2503272264,1.5971553548086093
2500484523,1.503298397016694
2501401463,1.4910976514109158
2499252035,1.3608247972292586
1879217541,1.240747035194859
2503181727,1.1772891959351077
2503148300,1.1743582382695736
2503118924,1.1348219369586103
2503381524,1.1327704297589074
2093029484,1.1042438149841516
2499639367,1.1021205132230605
2502040583,1.100393491106643
2503617072,1.090458011900394
2503158854,1.08607978649008
2092779621,1.0851261215630166
2501294401,1.07997581498572
1879236991,1.0669659093068813
1879126043,1.0525616996278604
1930153455,1.050998735994633
1931635682,1.0372805210607248
1933501874,1.027728785352009
2499393440,1.007981719325575
1879833574,0.9950002308763188
2499344254,0.9906322573674341
2092013684,0.9797115823739364
2501892500,0.9737318287802569
1434199920,0.9660969833913409
2499535077,0.9451764392168182
2501907660,0.9355171237572419
2499357373,0.9348565260625944
1932525581,0.9318845934453837
2499456874,0.92127003635048
1931661027,0.9172619740123504
1932438440,0.9125957223791232
2499414084,0.9037057349924581
2499615414,0.8957981955398264
2503215820,0.8926543725398685
2499735083,0.8921350131680703
2092783520,0.890185541413729
1929316091,0.881682167435823
2501867474,0.8796252698220869
2501905410,0.8771642819504043
2502915650,0.8750749702689006
1878592084,0.869331766131716
1439332734,0.8683586989069105
2500710612,0.8593300215835684
1879152325,0.8573677571792834
2500246047,0.8474075566323928
2501478571,0.8311266251273588
2501898923,0.8309398310001187
1930162875,0.8224030868833523
2094670997,0.8201988526536483
1879231473,0.8130869112926894
2092768680,0.8113391664360545
2503472355,0.8094521915769598
1931005652,0.8087036268106748
2503113282,0.8038216096640286
2502885067,0.8002787929329539
2501764160,0.7978760599681866
2094672994,0.7948796261603484
1879844964,0.7930195187793441
1434004434,0.7863337077980849
2499226970,0.7847012896347222
1931643635,0.7795672535413274
2092006114,0.7778450245211778
2503045734,0.771979859274256
2499316972,0.7714763433925681
1879784700,0.7663977431986086
1930227184,0.7614540517668743
2501156425,0.760606290794212
2094599573,0.7504321374153723
2091961202,0.7480031453515641
1879905001,0.7473634787831507
2094622710,0.744237062757298
2093023170,0.7422550486033755
2092888355,0.7342027991583269
2500133562,0.7309566836837157
2094587154,0.7249627881706958
1930150954,0.7226583666201057
1933592775,0.7208725951852991
2093088532,0.7134210213228201
2092970334,0.7088033080990355
2501665430,0.6887026776739462
2503531854,0.6867462577754779
2095369707,0.6822113184851258
1427659827,0.6782222034033561
2502451370,0.6772282548837851
2093075872,0.677225665933409
2501326697,0.661715243645275
2091189351,0.647527596119553
2091253151,0.6453645824165858
2093086990,0.6437512128815788
2502171990,0.6400430790007174
2502092437,0.6367867973953293
2502356982,0.6344949223019005
1934313531,0.6340630296300134
1879124215,0.6303853452062502
2092082593,0.6265258702146869
2093898101,0.6171927266077541
1930993645,0.61701711869083
2095391127,0.6084917308121428
2501643441,0.6068387692952263
2094550217,0.6035250766059059
2499720697,0.6028377990153356
2502054707,0.6022291374963555
2093028187,0.5984692347848783
2093023272,0.5938350590119431
2503766167,0.5903640875582318
2091258130,0.590044693842623
2094608093,0.5859317891399702
2500213593,0.5855390636403044
1879801654,0.5843898211463563
1434669560,0.5813126333057054
2501316021,0.5793484139305224
2091991225,0.5703916221487639
2499319227,0.5703065230439438
2092873123,0.5601919236366215
2093026527,0.5592151459068049
1930227130,0.5569451713416352
1930968163,0.5565826994743512
2503215500,0.5565195103664876
1433562390,0.5563394622885734
1930938322,0.551384674802194
1439606430,0.5465941132503648
2092856594,0.5353885204188533
2501279374,0.5347287923544052
2092864617,0.5280984135024911
2500106844,0.5250887989996867
2502358664,0.5232454205460574
2499342081,0.5181202079611426
2092882033,0.5172767312477018
1432924181,0.5129027581389872
2499798530,0.5098066419146653
1434618870,0.5018381183018641
1433228131,0.5003347826473152
2499310494,0.4993076398995181
1433710197,0.4939178164899282
2501731774,0.4902528428347243
2503172652,0.48421861962829577
2092020535,0.4839537322157982
2503528500,0.4772072320588549
1930198433,0.47708826708642316
1930991543,0.47543930636360743
2501109061,0.47246219131076567
2499718954,0.470182035967937
2092880697,0.4691692731878291
2502682142,0.4681956910321754
1879788582,0.4669789540364284
1930210082,0.45988354398827275
2503260092,0.4598416989161432
2095425472,0.45735736893692897
1433107491,0.45191458044893695
1879791831,0.45017817824552303
1433485943,0.44535441085099453
1427648447,0.44446610409783444
2093951330,0.4368799180493725
2095468603,0.43442127030158534
2502998941,0.42790962997409243
2503636432,0.4250795869780669
2095397813,0.416603233126093
1879826575,0.41474975619022814
1879782090,0.41445310746346375
1434155354,0.41359350865799016
2502314702,0.4133204939017104
1933512572,0.3942701288156859
1932646293,0.3941067070371526
2092040984,0.39086390993723713
1879779900,0.38393942110209545
2093863125,0.37160241320156967
1880503662,0.3670245657722492
1880440000,0.36262690155712696
2091190291,0.3572157283105256
2502217292,0.34806855518566454
2500635473,0.33968457319129103
2501965535,0.330016884267923
2092035373,0.3294897781183171
1879238355,0.32944160511421267
2092771564,0.32929941269096746
2094668761,0.3287379410364746
2502238784,0.3260084993854054
2499389062,0.3254309707608149
2091209265,0.31938713391578233
1878599031,0.3171005457473112
2502450323,0.31594051304355886
2092021475,0.31022525772083315
2502590442,0.3034993940470238
2092815477,0.2995935321944347
2503582314,0.29877820594217686
2093862715,0.2980753563897997
2502552852,0.2965150326446507
2502219574,0.29500946892445423
1427808664,0.2892338343084456
2503257965,0.2868778264494674
2095419411,0.28655857256791734
2502425540,0.2819211772301929
2502320960,0.281324077187668
1427842945,0.27819364847981515
1879167575,0.2717580939848658
2500157893,0.2654220010793464
2092872161,0.264773441030103
2093065220,0.26258742463158896
2502492422,0.258231702724242
2503451410,0.2509011919997159
2502188240,0.24935361153226718
2501599092,0.24660627280779288
1879238252,0.24611377118206446
2503026234,0.24386899718339214
2501598150,0.24356775949858453
2093025897,0.23698650714833291
1931013474,0.23046871875358813
2093930581,0.2161786287249138
2501252125,0.21329314134904404
1433531634,0.21184899005848734
2500774710,0.21047095149283473
2500157837,0.2038835476032069
2503742070,0.20337921297393774
2502849382,0.2033271646589757
2500414825,0.200926439589417
2499885794,0.2005637985749864
2499552123,0.19370006669751477
1930224904,0.19366546952950345
1930169244,0.19222439225674037
2499530091,0.18608925321301198
1933514080,0.18363128750701466
1929309083,0.18159082134810467
1432651341,0.18060777979376186
2501853565,0.1801294993523584
2499858797,0.17657309065832155
1880519110,0.17559027786480022
2501479774,0.16586625982724917
2499270867,0.16506896309658542
2499606560,0.163728466556482
2502698673,0.16175725923718975
2501387574,0.16102532881745865
1930937671,0.15957732132537142
2503346140,0.15782118794882669
2501901683,0.15554482745574533
2501721060,0.15281089572608111
2501049334,0.15008221421697457
2502114942,0.148616387918354
2499682364,0.14832640593210555
2501207730,0.14662069016264792
2499282703,0.14470129812558505
2503638252,0.1445628075816685
2499345390,0.14397971286586686
2501726255,0.14261724841070525
2501305902,0.14184027002837277
2502844741,0.14089219511269951
2501904833,0.13949839482005938
2499802202,0.13924408497116117
1931679390,0.139031696912612
2501761580,0.1372198372308001
2503779132,0.1370831345041798
2499704044,0.13556437970400348
2499470951,0.13480432427488592
2501971577,0.13383490161964054
2501235352,0.13326713060695888
2501414641,0.1330098385538842
2501512930,0.13006125449400416
2503465050,0.1283816441750015
2502987530,0.1273577813060747
2501791630,0.12499211301471326
2499470433,0.12479326846533907
2502634473,0.12371663101146406
1933504091,0.1227780879586137
2503924824,0.12009752163151183
2499671352,0.11980111035886051
2502802233,0.11681015112429681
2499633757,0.11613389155581273
2501268972,0.11402563236376631
2499393542,0.11378196215750808
2500342187,0.11202959640550027
2503792674,0.10675108133771018
2501198700,0.10579542859947365
2503725854,0.10318639918415909
2500410693,0.10140270281271732
2500304223,0.09627484074591146
2500409523,0.09570189147109519
2502875953,0.08513846166168315
2091963553,0.08155703677072848
1427827193,0.06432353160629345
