user count in community:3178
Topic id:1,Representation:0.742628083361931
userid,score
2502972784,191.85200544440008
2502453835,179.62824332887567
2500117303,172.75066531048242
2502294870,170.22619956608727
2502368457,169.76640083356517
2499368071,168.4394007306754
2091227401,160.97407659052004
2501669253,156.8797660471775
2502193122,153.92183771437726
2501473964,150.99234522540354
2095402500,149.01808404824703
2096202780,147.77498697984672
2092852901,147.7534630489074
2501950561,147.6826591867518
1930982315,147.2942645620673
2502746283,146.37333644364526
2499476163,144.8188522919619
2094593570,144.7389246612826
2095450235,144.13601371230249
2499718200,143.3957805246438
2092890315,141.9880406905829
2501343091,141.96009937184434
1931607770,141.40865175468585
2094560175,141.0391629003698
1933501672,140.26688901056545
2503210297,140.0811093263541
2092768147,139.26603082198878
2091984891,138.8160784041617
2500178713,136.33668883574822
2501792972,136.21686193669817
1930222465,136.20909505860146
1878587233,135.5322394383068
2096218634,135.27933633643164
2091241342,135.22711906387275
2500342980,135.05989863661313
1879861454,134.8135838924963
1933500587,134.59066292687191
2502656582,134.0748429977693
1930165571,134.02056633950258
2502919853,133.70254933931946
2092824144,133.22572633120186
2092000993,132.63101513521764
1930229825,131.93529473394386
2096259843,131.68253731315693
2091995703,131.67853466039088
2500866724,131.49773373398324
2502824085,131.339942064765
2096244485,131.24199682737637
2095463592,131.05689982800968
2500109674,130.67212082729233
2095456702,130.14881255966222
1930253957,129.73590895179024
1930174345,129.64857871692038
2091212663,129.40717932751375
1879184517,129.28918451925944
1880536125,128.70173007873396
1931666521,128.69433695239576
1931655655,128.44575585194713
1880435202,127.77887992980837
2094650971,127.56455531896417
2503365995,127.51910945718589
1930172525,127.04177277225418
2502081387,126.9446249641514
1878584035,126.90885000369339
1879911894,126.74818253003693
2092069575,126.28349467638378
2091962443,126.27864912309153
2093091603,126.24142924651979
2499646840,126.03248918289883
2503819547,125.9078628139006
1879868534,125.70441208292382
2096187871,125.67722694733393
1880531513,125.67692506312964
1880521683,125.4101702298015
2092914461,125.12609538826
1427862181,125.05085544644088
2502927371,125.01904421162996
2092942010,124.97933300498993
2501179443,124.73321897802586
1433305461,124.61133297386456
1433594093,124.41616908546924
2095403241,124.21897796642949
1931620197,124.07108157923435
1931590410,124.00868377505405
1434000397,123.9720565353739
1879844885,123.74199186540164
1879174047,123.72651660676286
2502723563,123.56373374453854
1880495271,123.5636440807467
2499540550,123.3709539349051
2502643273,123.22488271077718
1931024783,123.19543773722634
1934304752,123.15116272561863
2094610030,123.08037418685063
2499218462,122.88478736643872
2091982001,122.65113231340142
1879775550,122.52679287842858
1931026140,122.45770258031465
2091982014,122.32133091233972
1880502731,122.30025269447023
2092039132,122.11018978810658
2091195395,122.10248439350755
2502951294,122.0338252330697
2501390215,121.87640343611329
2093976291,121.80856926865235
2092951285,121.74837124191532
1932549361,121.55649006006318
2093003253,121.36744712473393
1879834875,120.90064165985204
1879896341,120.89530827970695
1879156641,120.85266723209743
1880434252,120.82834735826589
1931627153,120.25370068164814
1879159893,120.2378082378408
2091984467,119.9975131428778
2091237372,119.95023541288377
2503735491,119.5132907187192
1879792962,119.37422098400152
1879168733,119.34716690210804
1879794964,119.2885561831017
1931615354,119.27166865122547
2092833354,119.2377890612276
1880534213,118.94521688573106
2093050194,118.86412759551727
1879856344,118.45774714741805
2092038275,118.44342989757311
1879904025,118.41303017081263
2502768851,118.2600126087059
1930154233,118.10768282786063
1434351692,118.01742879743378
1879171053,117.95594110371842
2092808473,117.91848579187025
1433554382,117.60064312324477
1933526635,117.37194848144539
1880521735,117.3013814914593
1433758267,117.11230964528059
1931631663,117.09806900846479
2092799092,116.93795659470184
1930176135,116.69519461722149
1879794900,116.53232022719345
2501793810,116.35503533302109
1433996671,115.8948036798425
2501953781,115.86323012537187
1932534394,115.8408122422805
2092066705,115.78727076819155
1932645275,115.78062784427445
2502140135,115.76616618422544
1879771370,115.54852825120636
2501582641,115.38672974549333
1879796033,115.32130923853215
2501091467,115.27001137434308
2095400730,115.18634898080643
2095355117,115.15182765235515
1879788732,115.10071027127664
1930963823,114.98212962434859
2092848075,114.92051729129612
2503130940,114.8254941984183
1930953171,114.67971607306978
1930196420,114.54765363192276
1880449090,114.53437044273544
2096244891,114.52583924962246
2502047610,114.4533458653211
1879162233,114.31410676362066
1930943243,114.29053381143797
1879773981,114.17849525949137
1434392503,114.05106453404282
2503795060,114.04754042479497
1880476793,113.98810753415634
1933575493,113.63477400071386
2092878740,113.56298165382323
2501321532,113.23923419895364
2091181502,113.21023781052743
1878584127,113.1108237536851
1930978814,112.97890629912176
1934320697,112.96312800260911
2092025971,112.93862787858964
1932645644,112.90646236673976
1930248343,112.87173315279146
2503056460,112.85909616574807
1880532555,112.7876797959845
1932457627,112.78406507546045
2503414640,112.76996863761421
2499585702,112.69983709884391
1433057603,112.66082008987956
1880526592,112.38224682469831
1439331640,112.34022929118241
1930945923,112.28869823713617
2092093181,112.12245002341876
1879135361,112.11824894622661
2091260101,111.80778520901185
1879843533,111.67582861931128
1880453697,111.22870470462387
1433341422,111.20721910883675
1932568343,111.12750251015994
2501715910,111.12379702288062
1930140941,111.11235026535967
2503185300,111.03727522741674
1932459383,111.00680986554288
1879900374,110.95726489041807
2093967510,110.77828492889984
2499711222,110.76828452236319
1433158597,110.3024578679777
2093007033,110.27243459754746
1434718541,109.99224147134215
1434766840,109.98975242662614
1879791684,109.97755053690322
1879861982,109.94241768457398
2092994290,109.92611777694867
1932450391,109.63780140730933
2093860037,109.62804531381416
1879823630,109.45805966982354
2093083712,109.39800903083005
1933491755,109.3725620377964
1933572564,109.31761392409682
1439385562,109.23089443483934
1880469012,109.17595772041409
2503789574,109.1542843677324
1878582655,109.13106855584427
1434750034,109.08076099676533
2093076580,109.07144107704082
1879856853,109.03624977682325
2094690957,108.9835962449713
1879149511,108.9321141120682
1878577960,108.91361320463821
2499601602,108.82561851766914
1879145080,108.80408701277132
1879194432,108.72993044218006
1878578202,108.64827586702162
1427716044,108.3030072368956
1879840542,108.15605144517619
1880448245,108.0942495432392
1880447342,108.06811355953974
2500114310,107.90012636019799
1931641951,107.8676576870217
1930162215,107.76091985816794
1930985463,107.67376048742864
1932505013,107.60714922752476
2094604510,107.54662022054333
2502668812,107.51934824935105
1933539462,107.51334030321748
1879196597,107.48216506205497
1879867287,107.45201777794391
1879894420,107.42365013827757
2092806983,107.41785563630866
1879148700,107.40776808826074
1879816730,107.27260881809698
1931658225,107.17666490211681
2500496697,107.10735179674033
1933522340,107.0970330248716
2501947111,107.05269155404177
2503739834,106.99026546169802
2094685961,106.78655661628034
2092914524,106.73711342900825
1433345865,106.72512957104236
1879166904,106.6979568263257
1434510235,106.60594656143088
2500580865,106.595126330295
2499488247,106.5726822542265
1879148511,106.5455881653273
1880512414,106.53922513761758
1932541573,106.46114830348111
1879207025,106.29556804627045
1933561393,106.23980890457366
2092775851,106.23741914174515
2095453897,106.20442007116411
1433417231,106.19355518169446
2502731893,106.13833003676632
1434747404,105.99076827842438
1427860691,105.94914300602001
1931011233,105.94771097041995
1932453091,105.81497705836904
1434083793,105.81023332865047
2502509532,105.76367317472868
1879802911,105.73151837644689
2091950920,105.72684988031953
1879806221,105.71735980405471
1931661347,105.66818699882919
1879165097,105.57357163450408
2500199512,105.5390026639268
1879838747,105.52770908012982
2095437317,105.44959867387297
1930158634,105.34680545275677
1880439182,105.3186447432919
1930969033,105.28620549225818
2095485922,105.1552445233824
1930225351,105.09898217774465
1879802041,105.07774911320338
2091183973,105.05489417791227
1930225993,105.01032694548641
1931015301,105.0063719165168
1879808471,104.99325841389708
2096201044,104.96882623088622
1879169997,104.8385068285109
1878585421,104.83394392000164
1434310311,104.81828306084353
1879784077,104.76109020045166
1879182765,104.75915783847162
1427672811,104.46904144090614
2499428540,104.46811919963517
1880541425,104.27763575327975
1879154851,104.22896457232424
2501698365,104.22611912779126
1434184805,104.21507816048197
2092063751,104.09131573915067
1930955494,104.08355652827761
1433636373,104.04981234883944
1880507755,104.04316823281579
2499553550,104.00722105387302
1930187431,103.85207656482237
1932542753,103.82759208105111
2092056530,103.79203482114023
1434419542,103.74012319413785
2503415980,103.72501758619953
1879232854,103.67682722338766
1930955163,103.66828438965535
2500476697,103.64608704778965
1879813564,103.62062395689212
1879835433,103.61154383797766
2095368283,103.50650379031984
1880526935,103.4676715509828
1880495045,103.44776085019411
1433933491,103.39636013367831
2502260154,103.3673571883098
1930990001,103.33523208237
1434081092,103.28510463070982
1930953733,103.27892712025911
1931606564,103.2168911243074
1879806462,103.19970140158408
1879167282,103.02965808401386
2092967043,102.95196378233845
1427731845,102.75974473929283
2091201194,102.66420043892265
1879840017,102.63006499318028
1879803475,102.16075630311374
1879899837,102.09217980713726
1878574173,102.08415305094825
1879189555,102.0589756615479
2500162972,102.0409416016617
1879141351,102.01025157588839
2093968013,101.91722769945568
2500161752,101.91143392380725
1879797891,101.89135415116282
2094644051,101.79142610049746
1879810073,101.77721262987893
1879789757,101.61773918978088
2499701364,101.49695601448943
1930188835,101.4444652204727
2091966895,101.43817643097819
2094675562,101.40454668886761
1433764400,101.12630536692231
1880466742,101.10387412388074
1434634922,101.08133130788312
1427869902,101.0490885945823
1434559737,100.9945144615839
1931604093,100.81098513858402
1879890940,100.79918132848782
1931619101,100.79651881502544
1930222534,100.74676165862508
1930177004,100.73279797890328
1879903355,100.72849917544612
2499529310,100.68434297185887
1931021683,100.66159802302047
1880440770,100.6591336684233
1933510195,100.652173621089
1930160684,100.61125752617313
1880512827,100.51706009623092
1930178262,100.44734798467762
1932548213,100.43897901710062
2503716041,100.39243508202463
1879169402,100.3605719453899
2096238664,100.213675977607
2095404001,100.13694407790148
1880528621,100.12775140393823
2093966457,100.06554205672633
2095489587,100.04034033876779
1879176622,99.87918267296513
1931691851,99.85375309716635
2502835711,99.767052889215
2499590433,99.73806685192775
2499218784,99.65724204871874
1433543690,99.62791137014732
1931686391,99.59662109588325
2500289390,99.56863310529498
1879134392,99.52156790654136
1879230850,99.43137650061944
1439386423,99.30218456451178
2093967037,99.28878992038152
1879902582,99.26513079264392
1434768663,99.16033667962816
2092971103,99.11706357789221
1879184891,99.06226369901368
1930244925,98.9347719210181
1434224753,98.92380256671193
1879200053,98.90260364668887
1434190202,98.81247038221495
1880491875,98.68490926403817
2501491620,98.64369598829369
2093085513,98.59040720968714
1879195004,98.58574188917085
2499282211,98.58223106236059
1930940283,98.58197474831132
2500809501,98.46091552996775
1433833077,98.39989668529205
1879888805,98.3707830663707
2095382730,98.32272788824822
2093046393,98.27862244661176
2501468972,98.19808690796977
1879777331,98.05029479369308
1933536517,98.0329617382551
1880457192,97.91968997157566
1930207641,97.86159214249315
1879779583,97.84433849011575
1930220551,97.82436630929304
1439320732,97.78202357519193
1930157535,97.7556369007146
2501439933,97.6724774660234
2094651713,97.57723261722296
1433899854,97.51587556764446
1930196863,97.48537214274118
1880447703,97.46459174028305
1880504282,97.43152578033676
1434747630,97.41033652921989
1930927003,97.40091800849011
2499860350,97.39578526399214
1930215645,97.35524261836206
2091993037,97.29098077343998
1879768804,97.19894302958934
1879134702,97.18682716090522
1934322984,97.12564121447625
1930982635,97.01159788175633
1930228001,96.9917760645705
1930992041,96.91279647103994
1880454912,96.88810257684626
1930994834,96.84714162468346
1879190741,96.8287580651948
2499486102,96.67676244440202
2499600715,96.59430082507983
2501670035,96.4818428737227
1878598573,96.41772172617317
1434460071,96.40154155984817
1434440064,96.3276166931355
1880450407,96.31421518874785
2091963164,96.26679062424921
1880450772,96.215343797672
1879850750,96.16116251622437
1930956663,96.15323093589848
1879179924,96.01817966711185
2094639653,96.0020092114876
1879854537,95.96350703530918
2500941035,95.95801560537808
1879837990,95.86295571003478
2092003205,95.78809457543875
2503628165,95.77521520666804
2096207992,95.739592227748
1427701864,95.72348757355155
2096247543,95.49266159419288
1879137657,95.43202079738424
2499575284,95.42384792529077
1433872087,95.41545137126143
2092922295,95.3112274641343
1930944562,95.28594672370787
1880526407,95.26766097162572
1878580667,95.26374114044333
1879812695,95.2316500853236
2503390892,95.15723514337702
1933601152,95.127290919367
2091252791,94.97009775407273
1434498742,94.96702317247589
1931641727,94.930259689262
1931672847,94.86144914626324
1880500503,94.70646075096077
1878577095,94.58470912779177
1879225737,94.46330824418135
1930253297,94.42873098829043
1930233401,94.40920063746162
1931626407,94.37271864580318
1930948044,94.31144110604404
1434732715,94.28287392214818
1933562353,94.24304663507169
1879908067,94.20533548613157
1933502477,94.15788802867513
1878586877,94.14308532818076
1931602815,94.13656483926832
1434585263,94.08727550106283
1433447725,94.04878633784118
1879793210,94.00186472909178
1932496917,93.968455273078
1439371020,93.90286860833208
1930930292,93.88644712900317
1434510764,93.71497021818867
2093870940,93.668925741967
2502445640,93.6664559044084
1878596574,93.63394567569883
1433830194,93.60106403253847
1434338352,93.5258754888003
1434341077,93.44345496843708
1931599557,93.4326018171037
1930950300,93.42318351696666
2502955872,93.37729155770016
1930138403,93.36555272882867
1879876820,93.28458108245304
1433647611,93.27241762646867
2501580822,93.25644713968329
2094679910,93.17690850992186
1933505515,93.1621517247252
1930195211,93.07418935597005
1879241531,92.99735083164948
1880478602,92.88038913544302
1432785024,92.77894237394534
2092780115,92.728320354009
2095377410,92.7098104631158
1879786732,92.68580302880216
1427682987,92.66347354774508
2095391795,92.63794165572237
1434531735,92.60992921746791
1930156640,92.6064887952932
1930938422,92.55723147211529
1434711685,92.36521551274305
2500801210,92.36432374734392
1878586385,92.30338146500046
1880540863,92.26731946912838
1879155935,92.26172310506342
1434421631,92.24416557600908
1433665610,92.23687232107838
2095453721,92.17754590864064
1880451182,92.10499250626947
2502781687,92.07216431355238
2092043947,92.01248409576587
1879872902,91.94016395646204
1933549441,91.92237790921774
1879156402,91.92113216820074
1879831662,91.84574969035367
1434420081,91.71675548006877
1930949072,91.63042183730073
1879227784,91.61446880328712
1880510905,91.5183257130301
2093026454,91.49518069176334
2499211421,91.45309558448993
1434263584,91.45189093595508
2092067403,91.42913683083711
1879200961,91.39154188687121
1880428513,91.32256996784355
2499446312,91.19027132328243
1931644995,91.12074954138144
1931626655,91.11336140758667
1879849895,91.0897949653253
1439591115,91.04798307849502
2501634180,91.02733170727217
2093028210,91.01008560640216
1880488485,90.97639774028552
1878578191,90.96359905362894
1880492085,90.95795104115871
2091282502,90.94715399687317
2092066853,90.93681109680878
1931685907,90.836331836319
2094698452,90.77005341975908
1879231355,90.75171975817713
1930969773,90.67747014297083
1880516174,90.67120000632916
2501762335,90.50003285962063
1932585327,90.48342529997056
1879224264,90.44669853263554
1930155762,90.4394192865801
1879193925,90.3964646386411
2503623450,90.37979352057577
1433575465,90.23614508496244
1427890455,90.23341527521892
1931673484,90.141235416069
1930165154,90.11941017702449
1879210993,90.078442675324
1932568125,90.04366506561372
2091956291,90.01542012232458
1433714461,89.94286327010235
1433631280,89.8372804513718
1433341277,89.83079460929709
2499826160,89.77736007375242
1930974695,89.70792976470433
1931029115,89.68319132892596
1933528515,89.68028940731078
1879243234,89.61641075395335
1880494010,89.59733453567968
1931013913,89.57459641187046
2502073210,89.55027436002239
1931645227,89.49820747282817
1879816440,89.47941384918228
1433305747,89.40755189660229
1931590945,89.40475147811924
1931654123,89.38140308599522
2094656850,89.37894047974716
2500991640,89.3578648598945
2093954513,89.33831960046753
2502441550,89.31966382882449
1880477391,89.31842071903759
2501616304,89.25671079574563
1432936420,89.203846789135
1930183927,89.20142165649777
1878581001,89.14780279750768
1932430190,89.13928628343297
2093022531,89.08331323617139
2091270821,89.06097390286924
1879151193,89.0455782745141
1932526457,88.94112064226037
1434717217,88.93837347099134
1931656571,88.93749792018133
1879194601,88.93744343624124
1434426213,88.90661007128686
2501810187,88.85884808060815
1880497114,88.85859488516955
2499230872,88.80526914848889
1930196795,88.77862133023866
1879898995,88.75240957484809
2503513380,88.73113335822273
1931693170,88.71282410011739
1432805264,88.66058615822082
2503583390,88.65383823512781
2503922934,88.60534282845002
1931633151,88.6023771769683
2499445673,88.58054965272332
1879134130,88.57534944154308
1931665431,88.55415143001635
1932498447,88.52675956350731
1879215861,88.47904964891954
1880501330,88.4788593506633
2093878794,88.38421314648706
2092996530,88.33085202407688
1934314961,88.33056606728076
2503768020,88.26882782163275
2095378413,88.18960446194609
1434771544,88.16282997844098
1930981344,88.1205961908922
1433481133,88.0650436873211
2499238152,88.06122160492309
1879839551,88.05488758755156
2092958540,88.0375900310614
2500527117,88.03055358546985
1879223590,88.02929472714902
1434137012,88.01803788394187
1931640457,87.96952580621976
1878604512,87.9602295052932
1433219737,87.84871803989046
2093031417,87.83456301221382
2499703585,87.83125725877073
2501369984,87.81829968294943
1880488212,87.78648393013069
1930950260,87.73524320481488
1930183113,87.65701229863832
1433229632,87.52732898119858
1433668467,87.50817396287891
2096262830,87.48185912372853
1434763932,87.47603447589154
2092054937,87.46595966467717
1931632375,87.41669509689734
1433518063,87.38888889916792
1879899142,87.37951253544922
2091986543,87.35864773378513
1879200502,87.30109146726228
2095489837,87.25224734486261
1433668703,87.22281932800735
1931657053,87.19852341436736
1879797051,87.1674777012817
1427864260,87.03830848741428
1931603865,86.98868562969943
1433063440,86.86833094251686
2091969387,86.8487374902377
2095349894,86.84648320158483
2502850823,86.77311898567349
1434769525,86.771138219641
2501567841,86.7590919785277
2091252947,86.67707258310887
2499846657,86.66180406008121
1433691375,86.65107712168762
2503800525,86.59143715715905
1879142160,86.55089455004727
1932556065,86.54771659105069
1878599187,86.51633737433562
2501038712,86.48550762346996
1427830533,86.4584742123007
1880536880,86.37021502194943
2503865540,86.36327634329496
1930978534,86.32132391647573
1434721137,86.29218379893528
2501209342,86.09262921343185
1930965767,86.08471194843345
1930239843,86.03545743060943
1879130233,85.97858986078626
1879824034,85.96191919302859
1879828032,85.89824937499735
2095336533,85.89455606867547
1879880354,85.86684447369666
2500340490,85.83481342979128
2502198263,85.75245912289351
1434757120,85.69926784956547
2091181713,85.69355339508049
2502599653,85.68885357281606
1930996643,85.62714323367909
1434755755,85.60479683951333
1930973297,85.54977715585065
1929307083,85.5001374025917
1879878010,85.47718811962618
2096185780,85.46648487927901
1432703867,85.42166107620478
1434536551,85.40112106942992
1933514114,85.35216324391149
2091246714,85.3179959594069
2092015653,85.26105920002682
1433727052,85.1996220467333
1433864152,85.14863208790425
2095414645,85.12329426372237
2502336984,85.106524679785
1879805097,85.07907306723835
1879202050,84.99994126631567
2501353714,84.96951650120444
1434114220,84.96122822520562
1879812770,84.92981595487926
1933529375,84.88753799633763
1933491244,84.77410308822869
2092022164,84.69043862602824
2503516244,84.59040842045358
1931610907,84.57317792177086
2092895693,84.56833298864969
1879870332,84.51017635289269
1427855105,84.50695957429416
2092884813,84.49153110004639
1434333017,84.37420613274217
1439414705,84.27737736066145
1933592057,84.1898565356755
1932638224,84.15171903192652
2095384362,84.10635950382868
1880514311,84.09695117465307
2501384551,84.00111625197484
2091214637,83.98169877801936
1879126995,83.9757558549547
1930166385,83.95992975845671
1879173071,83.94384302797127
2091275554,83.85489174086793
1931629247,83.76166661823136
1930220847,83.70163489715829
1933577791,83.57789843141391
2092903445,83.57154834413656
2501965674,83.54658756375997
1879184040,83.45590813496025
1434491204,83.36265919910267
2091208623,83.2799169719571
2502822742,83.27625773970296
1931003013,83.18579581127882
1933543465,83.15688671626846
2092089121,83.0746087161416
1932470121,83.06365468460218
2502235563,83.02420980984901
1879894863,82.84827670561126
1879770063,82.77498386169297
1879777673,82.71587578133457
1433070232,82.68845910296737
1930965995,82.6402759398231
1434564321,82.62601534972615
2094605064,82.61379250753484
1932468067,82.6092277762753
2095368143,82.60264238139447
1879142512,82.57523096321943
2092053641,82.5245219247435
2091998937,82.50715855752628
2091988750,82.46097507775133
1880501980,82.44142388222677
1879146051,82.44058318446514
1879234602,82.39751539196138
1432691295,82.34545739269404
2499631330,82.30542821260785
2091973893,82.24632298665637
1930224053,82.2351258314574
1931592705,82.02718747211088
2092879621,82.02357946805314
2093960491,81.97975711710242
1931002392,81.97946849378938
2091955361,81.9588692412336
1930226962,81.93996627240783
1879207284,81.82701655753847
1439362620,81.82668076765289
1433935884,81.80386391580427
1433141692,81.80362466256403
2091224645,81.62273623545491
1879797933,81.610434375985
2095401971,81.60063411980302
1931594170,81.49928297292787
1933565513,81.46673410839881
2502691713,81.44704836763769
1433503065,81.42497618002555
2093881290,81.39952647259588
1879803624,81.34927644529515
1879140633,81.2280655116775
1931668791,81.19309832621451
1932552691,81.18702273254988
1879126244,81.18117130227351
1930928551,81.16749282199174
1879137674,81.16370837684508
2091963161,81.07825624966345
1879855071,81.04533488282735
2091205603,81.02943200665928
1930932124,81.02909835409966
1434732514,81.02124863052829
2503440444,81.01358222025338
2096185777,80.99031167544416
1930249087,80.96195710642581
2091261215,80.9461348228588
1880538272,80.90138397720273
1433609564,80.89059305979717
2499722571,80.80899636735492
1880466722,80.76262082036028
1878596054,80.73049036462565
1931692594,80.72472298366792
1933578004,80.6718921011045
2499517262,80.67100057894817
1930196033,80.51222744883957
2502082510,80.51062154233729
2096257452,80.46861313750887
2502729377,80.4555131785484
2092790393,80.42104184193164
1879828401,80.40351466255758
2094602937,80.34728867425916
2091255017,80.341327992038
2091197941,80.27352898863575
1880438257,80.22656170170892
2091250017,80.22420150958786
2500299700,80.1897177598402
1930219773,80.16179680361405
2500910092,80.09796576393232
1931677815,80.07668044017083
1930191663,80.04739934796422
1434029707,80.0386121389341
2091216573,80.01748533701614
2502909364,80.01625143641479
1934323725,79.98027406561212
1879844887,79.96454649588341
1932548365,79.92946108145624
1931639725,79.914921116371
2502742444,79.89492466222588
1879813020,79.86993267164102
2092883075,79.86804581497952
2091250994,79.84593349432973
1932448024,79.82083292561848
2501822880,79.74439485087676
2092979117,79.73447874281116
1930999350,79.7016907792695
1879143957,79.65651513070515
1931679971,79.4720027447954
1433596983,79.39935824638013
1931658307,79.18392836592614
2503847682,79.18239240204973
1933590363,79.073022169531
1931675414,79.04441205397322
1433603622,79.03508719553457
1879894654,79.02144903296073
2501852257,79.01298126866452
2093882415,78.99772473167963
1879232197,78.98944140716057
1930940544,78.97202402147632
1433294943,78.95051287240756
1879212093,78.84241176137412
2095467563,78.82860818925784
1434641584,78.73057835568815
1930219040,78.68803867750272
2503193011,78.67502239323301
1930186197,78.67194949796807
2500851610,78.63051500497522
1880442022,78.62104241356069
2503803340,78.61010822366596
1433606504,78.60774282384506
1434595863,78.5608075133004
1879170940,78.52619051002459
1427758353,78.484833070926
1879790140,78.47130337266347
2500682675,78.41753100399151
2501954140,78.40829263082645
1879139004,78.32840872382552
1879187595,78.32351417705183
1433385411,78.29399885206911
2502731733,78.26578504351006
1930228511,78.22621663014483
1434660360,78.19535291581886
1878594043,78.18921854663814
2502635747,78.18747288903486
1930246545,78.18072095640329
1879785245,78.14617642960509
1880503964,78.13595400259784
2092031893,78.10605400258791
2499205517,78.0694748015529
2095383675,78.06030294319582
1930164227,78.01924735395329
2093853633,77.94666241208324
1439387340,77.91266864465285
1879890132,77.91103979921922
1878574921,77.9014589124948
1930165005,77.87818308988687
2092963791,77.82846655291038
1432725934,77.8214211763083
1878581232,77.8145154047097
1931012665,77.74410471792336
1434654963,77.71862199024676
1930207255,77.65670659840256
1880503815,77.63941443316473
1930247287,77.55380452719297
1932526717,77.55043696480568
1879189547,77.41130044642972
2095370230,77.36515799766046
1427785057,77.36093386725793
1433845555,77.34881877060226
1931602441,77.28906836737814
1929310313,77.28457183467451
1879900004,77.21260619442383
1880526357,77.19946017137444
2094662377,77.18601610993481
1930211141,77.16974927766015
1930149725,77.12503244667023
1434447807,77.00944801563602
2502124400,76.9920507087858
1432791601,76.93644982739941
2500148685,76.8271015038
1434066772,76.79965853169718
2096227133,76.79568884122116
2499603604,76.75693543727363
1878577443,76.68555822612065
2502371533,76.67913773927955
1434643147,76.57871659653425
2502850240,76.56590582546231
2501655084,76.5545815724748
1879912241,76.51289645071243
1879908932,76.51058683849215
1433478450,76.49782176592413
1930141241,76.44582247575416
1439597407,76.44126084445914
1931688484,76.42341300841126
1931592542,76.39897146173983
2092093090,76.3820699376774
1930963421,76.37655038959477
1879136302,76.35719204932008
1930152335,76.33603776459417
1434639643,76.33144942921462
1930971677,76.3288370739121
1931638773,76.30599273859157
1434119177,76.29683249128654
1934302332,76.29153331466651
2503351750,76.11217643762674
2092951443,76.09131278561249
1931674021,76.09046678471421
1933537260,76.07946939771595
1933544141,76.02972865879042
2092077323,76.02274860657305
2093000957,75.99710192294047
2092814872,75.95013792247757
1932648625,75.93791404156455
1931661997,75.90064548439919
1879882765,75.87934063363211
1932541935,75.8543195978966
1880459165,75.8530169281024
1930966837,75.84914698919081
2499290194,75.83359824436867
2094569183,75.78719407210414
2503473880,75.75937269536381
2092984265,75.75742757616231
1434348073,75.71239813935362
1879832410,75.69135805042364
1434228821,75.66784128211343
2502078922,75.66159837265101
1930939995,75.65227134826655
1879841224,75.64373036166776
2092857535,75.6392685721693
1880445213,75.60195238283849
1879822043,75.59794076851794
1434532894,75.59644561027153
1930236085,75.57190993459227
1930149441,75.57090627320946
1880481251,75.50946641332398
1930207171,75.43581284649183
1934311923,75.42965180645946
1434642151,75.425880154886
1434730644,75.41186963709958
1433943210,75.35209611028876
1439462111,75.34503346574925
1932500584,75.34317679568592
1879138273,75.24731600601606
1930216252,75.22678031731992
1931017185,75.22377230346497
2499266922,75.20456938167081
1439506484,75.13166545984848
1880507394,75.11582802595356
1439451013,75.09745627172221
1880466291,75.08570784548849
2501161275,75.06025724556218
2091276091,74.98095903258347
2091191900,74.97547160453904
1433742643,74.94879640357297
1931629201,74.94556762065714
2501252461,74.9356061616216
2095464937,74.86808729894496
2095474875,74.78818814575818
2092072103,74.73728298388167
2501886235,74.72255004089334
1880544771,74.68557055855756
2092876215,74.68364535340311
1427716985,74.65123220637831
2095461623,74.65028343177865
1933516660,74.63054218556734
1439551730,74.61249702507823
1434593852,74.59988808104093
1879154083,74.59629059487548
1932505485,74.56641312380022
1931028585,74.54212710328504
2501965622,74.45453016410818
1439626837,74.43296616461572
1880519011,74.43294604028023
1933509284,74.43176652103314
2502535787,74.4182956546333
1433959054,74.37325409309233
2092022400,74.33698539877815
1879174594,74.31178424177583
1433646237,74.26131997355057
2503385734,74.25983083532219
2092087977,74.23338295810439
1879815392,74.22776329859862
1932629414,74.19279500595356
2503261990,74.14199817120102
2094619862,74.09942439100294
1930183377,74.08013985645192
1932544583,74.05133391363582
1931658070,74.03178572704533
1880443695,74.00572808313598
1934307724,73.96617635326895
2092815833,73.95984402892012
2095399021,73.9024326881716
2500174005,73.85605437501273
1434182501,73.8429915709416
1879234001,73.7953549066267
1434426421,73.74611183059855
2502307687,73.74394023551677
2092824721,73.6818176889855
1879867475,73.6797400102402
1879843151,73.66191019858381
2501670285,73.64542861200466
1432735085,73.5911980925472
1930214863,73.55309820512807
1879847300,73.54736868531853
1930182093,73.48675778768899
1933541191,73.40796097171668
2092861690,73.36253893988508
1880535191,73.27511345793023
1930245992,73.1967569189113
1933511405,73.18142555382504
1879135231,73.07191722686336
1880497102,73.00673854911044
2094655364,72.99724366703497
1879132835,72.98261414190132
1879167280,72.97626820890231
2501174514,72.95140833360288
2503718362,72.92179563111516
1878596620,72.85348628413107
2092995194,72.75751083168916
1879150034,72.75302464379095
1434138737,72.74684551327483
1933549843,72.68243372984733
2093877881,72.59496585003494
1930215614,72.42798466578527
1434544513,72.40105818849247
1931618645,72.38119782715535
1880443285,72.37013891210583
2500110331,72.35972635919123
1933521987,72.3502005871605
1880477263,72.33428264804333
1879901255,72.2927717548005
2500945574,72.2754696802181
2503478215,72.2704013962418
1930148975,72.22650853457488
2503731217,72.20667515788463
1880543295,72.1593499513772
2092938840,72.10881478132072
2093066435,72.09852533301623
1433298592,72.02789305573157
1433310914,72.02753940835156
2501943412,72.0200810611417
2502514097,71.98953806413213
1879896024,71.93458899676205
2502471393,71.91834744840293
1879781792,71.89440991158993
1879815304,71.85827351096133
1930164047,71.78968381576946
2092790224,71.78560984295216
2092033437,71.77044143674578
1880511843,71.7635624315189
1930253713,71.72836341068128
2501439690,71.71228042750863
2092918875,71.70705149303039
2499511530,71.6625054621279
1433302311,71.6481072021948
1931009925,71.63615681455332
1878579107,71.62841512644735
2091974085,71.5944649526849
2499535565,71.56490976923801
1932584891,71.54645576715544
1879133002,71.52483183616228
2094568234,71.5227318943613
1434193271,71.49639517956723
1427900227,71.3854419300369
1880441331,71.34225521348935
2501385830,71.33986243750626
2091948333,71.30376968132077
2502260182,71.26848128782069
1931693722,71.26375199011582
2499212230,71.17059146641141
2091256321,71.16914088653816
2093956093,71.15810764511689
1933525414,71.14240160896935
2092825207,71.08092029704052
1879884724,71.07014153536878
2502168854,71.05195189231272
2501524180,71.03543523393637
1434542493,71.01461284169955
2499213580,70.98761115156347
2094582245,70.95435139833042
1930204572,70.91973752390535
1434419591,70.9131007899563
1933501687,70.89143309933563
1439502590,70.8871092175495
1434456800,70.84941919496457
1880474951,70.84007624082753
1432674253,70.8163000470915
2092789061,70.7729742404751
2499276117,70.69162077849474
1879856112,70.65159011079041
1929317197,70.60649468229089
1879176392,70.5297949345414
1434199081,70.4626337015185
2091253535,70.4378406119137
1931670622,70.42975374817186
2094632757,70.41731857344914
1434283474,70.40132008148132
1879191871,70.33042400935508
1433230401,70.3226274109876
1932495905,70.32030860871491
1878593964,70.1971635809148
2500655062,70.18970342591409
1434744771,70.16872702035569
1930944465,70.16562342698667
1879204481,70.15981300400937
1879802107,70.13523890087995
1439482777,70.06057716674661
1878575471,70.03851565817016
1879128395,70.03727118486583
1879199610,70.01047980820971
2500857540,69.97807378008129
1434553561,69.96542142122638
1879860222,69.92542354872539
2503652512,69.92144322091517
1930970873,69.90724713886786
1879151823,69.89999282232048
1880451887,69.8904439477536
2095406713,69.77326911552305
1879768104,69.72278998117636
2092073525,69.70582214453415
1930145571,69.66366164173441
1878603625,69.60156240973667
1880520570,69.54660510627163
1930994542,69.51331098379474
1880534613,69.49191796735089
1932446255,69.41675769057086
1439532923,69.39312380330254
1434504367,69.34381616625397
1930981352,69.33129242642426
2502022884,69.32130372749513
2096252547,69.27685755627749
1932620974,69.10772342117797
1932453615,69.08901450706026
2091998194,69.01915200607957
2501282453,69.01215189149893
1879144844,69.00051931373947
1880476042,68.99670506877779
2499835172,68.98799142685468
1930997573,68.97273011107578
2095346133,68.95693200799663
1434489412,68.8885243383024
1879191701,68.86979080745714
2091976587,68.85357471783246
1879812904,68.84910640026767
1879857984,68.83435128754874
1433059564,68.7848848415743
2499670265,68.75885693919082
2499573814,68.73766112772769
1433646922,68.66977552436371
2499874662,68.65571604058462
2093978867,68.53466863255312
1933561427,68.52930340118208
1930215635,68.47261027623478
1879132554,68.46425820202244
2501760072,68.3986187590477
2502092911,68.39730876989414
1879824454,68.24734011745723
1931646343,68.22602034571416
2501004621,68.2205951993144
1434139611,68.186625794513
2091989041,68.16834593819735
2501440053,68.07675209763948
1434502651,68.02011098522141
2092796927,68.0141111887449
1434596923,68.00932059097893
2502316690,68.00903380611919
2501846295,67.99944892413149
2501607020,67.97860478614552
2094629835,67.97064486580204
1433378471,67.96830537704905
1930948903,67.95993551543299
1930148371,67.90814559921928
1931648893,67.83710013350122
2499534042,67.83317501780458
2091239712,67.80219834756475
2094676253,67.77980923272281
1932452561,67.7437296621191
2500203413,67.74080689645177
2501789540,67.72035855348268
1931588647,67.70693105844045
1930984960,67.6900074292964
1880461842,67.6834624761192
1433685875,67.66161416109759
1931638127,67.597241918024
1880479792,67.55011775604942
1933496003,67.5225842188069
1879903515,67.44231403914935
2501745235,67.42340423329107
1934322781,67.42259947872432
1933532702,67.40519548500511
1433903955,67.40148647824665
1933568853,67.39574833232848
1439459871,67.3549860941157
2095453367,67.34751896485658
1933525097,67.33708767377932
1879789243,67.33432392715488
1879845963,67.32540767776663
1879804230,67.29878779861183
2092944627,67.23057816462381
1879848224,67.21814464699752
2499255137,67.21478285525627
1433711954,67.1438031332045
2503066912,67.12435668377347
1433684545,67.08435964417079
1933540517,67.08369702531378
1931588261,66.91922495259365
2503675931,66.8785919184828
2095410027,66.86145972443973
1930232087,66.80898825162386
2500522135,66.80218700230998
1932470601,66.75748882378934
1433658445,66.72565577721656
1433595894,66.64726238450909
1931008083,66.64182256999895
2502160832,66.61777952833111
2093990220,66.57327131261692
1880504060,66.55371733351458
1878584581,66.51551528000674
1879227165,66.46610934596987
1433562093,66.46283134861517
2092836355,66.4612870696071
1879241787,66.4587262719051
1434282604,66.45698621219293
1931670954,66.45052053157637
1433277800,66.43404854250115
1434424964,66.41270751207912
1932449774,66.37292061769995
1879192453,66.36897641651746
2092917647,66.3423472879298
1434282653,66.3226687397402
2092939483,66.32096690496661
2503823792,66.28573465594492
2503620760,66.24834087565513
1880527400,66.22715362595426
2503441821,66.18238581254815
1934311760,66.14815621169119
1433245247,66.1292479083906
1930162385,66.11494533366758
1439345361,66.10721084983263
1433385627,66.0708643553071
1930248475,66.03297725895249
1432725760,65.99398730238457
1434345395,65.96800367376935
1930175220,65.94384582586848
2499760460,65.92576345409475
2093962521,65.9246926752382
1931671902,65.91981933183897
1932513320,65.90221145684171
1879204733,65.87601388807263
2096226313,65.85048259751046
1433601890,65.8241482173754
1433228560,65.80589915674462
2503535262,65.77156447432938
1930969505,65.77029665889322
1931592151,65.76786073001159
2501037812,65.73918111867006
2502452763,65.71555074677524
1930145635,65.69973700597326
1931660912,65.69516284411925
2503626602,65.65727007151567
2096257231,65.63087022657444
2093030757,65.61798964047681
1880459891,65.56794328139807
2093919637,65.56535570666585
2501680722,65.56528251224488
1433032790,65.50887634826019
1439612393,65.44569287886405
2092922035,65.4083653707977
1933548690,65.3867042866859
2503656442,65.3811724316657
1930212753,65.32085564119296
2503889531,65.30848241138642
1879234880,65.26004848832211
1930140375,65.25114101151163
1880479080,65.10126879057576
1880500567,65.02842031433278
1880483405,64.98533767976629
1932517774,64.9302993684149
2500398013,64.92831851383794
1433962915,64.92636110219455
2502871610,64.9129615954549
2503931324,64.91107646705998
2092020053,64.90439008964684
2091204570,64.89981454853837
1434143190,64.8467351097118
1879811431,64.84132732536504
2500645250,64.82920752712087
2503647720,64.70318910054667
2092815185,64.60847725087534
1879837111,64.59290888838112
2093864421,64.55781784471763
2092986322,64.49766133281133
1933491181,64.48422106806035
1931018977,64.48357374515663
1880529157,64.36581982144088
1879894060,64.26016864470776
1879776463,64.21238426535923
1879912811,64.1665787184112
2093079835,64.15403927216838
2502586772,64.15102889107081
2093029673,64.1279924632581
1880512672,64.09811152021082
2499241432,64.04167195399555
2502479894,64.02653964251992
2500953563,63.98505322687865
1930188871,63.958986468963595
1879841014,63.85592821399244
2092818393,63.811510501194235
2500413904,63.73698294737452
2499883642,63.672721325409746
2092868741,63.67101180283466
2501295122,63.60226878845121
1930981985,63.58802009728268
2503862422,63.58748955179331
1427854112,63.575423245804615
1880532025,63.48564005709173
2093991530,63.47483818581446
2092763133,63.41975085422866
2095375077,63.32601466916004
1433999665,63.31326428154856
2091204184,63.25114061224463
1433066175,63.2362143655949
2092926110,63.092961003339845
2094671381,63.06271142642979
1432663931,63.05807556556188
1879847921,63.04336068594387
2502365924,63.02574623603206
2502294542,63.01102023771059
1433596194,62.99488398257648
1933519427,62.96276551058524
1930170022,62.88713956500742
2096191451,62.86500408039248
2500104713,62.83560344473744
1879161730,62.8307031225567
1930958424,62.810570223240596
2503892540,62.805455116493896
2499463584,62.80464501138738
2093900827,62.77796929311851
1879124530,62.77169215744929
1433135800,62.7227302379899
1879886614,62.64955600102039
1879911024,62.6471343911945
2499764350,62.63023394756686
1439430370,62.60603569442895
2092775241,62.589485003682654
2501862952,62.576154308628624
2500552377,62.54136058868802
1930988275,62.45255387015997
1434380940,62.40860382438373
2091228570,62.34530397148823
1433639300,62.24462274873508
1439422443,61.988524374968065
1879152222,61.96953430661975
1879883554,61.89928642314221
1879908332,61.87115140338072
1879147780,61.83295358685779
2092030383,61.777346764416876
1879135063,61.72041208796321
1879878690,61.658507332299955
1879160491,61.583380695606955
1879802454,61.541464235382605
2501244310,61.504886054591026
1427751511,61.36136693668013
2093986285,61.343387679868115
1933591323,61.323379913107395
1931006322,61.28302828131469
2501749142,61.26264519913742
2094562911,61.220719476653265
1433713134,61.21065809957407
1878601113,61.20388168265475
1930238760,61.199633809205054
2093867161,61.193797664345134
2093931387,61.19080710364124
1879129987,61.15206526882056
1434203610,61.14699692424717
2094559220,61.099336322410295
1880470220,61.09917189143393
1433072795,61.053304469801716
2091248795,61.04628273686406
1931008345,61.04600729736239
1880518065,61.03954962362496
2092052657,61.01153380768653
1879774441,60.994460679056544
1880502085,60.98176581082074
1930936075,60.966580405673696
1930198160,60.85346196714032
2094647985,60.823186141370215
2092846992,60.789487221800194
2094623895,60.77280003789746
1931648751,60.757103621529325
1933511781,60.74802923011403
1880456851,60.721618821561485
2092864580,60.607659634792164
1931617721,60.56410549685105
2092091702,60.51095832427904
2096216827,60.44211621157305
1878602370,60.43845137861556
1930947453,60.43771350634445
1880433195,60.3859008483279
2503846183,60.38568516633622
2502530682,60.36883269294344
1931681182,60.351384492907876
2499721744,60.338036973044524
1433265597,60.308168336168144
1879187432,60.123237727727854
1930148957,60.11128396453545
1879223875,60.08713690384438
1930228834,60.03342456849922
1879134031,60.03213530003481
2091976697,60.01814337588967
1933521107,59.95129215403591
1434507202,59.928732673466705
1880522272,59.92662744504617
2503480454,59.88083992279158
2094560147,59.86884693019531
1932499622,59.85508030868377
2499252610,59.8406444088403
1434618061,59.71550978146236
1432645403,59.71345805864268
1932428662,59.6843962205256
2094646703,59.67964836498975
1930954471,59.67650776117558
1432616984,59.663227216564565
1439377027,59.55147763347515
1934315867,59.537464928748015
1880535341,59.47190749186074
1931010185,59.45588374237102
1879139463,59.449581712125386
1879187742,59.4180329176836
2500185220,59.35508048356806
1439316504,59.344781120373476
2092822234,59.22005796781978
2092920133,59.187956568271744
1433693345,59.10969376674419
1427590831,59.10797762041655
1879145085,59.107518224748354
1879191524,59.08311875990806
2501159280,59.04407651791601
1432954130,59.040540735875744
2092998852,59.03334479518386
2502496910,59.00097632199673
1434388940,58.99930773405771
1930189123,58.99751045678522
2092943774,58.92040065870031
2503873401,58.90730101393051
1880455814,58.894601237948216
2502401514,58.875775875835906
1439358541,58.8755615113544
1930241967,58.86820796112038
1930221823,58.861703229339604
1880494383,58.85306458814796
2093083860,58.84512990760606
2503018191,58.84501297932359
2499784602,58.840115153891595
2502498080,58.833658763467135
1880426505,58.83148730937006
1434559965,58.75247808557688
2503233495,58.751398286026124
2501034280,58.74981464117591
2092053755,58.68366947408075
2499595081,58.6781695109406
2503589982,58.6739782017785
2092045355,58.66935761056835
1878580004,58.629018910203634
2501894420,58.57939615847899
2499547555,58.57566409586558
2502892431,58.54096389770538
1427864321,58.50839619595502
1932455594,58.49418385359447
1931695150,58.46714878623522
1879866563,58.4503275892939
1434420062,58.437840205414524
1878591313,58.437254608582975
2500383762,58.43141854539171
2502160831,58.40158149855853
2499815750,58.390991598322586
1434618582,58.364182698693924
2501605592,58.28185629426535
1933513035,58.24883935569183
2500168913,58.18639211912307
1434720681,58.18628427625767
2091209730,58.16241309597438
2500780277,58.080486865896916
1439520395,58.06339170922851
1427871170,58.03292767162057
1878582551,58.02990059118496
1433852991,58.00253576431473
2499563234,57.96635656701625
2093947391,57.93790388623545
2503381431,57.93076015672557
1434101331,57.885395509254735
1433353080,57.84102323460603
1878578405,57.813364145263314
2092029500,57.81322361225488
2501962860,57.784537462005645
1934322437,57.763703667631965
1434767884,57.761043943922985
1930180122,57.75820934068708
1934313973,57.74301885509653
1434461050,57.72702872326956
1879843600,57.725436874591495
2502895124,57.70237096435829
1427743413,57.70180715941508
1931654175,57.70064844963249
2503767942,57.67938737723667
2092820791,57.66840366680757
2502349134,57.644937204330425
2092892404,57.64261917809977
1427851377,57.64153326127073
1434117060,57.6247085899112
2503110377,57.62119696187398
1932566162,57.60931055839084
1880427535,57.602473925096156
1879188362,57.537400762020546
1930958281,57.51965527704484
1879130405,57.40399335838267
1427699837,57.37872428843131
1932591893,57.36856131252505
2503472983,57.24450356229467
1931694330,57.18372935973474
2501972392,57.06952483600416
1879152674,57.066517958801946
2092933560,57.05258181131961
2499433780,57.015863726169385
2091181103,57.01099069710447
1879811904,56.91385998974877
1880521572,56.91203772738264
2092794371,56.84277026222393
2093937191,56.79685330393339
2501953380,56.77357870145151
1930149945,56.756169525952714
1880425242,56.70148879861099
1879769734,56.67998299458975
2092815533,56.66270951458528
1933517301,56.66166322198376
2501430114,56.65241445913715
2502167824,56.64717166729785
1879771057,56.63471489590689
1879235277,56.59883875656926
2092763127,56.51069177875549
2092815062,56.49927420396609
1432780360,56.495442314032054
1879151935,56.49400422100618
2503528392,56.488350155749664
2499664711,56.47275679159308
2091235064,56.379216131362384
2503041264,56.36536807692457
1934297260,56.332957556987665
2501703010,56.24562591028511
2499480580,56.22493217861262
1879853647,56.12486419765515
1434088937,56.082412861314175
1930979700,56.03255364605738
2501011200,56.02551498204849
1879875315,56.01603547145393
1880503622,55.927737581313295
2094594650,55.88921666685786
1434704997,55.854155290165
1880434772,55.848648258255885
1933567755,55.841272050628
1880490382,55.83123326158389
2500200731,55.79112993181459
1929306943,55.746714756787824
2501536430,55.73368832262305
1880532087,55.703359618761205
2094695095,55.70261429821053
2499494677,55.69865591991612
1879168340,55.670906891135466
1879133105,55.66516912010126
1880456120,55.623004998080766
2092882041,55.579163371373426
1433390473,55.57090469571153
2096248911,55.523623813178325
1880429174,55.48801774285704
2503278492,55.46090817193357
2499493190,55.453750507359764
2095405902,55.43903936904504
2091996213,55.41847347975161
2091250091,55.35060844459919
1879128485,55.335064792964836
2091237521,55.30382520049243
1879225765,55.26500416523082
1931670540,55.23264761676244
2503079482,55.20980442621742
2092847721,55.20191860309237
2503180127,55.16078779671744
2094679580,55.157059197518
1433730470,55.119740892274166
2501820164,55.116780129780835
2092050097,55.060818252441564
2502269002,55.051502997660585
1931008920,54.98802344748829
2095468952,54.914192304878014
2096272905,54.8924226957296
2500266107,54.86844811146501
1879165430,54.86502249358242
1879167552,54.859893213533596
1929304267,54.82476435103602
1932522361,54.80659992570573
2096203591,54.78790973529558
2501665382,54.73241570180053
1931622151,54.69199249227544
2092842581,54.69003614856043
1879124225,54.667646925108635
1434289237,54.641014658998536
1434125854,54.63767819933574
1879882734,54.63321954392497
1929304691,54.60513405739472
2501952420,54.603632265944384
1879890827,54.54543356530235
1930172921,54.524252209375454
1433237377,54.490874654365996
1879791110,54.41485477721577
1880538780,54.40292909916098
1880456420,54.31751847999474
1879150955,54.31243277396265
2502015954,54.29189761840814
2503605640,54.2908168969101
1879203637,54.07027844132202
2093867465,54.0552446864581
2091210800,53.92031331886549
1879878254,53.909132776146556
1880442072,53.90746359864057
1880433130,53.90164349828323
1432724711,53.82669288691284
1439411150,53.818065067199925
1932634004,53.8156288647851
2094633823,53.75790189706856
1934312607,53.742847893041855
1879146780,53.68295089421274
2502106120,53.6687612219302
2500600360,53.639395719069356
2095488793,53.63649348757507
2092857115,53.48480769431012
1931614801,53.47188472912996
1427592300,53.45911604790097
2503520765,53.41305512541749
2094626040,53.39514707425315
1933498845,53.391775102549744
2091230723,53.33512005895958
2499843982,53.33434923897313
1439543974,53.33130668030665
2091191752,53.32608504810441
1929309203,53.27397880853625
1433560783,53.21942758845361
2502103375,53.19204323703905
1433144245,53.16686817671141
1879167103,53.15795859625025
2093950760,53.12887423277975
2502178591,53.12329024596286
2500155602,53.11874613155596
1930254163,53.096693637587194
1433138330,53.07887243929258
2500217594,53.06393375636765
2503761563,53.01464293480058
1934322373,52.972684245525734
1434541951,52.95978049616067
1931612277,52.94633789845378
2503588042,52.93490221173509
2092940467,52.91740038181535
2095391671,52.85704476871478
2092897401,52.81765329705746
2500146585,52.81713352326845
2503575883,52.81709538081058
1427608695,52.76822264637199
1931649515,52.75915311328718
2094694375,52.754125536584645
1931691605,52.68625719366619
1932427615,52.68394333634849
1879183200,52.64991448470595
1432836790,52.596259756158254
2501496503,52.55676267227266
1931643020,52.54789914507637
1439368315,52.519453651690775
2501859655,52.51420005273938
2500461237,52.50548102282813
1931026657,52.4886918079607
1930198071,52.458544842044574
1879813224,52.448305106796376
1931688311,52.4326544176362
2092999530,52.42372807711681
2091997493,52.41319121061848
1427733671,52.36693218916082
1930158577,52.323199919911275
1880511060,52.29876539672088
1932642990,52.229665238309956
2093061554,52.21781899949841
2091216905,52.147268551198266
1434178744,51.96719014833808
2500243043,51.91218407238159
1930209471,51.86239892491103
1433874220,51.795718713525204
1434176520,51.7833590615823
2091264891,51.78318884369462
1433521667,51.780949569022674
2501397475,51.74557796369583
2093867111,51.727844482264096
1931026637,51.70523436391383
1933546391,51.6777912995739
1879189505,51.62275408048882
1880491662,51.58565099728403
1433043994,51.54895430105546
2094676837,51.49937275809525
1427603313,51.494039074280124
1934295907,51.47414130979575
1931622735,51.455360550165544
2499236320,51.43373054024608
2499257310,51.42689554974093
2502668945,51.397102474871886
1934304167,51.377531371200966
2502421872,51.34109545739771
2499412165,51.31794718460686
1434022643,51.31125735670867
2092823411,51.287396519551024
1879202903,51.244035112666666
2096238157,51.228186372402725
2092858925,51.12908756502153
1432895575,51.04631206036654
1427616882,51.00921338703263
1934309274,50.99281553296263
1879905101,50.94308910745029
2092083621,50.941026289941114
1933564873,50.88606734468831
2502447274,50.84306606182966
2499732414,50.81461333913051
1930970155,50.81338198663525
1434173303,50.78611704297054
2503469850,50.75605640380709
2501690592,50.72837518912391
1879136677,50.706672965251336
2092835431,50.689974109922645
2095367872,50.670655784646634
2502139984,50.6432818566127
1933593281,50.63578002398341
1427602503,50.61158024467889
1932459477,50.58012930953586
1879167022,50.55096145269334
2091269851,50.53741703279498
1933511611,50.53335185635491
1433673030,50.485657594011485
2092019887,50.435347439681635
1879872130,50.37231814203828
1433875892,50.3615348435776
1934323135,50.35030475738639
2094677365,50.260565265893554
2091969695,50.14274066038028
1880505975,50.11385763321188
2501052660,50.097123154359885
1930973831,50.07137203349556
2502828810,50.06737624596328
2093922244,50.051812271752794
2500406050,50.00940438745811
2499590492,49.99236313499207
2091954005,49.9897738895164
2501277372,49.97647778064355
2091968342,49.96085356340385
1930226141,49.94912054503485
2499281561,49.946880295357616
2500706622,49.93379351055352
2502232464,49.90689555534113
1934295335,49.8921122915777
1879865763,49.880531251141285
1878594980,49.839910212992756
2503717070,49.83144028448594
2503005447,49.83057771056068
1930193667,49.72726398292131
2502822723,49.629165749247356
2092043787,49.602391880932096
2500991562,49.59602025934372
1934313423,49.56928502251027
1932441291,49.5514759670451
1879801771,49.52736791370198
2499278570,49.48369342559411
2502329427,49.44609671586037
1433210537,49.4049971454365
1433578515,49.397292951285465
1879216587,49.382937267796194
2094697551,49.37668569593735
1878592927,49.361674719360565
1931639727,49.35450076754644
1879893423,49.32061007649428
2501286622,49.31504417174533
1879902534,49.30466166755322
1930242275,49.27451907177081
2502416304,49.271938372691366
2092064013,49.25906951619983
2093027000,49.249578545482244
2503245234,49.24027759168447
1931638380,49.20357943372613
2091184465,49.188854044399925
2092925991,49.18293309439849
2501899404,49.16350684870893
2502479774,49.158112779765545
1434198271,49.142262241900156
2502068934,49.077721298185
1434275153,49.044744663668446
1879213093,49.04382883749106
2501272335,48.98618017877952
2092863863,48.92360323440616
1930970327,48.86936615414893
2500726004,48.86576567442677
2096252302,48.86135101621774
1931669875,48.80749058959568
2502943922,48.757878890614364
1879774782,48.7508471036709
2091203791,48.73492319004471
2502053444,48.70687166291733
1433758735,48.66302796468436
2092756274,48.631563398959315
2092811361,48.6002206892424
1879159590,48.49114077762087
1879903370,48.411178852144126
1434150537,48.392226508405265
2503567480,48.37364084356871
2502934610,48.35729023591305
2096199951,48.335450843799585
1880443441,48.313646902898924
2095477823,48.30025412700141
2501234240,48.26714176906049
1434544483,48.228751119842336
2095456460,48.18788695039804
1434224355,48.18331058405657
2093089071,48.183038406626345
1879177731,48.16836445304069
1932542115,48.15911704614086
2500904052,48.152567133003
1879774574,48.11405643300685
2503380480,48.10354063819815
1880494774,48.07746216990054
1880425094,48.05290614142556
2092007395,48.031027716291256
1931691634,47.999577123740224
1930200011,47.997996063342015
1433751803,47.953669313561655
1932494700,47.918378502389565
1879143117,47.82028416783376
1930227733,47.76208030146897
2502366982,47.71514939291727
1931593950,47.54663589626708
1434604293,47.507571601879775
1878603547,47.47070322472056
1880472232,47.43267642862568
2095422492,47.33931175647935
2499232403,47.30029257030546
1878576942,47.264220891463
1879154217,47.19044144708318
2092872953,47.167882556867966
2499655780,47.0995048868451
1929302403,47.09629098199117
2502895320,47.09146700386798
1878584853,47.09113701886808
2093978254,47.0801832460908
2091251351,47.058981647050565
2502443574,47.0123659329505
2093048151,46.96866021419866
2501412120,46.90333153454899
1879184551,46.87773313808897
1930949627,46.818676355280154
1433163723,46.79814937353199
2093895642,46.795834700245074
2502046457,46.783933345918165
2500895977,46.78001779377231
2093086902,46.717311252947646
2093880161,46.68916117988287
1930983443,46.67524967263968
1434243861,46.66627330848238
1433496890,46.66593617483467
2499491592,46.65531115220595
2095363637,46.64319358163035
2502636873,46.561721099626936
2092804167,46.55864379790941
2501282543,46.54638728320413
1433399264,46.53871255783595
2093018290,46.456212171658684
1433466462,46.43676655296763
2503560890,46.362494757569166
2502577127,46.35585700787137
1880517107,46.313258825340604
1879240773,46.30042655805605
2502675011,46.289733345167114
2091997843,46.23599122541108
1433039047,46.2319449869745
1879876312,46.17730676005273
2092041122,46.09123255585231
1930184464,46.08437877280301
2503035440,46.054836516924226
1433304605,46.05449759939432
2091949687,46.04912697661105
1879807004,46.00787504056344
2093915881,46.00390874521131
2094630197,45.98170812764286
2501585892,45.947072773094106
1879838980,45.9423029654054
2091289171,45.91277748750768
2503212142,45.889311871053664
1879211305,45.81281490685732
2092896924,45.81093257631547
2092756995,45.805144550306366
2093018750,45.77460332817721
1880488502,45.74776925786265
1879893545,45.73363796307759
2499480752,45.66035221654427
1434096183,45.55190960935837
2503084312,45.542647432162106
1933582313,45.44335667377636
1879830417,45.43175932911347
2093917370,45.38364822149981
1432718793,45.28645601646004
1434452853,45.275989603087865
1879220504,45.23919235220738
1434682553,45.17856854623011
2091265383,45.155134257529134
2502447625,45.07751748238204
1879189664,45.076327976700824
1433857384,45.04483902060473
1879903004,45.02559067610674
1879793421,45.01282680951814
1879220321,44.95646607144552
1880470582,44.94556816622532
2092866067,44.90747796909762
1433653314,44.872751074073555
1932456487,44.84452119441872
1880506000,44.826534924577636
2095430435,44.75896573487459
2093064593,44.75779102011458
1879172017,44.747535767155725
2501626682,44.694892761004624
2501248034,44.68912034515118
2095378004,44.641865681198794
1880452447,44.636574550482194
1879840390,44.55978337118597
1930180307,44.54102862616342
2094641831,44.54063663764564
1930237825,44.50689152499705
1433739244,44.50392615697722
2502911064,44.497888102294695
2502935580,44.46408386665403
1880475155,44.41374443867077
2092076261,44.31595312036059
2502464201,44.293165829021284
2499651060,44.28053414983866
1434362572,44.27704276007385
1931022651,44.22529149819593
1879217593,44.20886105343606
1879130773,44.186323459131195
1931667255,44.17651939280346
1880507833,44.15656769772537
1427591573,44.13673199775496
1880544807,44.10560979972316
2091264563,44.0520185471296
2499706400,44.04854960103489
2499215295,44.040406140373456
2093898481,44.03293246543368
2501220240,43.935929385253246
1427593641,43.92755584196823
1434477690,43.89056942209241
2091954860,43.86942977173872
2091955322,43.793137860397486
2502200612,43.755243888690735
2499646710,43.738570887745546
1879884332,43.73221558720669
1433804030,43.6639308867356
2502503880,43.64549173765043
2096269170,43.58714788721685
1879841305,43.58498371694359
1880537700,43.56938455240455
2499225250,43.53861482859565
1930951603,43.49600603668965
1879861867,43.493870314426594
2502648425,43.48379029605092
1434040484,43.45911309265941
1930209777,43.45078500223652
1931006010,43.42447498612908
2500953042,43.40516858553412
1932563453,43.38588017353588
1434731981,43.361792585868244
1432947320,43.33668047006007
2095413343,43.247253678585174
2093906730,43.223055915735394
1434557285,43.2143816350822
2503498813,43.21131759500363
1930971255,43.17460855246499
1931679622,43.12600446542419
1931633462,43.09713901767475
1879175861,43.045717311168914
1879796211,43.034457319602694
1878583115,43.03142148608023
2092821731,43.014031979133534
1933597017,42.98634990365652
2499226087,42.97309067611303
2092837295,42.956885622164776
2091198004,42.9358853263786
2093078171,42.915128506576394
2502240043,42.852877509394276
2091999621,42.85042586569635
2502314732,42.55876182087445
1880518163,42.527380816371576
1434642433,42.474474303746156
1879783072,42.46247873273019
2501353045,42.44528185745648
2502831002,42.432928508184474
2092803773,42.41304076783353
1879155530,42.392250846258634
1930994552,42.380582419448615
2093049490,42.37881126600094
2092867693,42.37867720377107
1930214073,42.29166508718984
2500424603,42.27261632384275
2096247613,42.21106931952364
1433657347,42.17790261152108
1930162171,42.15525546044713
1439414435,42.144328516752395
1427835531,42.10243380459083
2499289927,42.08360524048564
1433399202,42.075875375286365
2500211607,42.06722042044646
2499399392,42.00740666715657
1880541811,42.00326456986557
2502551467,41.97339760880699
1932459814,41.9576618183357
1433242512,41.889722340138505
2501479484,41.86970124170311
1932482801,41.830285160187174
1432974172,41.79317217406057
2503868812,41.74978444970813
1433483257,41.743079646266295
1879864903,41.640687767053485
2095362597,41.59938055431621
2093891965,41.51271060678002
1879841492,41.495117026107685
1433032465,41.38292301395825
2096252117,41.348226794708275
1880438183,41.2971434459814
2502950784,41.27948502528555
2501016302,41.180466593693275
1879204533,41.15286704263683
1879199295,41.13413653900056
1879820723,41.1278700596075
1880501890,41.10892106089125
2499565614,41.011640402393375
2093971667,40.995111065840305
1434734410,40.912709959536166
2095434091,40.88464363454191
1933516095,40.86799665174943
2503131957,40.85627191362443
2499742414,40.84859343239422
2092756964,40.845766442914126
2499477321,40.839774920930346
1879203007,40.81356836324929
2499441700,40.759671235533766
2502478215,40.75763689574273
2092013871,40.66318533970478
2094640780,40.65534974621208
1879227964,40.61528927984707
2095490667,40.505231907606316
2095339303,40.45530144066655
1880424747,40.39911161029298
2499544204,40.32968899880533
1932462435,40.328512166890924
1427757742,40.268295252360886
2095458867,40.207143664885244
1933496767,40.19400302699137
2502048872,40.174201130707644
2502026802,40.16954094396655
2501907501,40.158966484686125
1930187851,40.139072034220625
2502021250,40.08408558469649
2499394864,40.04742404645148
2091986131,39.96253174954503
1879861984,39.911783319219644
1432804503,39.77909534016944
1933525430,39.72283569107773
1933511965,39.70670803623368
1434564737,39.63973613007467
2092010880,39.606140931392666
2502107100,39.604691911303874
1930948532,39.60255546515837
1880506252,39.586460804396985
2093858462,39.56221097366826
2094696493,39.55109722326942
2091198994,39.50658027259292
1879852660,39.503268082912754
2502181702,39.474782470422724
2093867494,39.423368869139615
2091982500,39.40244353622869
1879129565,39.37831231288511
1878602162,39.348265855312114
1879135614,39.34157421881213
1878587204,39.33464915900987
1434285184,39.320222349075486
1879166127,39.28276630373186
1930226091,39.27458383397892
2499761712,39.18039388382942
1933526915,39.125084224951095
1434483330,39.087021838188484
1879210305,39.04234218346235
1433368557,39.034185530298316
2501313312,39.03197250735849
2095405365,39.004568226194266
1930953321,38.979589092678665
2092058795,38.958951680858014
1879153543,38.94791572918621
2096268410,38.87785707810731
1434758281,38.87664169084321
1930148717,38.875814018528196
2091288993,38.85734965943904
2501003480,38.82386555661105
1433504873,38.82369828168135
2092921772,38.79454051214707
2500298964,38.769936999481104
2094634580,38.721017586388164
2499895204,38.715675396296525
2093863414,38.701016672289384
2501743761,38.69403548736034
1933565622,38.669542175199844
1879183244,38.61793266471413
2500984840,38.513855081044625
2501726952,38.460324172854016
2501172514,38.34499644994298
1879139245,38.335761825460565
1930170303,38.189481791577826
1879810105,38.17804516174254
2502647937,38.11681465542732
1433355884,38.103076419473716
1432612955,38.09549549787129
2502914017,38.075882985154465
1930154655,38.05844064801259
2499360415,37.85902460367415
2094593862,37.8263997705565
1434235581,37.780359614037856
2095432555,37.77495518754317
1933568613,37.76168464274821
2092849515,37.73488075822515
2093962151,37.6900540243989
2499596977,37.67722839081594
2092970917,37.67308770768679
1434424903,37.650669085504106
2092049037,37.59476071178611
1433134215,37.51776738923929
2094597582,37.51671944703029
1439370650,37.47097206274708
2095425003,37.451297209083826
1930163130,37.41427182867584
1434410281,37.3972933592679
2503383480,37.37347804937992
1880496205,37.32007628050421
1930148211,37.31893993075288
1930976177,37.29606736716167
2092995855,37.28930473069173
2094662201,37.25937370507174
2091233253,37.241277162836695
1930212347,37.23336875195535
1433393804,37.19040670231726
1439498664,37.090338667860856
1879881704,37.00428427906989
1434566994,36.96387252069572
2499242150,36.92551456432388
1879164687,36.897690294731085
1432947450,36.89148326152751
1878587424,36.88126312776708
1439596052,36.84703637156625
1434104447,36.84011499424652
1434660721,36.8328400429982
2094555297,36.80160698798181
2501134382,36.785747891639126
2502486533,36.7787710501137
1931618811,36.746371191129
2095437153,36.7066261826962
1931639737,36.68034087633246
2092851002,36.671161026235765
2503303150,36.65644008032734
1879198502,36.643088268768544
2499557423,36.56462260180744
2503630092,36.55582548641355
1930243203,36.54778670073616
1879835622,36.44917569808964
1433033120,36.33314445639511
1879838192,36.309148867052414
2092803667,36.27902371843101
2500192650,36.16037620183814
2499805230,36.15284171104983
2502282002,36.132551865745185
2501869350,36.100760338503605
2501324530,36.05752522891566
2093970330,35.97138125833857
1427837635,35.95414670288751
1439497600,35.82747646984456
2502263730,35.69966687510627
1433368312,35.61986657681948
1934301905,35.60088289955652
1432981687,35.43622090371327
1933500367,35.4268138156012
2499388704,35.42353454277738
1880518477,35.3959420870503
1931608205,35.34410731585533
1933496913,35.31132202872442
1930966635,35.31030258729416
1434177157,35.29929628735436
2499503285,35.29637542581717
1930139031,35.2787476088091
2094670014,35.25803928056419
2500949670,35.24081937993224
1930222963,35.22992759991435
2095461514,35.1835364850127
1879154673,35.135005856879125
1880472362,35.088313770457916
1879829462,35.04603376681459
2500183222,35.042612099464634
2092903047,35.02827524530756
1879789970,34.97771744964438
1932625971,34.975022736576214
1930252473,34.94992933473218
2093919124,34.9011016795399
2501137482,34.87304277356803
2503473304,34.83212972806097
2094604053,34.82467711569364
1427848567,34.685694924071626
2093092247,34.679450756468476
1434711242,34.664845039708084
2094646635,34.623352739037585
1433638020,34.602177570907976
2503711534,34.597399041516994
1433502264,34.59499813312669
1433447874,34.593333871787074
1880452731,34.5505083181577
1879795537,34.340988905902805
2094653980,34.31599201059858
2093905824,34.30466680492926
1931664034,34.25666781926341
1434624161,34.25440466127229
1434465751,34.216210650742404
1880466211,34.17414978887285
2094577274,34.15937422273821
2092011162,34.08374175478247
1931687261,33.99231027186508
1434231522,33.980867735786305
1433207191,33.88998517574808
1434307681,33.86701480801784
2502712034,33.84369018939864
1427718241,33.75454416741481
1434605320,33.72070512342275
2503751580,33.646366153544285
1879165147,33.64433648905309
2499288012,33.62291788804605
2500881744,33.60767511633829
1879770454,33.60145758483132
2500961500,33.57797117715193
1879220197,33.540341588564
2091198831,33.507200206170445
2092873110,33.41558573009766
2501332567,33.3418153347399
2503819272,33.278453117555344
2093926101,33.274997141245976
2502930653,33.244078305901645
2499339590,33.234634405693086
2095356013,33.188148173440815
1434190651,33.17306604982409
2095348484,33.11920132199938
1432702001,33.09711668944597
1879173404,33.076411581943084
2499427594,33.068278411469414
1879853932,33.03719800624358
2096243505,32.92900513063944
1879802075,32.917204864912286
2092886751,32.91009089493683
1434002732,32.82577373531468
2093884365,32.79750772623465
1879197002,32.77809395496641
2499300257,32.716167957289485
2093971127,32.714196436678186
1933570794,32.60992921096246
2502692472,32.6057788139408
2095400011,32.535254845671204
1930217551,32.528714900478626
2092794503,32.52455140477074
2092775401,32.47806302430237
1930973967,32.467199637473705
1931696723,32.44280814358103
1427834320,32.37655740542057
1932590597,32.35663946419702
1433428820,32.3102381129286
2499756682,32.29698850129115
2499664302,32.26349018217629
1434269131,32.200668226480744
2501520672,32.13136280875155
2502304210,32.08207989129671
1930162164,32.05047355558098
1933521051,31.88836674326922
2499479641,31.809329312906314
2499380584,31.76580192632674
2095432621,31.745123052900283
2501308223,31.693231682590277
1879194917,31.6718013097759
2092787267,31.66862984218139
2501331684,31.652911971595106
2499459012,31.615404198143214
1879801550,31.60830387918667
1433625632,31.52174705816848
1879180713,31.460203199168888
2095366027,31.43146505521815
2092012817,31.42784914168429
2501417297,31.406007534760978
2091288237,31.363599246791836
2500167733,31.321904348278352
2501751000,31.29819421424227
2500145240,31.288014846494487
2093889262,31.224473114566948
2501984814,31.19970981713753
1879145580,31.14734944883675
2502580220,31.059001012840707
1434226220,31.01398317790533
2499459190,30.989604868722175
2093014723,30.952882413496308
1879141490,30.83065223576684
1932499721,30.762378058438784
1879840172,30.676367019707197
1439483001,30.661153268275793
2092903852,30.638855470004756
1879862424,30.633993001438228
2499688291,30.61654973184598
1434544810,30.604783627820396
2499318605,30.593326637107417
1934300967,30.536777603888655
2502085930,30.381685922133297
1930226754,30.343899975460666
2092067001,30.31357472827613
2502365680,30.293421470975634
1932610080,30.271364515509173
1931676065,30.234553482779543
2502235304,30.204081965385903
1932578094,30.19755339124386
1932625944,30.196423291463578
1930213147,30.180800197666045
1931683174,30.12951579129119
1879856934,30.112739840963844
2095351923,30.03120186830303
2092883925,30.011974957180673
1879882810,29.96689049675865
1880485342,29.95522974374806
2094694511,29.923118107515776
1933513103,29.913499355963452
1880505813,29.840910817046392
1932616481,29.802874995491162
1439584702,29.779343149355622
2502073675,29.776341776253556
2501217920,29.77105920655512
1930175471,29.75046362444621
2096255124,29.721556841653634
2501844605,29.718657923839306
1880504602,29.699230880171616
1931016063,29.686621567842536
2501508910,29.67588482127095
2093864801,29.67526852966137
1439414042,29.663024777936506
1934304085,29.612751560282568
2095475884,29.603933939616986
1880507192,29.599169078806636
1879151930,29.598418357339458
2502231512,29.564796156669882
1434566265,29.464650143128775
1930944872,29.459350381145505
2501978697,29.41556904755027
2093875080,29.384856929130045
1931635527,29.298337194176742
2095404921,29.280452669896107
2503564502,29.2619145804669
2500514000,29.228336548573914
2501578225,29.212096844556847
2091226041,29.148164920041012
1880538765,29.13317001079034
1433710540,29.00882507906344
2499731124,28.951708175232984
1880426713,28.93233806762117
2096218723,28.87983233822752
2502089410,28.869745127134806
1434515530,28.819885276561045
2091989561,28.817021295178407
1930186090,28.79986590951183
2093917913,28.795763204917844
2092017483,28.79087798917162
1433960787,28.77555938265382
2499486765,28.75826445161186
2501135384,28.7533868281619
2092058925,28.735640079150567
2499628723,28.713597881617112
2499577440,28.686564348384103
1879147112,28.67332933591569
1433579144,28.64192791261284
1427592465,28.637064583131842
1433119823,28.628052366046923
2092091527,28.566961295950996
2501913505,28.56332021248074
2096234531,28.559418527344878
2094611334,28.510173057472347
2502933294,28.438744652398395
2503453451,28.425862521927353
2501497002,28.391804804156774
1433014400,28.336994514279702
2501972754,28.331284439814205
2095406881,28.293090200769075
2501810390,28.28108221009622
1879770050,28.203012298335164
2501738297,28.189897914056335
1879162604,28.152572393797573
2091953365,28.102735608090008
2500514233,28.09976690823185
2500206542,28.091929555861757
2499491461,28.03596953064594
1931002220,28.025008720207698
1880496345,28.01069030607861
1879128653,27.976775681970246
2500156195,27.975717878024465
1880500124,27.884924374792682
1433801405,27.83603715983041
2502778782,27.784049126798454
2501717110,27.759028171004793
1880500342,27.72728111669164
2501067452,27.709856941725867
1879230497,27.691115820688925
2501069352,27.593157962655585
1931609357,27.579247329484488
1434145857,27.568267134179123
1931673274,27.504841583696354
1879171964,27.482151692841747
1931611361,27.4184214440655
1434093435,27.369305867420874
1433088241,27.337683473156176
2096207725,27.27114298031462
1880531821,27.242895152597352
2502049552,27.201183104585223
2094575812,27.191086903554826
1930163967,27.133288446774568
2092793435,27.036525337317304
2502322064,27.010120134079767
2091271812,26.976419332317413
1880495633,26.96925068948706
2503490933,26.890099077603022
2092032314,26.86677909333647
2503911060,26.85516199111248
2091984675,26.721744560036946
1880511327,26.711767093614107
1880530810,26.69871476427954
2501492133,26.60396472964189
2092084755,26.59797337459619
2499329290,26.593672864528454
2503851520,26.586315008476053
2500957827,26.56587674545499
2092864520,26.55513828901186
1434375872,26.437952055897163
2502675917,26.435153842052912
1930211353,26.331453829008396
2092022200,26.29348010630326
2501975543,26.205688144416328
1433555144,26.16263365816644
1931608247,26.106006378313822
2502974982,26.101082879839502
2092053352,26.097162418994465
1933580604,26.00870451359209
2499524970,25.958644946343792
1931619820,25.942466575891622
1932641025,25.928147053205045
2096191577,25.882511176464025
2095433595,25.880663021427356
2503762072,25.82355703088011
1432785783,25.819145649852555
1879884974,25.731089822249334
1932517464,25.67214156369346
2094584300,25.65683036894256
1880532272,25.641509782931415
1932639421,25.567256387300326
2092022550,25.54701581899965
2502859053,25.540015602472568
1879208142,25.453347879109476
1433142511,25.4463570683123
2092957237,25.38908041098039
2502250022,25.30673327424115
2502141592,25.296468835966287
1439545701,25.277266447508648
1439545115,25.221321027845345
1933536361,25.21185029981962
2502453430,25.190194774886102
2499759602,25.13958488380953
1930172151,25.0643804941778
2095348250,24.99673104193196
2092081557,24.9928899947616
1932554282,24.96195932673052
2502948892,24.95871472277966
1880530875,24.897356502677656
2499772550,24.880628242181977
2092882304,24.82134565809889
1930180117,24.773959515043167
2499670200,24.764818720626664
1932575485,24.7578367326863
1933514214,24.718659231937888
1432850304,24.666569882733963
1879804590,24.661891701227585
1879892092,24.660911057433594
1931010914,24.63774185184559
1433246401,24.58929807931256
1878594701,24.47884516137073
2501303174,24.471115043626874
1930944447,24.433010194653736
1880511160,24.41575344713945
2503515913,24.365963415242543
1433993833,24.253758979632803
2094594120,24.229472273661163
1434180100,24.184194955756638
2093959901,24.164607456002894
1931666694,24.137313751302543
2500161243,24.105870758962364
1880476694,24.00280236709074
2091988133,23.871117505558754
2092068657,23.830334115796816
1427876533,23.824621758605982
2502891367,23.78730754818761
2503401552,23.700781950015536
2500119065,23.690373747863973
1879214581,23.687312143371358
1930203374,23.62514611499816
2093948907,23.606138344194996
2503187662,23.59888983246395
2092014177,23.582822566681486
2500959423,23.53224241540968
1929308057,23.52901862196635
2503202880,23.506848412032113
2092925490,23.268425785673706
2096189110,23.263892862405402
2501846864,23.234620107265304
2093888471,23.172581352516612
2501819030,23.14119676160329
2503183434,23.087702621102533
1930190805,23.08500469913194
1879768393,23.051416853137095
2500477995,22.97262756674342
1880504970,22.959038614644705
2501989382,22.916594791604908
1879911341,22.915591374003963
1427603034,22.868184050207468
1879237691,22.860590934448624
2503120331,22.844952166452945
1880426610,22.836032776037946
2501896357,22.794778384019356
2499578592,22.771289239300398
2502546630,22.723895492065942
2092958825,22.65486328409492
2502168522,22.635414425655977
1439599741,22.6238424643324
2502985532,22.606615679331792
2092002925,22.516094214238485
2502346602,22.48533399226192
1433866004,22.44907630244579
1930212491,22.396409400618207
2093002063,22.39069552532776
1433552760,22.294724731158517
2500916822,22.27808086937192
1931653431,22.19363329114391
1879145194,22.152270624076888
1880542581,22.14196495473309
1433472793,22.12539595916996
2093911634,22.050616246638516
2499763604,21.984375078036454
1433506392,21.87633458840714
1427875813,21.858578962667877
2500103512,21.80487971646704
1427688265,21.731135225725016
2093941700,21.72226655725473
1933502173,21.708122006761926
1427840352,21.65642208266783
2501643941,21.6271908941387
1433496540,21.616009582752884
2095344835,21.613524929141583
2499302000,21.597373194432773
2095452473,21.55307566974606
2096197135,21.52355688982851
2503797092,21.45735482415892
1434301931,21.43095366135211
1434428723,21.393711428213916
2094641523,21.380756287997013
1434078367,21.36412217083447
2503561852,21.364069140320865
2499254732,21.34024723585162
1439408702,21.297747869970635
2501997684,21.294240180237004
2501763224,21.290033955493726
2499323777,21.224390953538073
1931026252,21.14302476072823
1930931277,21.141581510472033
1434066280,21.101777621938822
2091955353,21.0948966029597
2501356707,21.00853197990805
2092067177,21.00626903099556
1434307661,20.996459881727233
2499701434,20.982467036831114
2093089093,20.949463733364347
2500320512,20.79683955346793
1930937742,20.691783200834415
1932635287,20.683045868746255
2091199825,20.618430725510986
1930238133,20.590032340365827
2500922010,20.55163988364287
1434599762,20.382501411943615
2502638572,20.373910376349425
1879896272,20.285407983640283
2092919455,20.247259507904165
1931003797,20.200005646138823
2499208964,20.18844323323933
1878604481,20.182695510740697
2502796770,20.115705422135196
2091285697,20.10671707075626
1879808512,20.048021478406877
1880476657,19.963121492102424
1930174177,19.931874414328362
1930960975,19.74144244945213
2093865801,19.73950214181815
2499373222,19.734401638900636
2093978042,19.685935727606786
2501024594,19.670077884584593
2499323951,19.55413200034529
2092072415,19.527856064371502
1932571185,19.509856722224484
2501601525,19.434138438968517
1433174390,19.404971392420865
1933510183,19.39870976114943
2500585022,19.35545547107661
2093011980,19.19275468574762
2503380151,19.0771217922422
2501895521,19.053076780375697
1879768342,19.0110775151204
2502662673,18.985841500534445
1932577857,18.943951969305157
2503074832,18.766602496317947
2502351772,18.708227540824648
1879807672,18.695933597880863
1879807693,18.68958246045884
2093084625,18.667889676224696
1434573703,18.65172729578013
1433570441,18.642236029721907
1879822735,18.572136332104925
2094574507,18.540156595471213
2092960034,18.531943911990663
1879150325,18.506855212753564
1878597082,18.45584682287931
2502861624,18.403379992118566
2091248804,18.37760847183224
1433803721,18.376198949295425
1933509675,18.269605526618957
2499378250,18.2694871805947
2503002652,18.26907568566008
2499506874,18.1645965367622
1932466341,17.967777636848602
1932507002,17.953431542357073
2501254685,17.911286660752733
1427836754,17.774790087883083
2092754465,17.76199193558287
1880482604,17.73398938925879
1433325045,17.717200601862977
1433218652,17.67358346274403
2092870905,17.638440903264787
1879174884,17.622094122882196
1879790333,17.606463329935856
1879171152,17.60156684200382
2501955804,17.5495254570582
1432634592,17.517817404149085
2503906995,17.51282768187508
2092882120,17.444933746150628
2092810844,17.38137207518603
1931616813,17.355988963360183
2094624710,17.355832042720568
2091204291,17.336702880986962
2093089700,17.215891260169602
1931635213,17.20994692948668
2091990075,17.15983929743261
1879871217,17.142948604159447
2503112265,17.092116553942816
1933580580,17.080401026940017
2500487107,17.01648496610554
2501257510,17.001674411112532
2503819115,16.970080689095322
2499311944,16.963179391973643
2502172155,16.85108391351816
2502384194,16.84422287389915
2500566270,16.84254183993395
1880441582,16.83361233049607
2502215800,16.68211449691081
2499501600,16.65690454777861
2093924425,16.595930837002584
2092871577,16.537472077548102
1932651784,16.5160212060571
2502970410,16.488763076767068
2499401532,16.416927613094312
1879861654,16.390484454550897
2095493951,16.286701665880422
2092893880,16.274139222417222
2500212710,16.247134659882587
1427791747,16.236230529030884
1434559071,16.127583480590665
1932601025,16.043206643474655
1878588667,15.961598088385719
2093058397,15.952246730856245
1934302087,15.900816158974212
2503697704,15.792360594056415
1433060821,15.784955863413604
1878578874,15.750821592065899
2499862680,15.731953541216022
2502852091,15.673097188520622
1931012337,15.657311010479248
2500416025,15.652189215404404
2499292140,15.590311667386198
1931690637,15.559314750460905
2501851064,15.372055635893545
1879836662,15.366908655499707
1931022017,15.267303792578257
2093092390,15.223444985984319
2503134564,15.21527390975128
2499573570,15.203322165709233
1434245380,15.057815227914674
1931634564,14.995088966317635
2501577444,14.983737699426658
1434251832,14.90398676938148
1433264242,14.900489195591451
2502985382,14.870565809799904
1880483622,14.845441946124247
2500774780,14.779799716550563
1879137984,14.636296689310338
2503060941,14.610597887446128
2499522487,14.57622637667906
1879901992,14.554785800930606
1932653043,14.431438872018683
2095404687,14.35591453532415
2499245945,14.328105187768882
1880507674,14.284792438261759
1930943263,14.270104618439632
2499314952,14.242686866903917
2503251084,14.2193010288681
1880513753,14.175334697891586
1433003152,14.133783333049603
2500501663,14.111735321782838
1931013184,14.107734023078127
2501140600,14.093270737372103
1434642131,14.091530785052424
1931655571,14.090409848347955
2093943435,13.984046299164332
2502923162,13.973344131912562
1879831075,13.965564796464223
1929305261,13.941998147527936
2503692245,13.799630301425395
1434118543,13.726468731012044
2092813173,13.690080113629357
2499496530,13.547241394872108
1931646933,13.400318954177791
2503492265,13.396745762185553
1932495843,13.383421686714556
2501313393,13.309797171304734
2095346027,13.293259389230123
2092070251,13.223677776622031
1880444560,13.208684896848025
1930172281,13.180965850292878
2092825935,13.088567036706573
1934319431,13.034676650459554
1433205823,12.837070955680959
1932576647,12.828588903867598
2093946195,12.737253883716386
1427803060,12.73444881364922
1879158530,12.599639815643288
2502255860,12.519246880044202
2499617080,12.50407395082632
2500759554,12.465013050826185
2502339590,12.450854081357791
2502961292,12.450487014637766
1880445302,12.327862376876958
2500932124,12.236504854778929
1433193614,12.15178799209669
1433810817,12.062436746022563
2500354917,11.826557584941861
2503815403,11.735159963358553
1931642852,11.667562644838103
2095453584,11.594720666497365
2502075067,11.594461274758915
2501819795,11.512503207536042
1880518521,11.47770629932986
1434268952,11.320224007911833
2091247067,11.315398393439645
2499264150,11.304321857878875
2500268340,11.291940852708779
2500933895,11.289694728884909
2502706423,11.278780240703751
1931645057,11.13980394001047
2095391001,10.995083173004033
2499585657,10.974926320818739
2500421450,10.898064157298919
1879161390,10.883240535039997
1933568354,10.793069459984705
2503648694,10.723903249589195
2502349657,10.714980469401016
2091268515,10.665579200783531
1932444564,10.64830889439946
2501023030,10.633437400386788
1879168323,10.447383254369713
2501130577,10.349610274979073
1433637537,10.326708365300364
2096265992,10.32136883076138
1433791590,10.316915805596656
1879829767,10.31322082241827
1427675612,10.293339111646596
2502841033,10.291399454237215
2092087163,10.207695751959806
1932602235,10.190624749570793
2091221131,10.166808715017106
1931686017,10.055838595502184
2093863210,9.995267659282954
2095476430,9.855360755018157
1930199167,9.789288959097835
2092062827,9.78652356955396
2500551200,9.758957792033403
1878574214,9.743312087601177
2093886667,9.692469623807806
2502076602,9.685295354876546
2499286345,9.660436861491021
2503708290,9.481753520913772
1880463174,9.452002653814617
2093987277,9.439482231313034
2091964525,9.411938930763027
2093019367,9.348313719427681
1879214497,9.282136007629267
1932631533,9.275172901591032
1439521832,9.253888606166793
2095424613,9.165513477729709
2501005770,9.12378744973177
2092000735,9.117337147550074
1931667907,9.066583906777732
2094583363,9.03290167545065
2091244587,8.942213904674219
1930137101,8.936534418776096
2503618484,8.848687855104462
2499584480,8.779345502572449
2095337017,8.7618236717261
1434430871,8.718674271593898
2502759577,8.713043555600251
2500276083,8.635567983026345
2091277421,8.610514131634275
2093047690,8.441722794809772
1932596207,8.410316269233627
2499346242,8.36855022362462
2092971594,8.258723959794034
2091269033,8.256111773472679
2499246984,8.209079870176591
2502488273,8.169166817220272
2502495952,7.954319370608775
2499768852,7.913514693518513
2502383664,7.8974272124236755
2503626845,7.8824646768081115
2091278557,7.820560799550404
2502472000,7.64569730527684
2092877773,7.645148936693785
2502231393,7.628470043265436
2502124515,7.6283334396927165
1931644470,7.6280683402381015
2093950000,7.622509545091629
2503810090,7.590014311098236
2094674662,7.576295377570914
1880437670,7.525504658570202
2500506442,7.520815146235955
1880472723,7.515609182478716
2501624163,7.385427439689482
1930137325,7.3835738009530285
2092954573,7.378934130006256
2499865192,7.359548713907414
1434728167,7.351306637401256
2502701741,7.3346049894529095
2092029267,7.308342214953435
2500252480,7.30383334741899
2501137434,7.2580296742498245
2095392360,7.254285626280667
1932620137,7.199314436008116
2502007812,7.15337311324039
2501558950,7.151174276096123
2094667025,7.1121926104794415
1931692844,7.099753526819938
2095489284,7.005105330153622
2092021465,6.961366733478079
1930137013,6.930522280503341
2501977282,6.909505513184343
1880425273,6.875225895730538
2502545140,6.8683947662916225
2500128913,6.7916104535784
2091246713,6.7419978954536735
2500824484,6.443504870009246
2502640310,6.385859285400699
1879901644,6.368768538128286
2502154412,6.302179816558586
1879183555,6.301815522460552
1934304382,6.2327889255533915
2092796333,5.970072803600219
1879155071,5.964048941742539
1433965811,5.9361077094775
2500479077,5.893893230641525
2501558693,5.874517194150905
1433286642,5.836300202299809
2499593254,5.829286323474222
2502788671,5.820631431573458
2501332462,5.751053958321276
2499220427,5.716388654790795
1932633181,5.632485998529946
2091180495,5.509726681933186
1879138212,5.470171047242823
2502030823,5.445868759007037
2092002621,5.423354423366389
2093902504,5.417264405223107
2501410023,5.357287345856579
2500415904,5.342060710277103
2502518690,5.137735750889609
2502086472,5.132527886941593
2095363141,5.072810439565126
2501950102,5.005290972901442
1879908023,4.910126454460126
2502926130,4.796141339026762
1930148521,4.7914675232003585
1434418352,4.6334011680655145
1879193544,4.58373157360675
2501503710,4.557905092257938
1427616842,4.517587447783407
1934296252,4.486957203888876
2091237704,4.461554492900498
2501045992,4.407715857998672
2092051754,4.405220538242059
1434513973,4.376588968614381
1879160514,4.327006772473434
2499498142,4.3222164458120975
2096186462,4.30670810335363
2093056471,4.275551862373956
1434701294,4.235264565285181
2499290604,4.234554633841668
1930155057,4.19570534833442
2502245897,4.153199580373731
2501376780,4.146988880514113
2502438443,4.03409640210521
2501734602,4.021249412648089
2501518671,3.9917269730190448
2500829892,3.8923759359686447
1432710393,3.8764474796183364
1880460051,3.8428661140503113
1879189522,3.8156372644549545
1433736781,3.7963310690508463
1932521001,3.7589344970640983
1880475223,3.7292233300133346
2500362537,3.674873742294796
1930175854,3.663633897787317
1934313081,3.6261824488487107
2092935932,3.559542532992868
1931009541,3.5298089005275073
2095368054,3.523703445353124
2501012173,3.498198826935958
2503134067,3.493544448912286
1879887305,3.3776541546954557
2499448075,3.3437256283990386
2499360782,3.311615327005237
1930201521,3.285798727984949
2092063834,3.273609939445263
2095439577,3.270619527837465
2093972881,3.230431394833142
1433779463,3.2301252862825494
2092028927,3.2261501594348214
2092826704,3.2139376913759703
1879844673,3.03889867646865
1931688451,3.0377015422283242
1433287292,3.0363661368823296
2501018897,2.902210182115831
2503073171,2.84909581596224
2502492342,2.841168218474513
1931633071,2.7989580898450686
2500973963,2.7611358935257355
1930982357,2.7435143482391298
2502094112,2.7422690842512583
1879208353,2.6868714993005502
1439595414,2.6199399389563163
1879142951,2.61169743924807
2502378464,2.5981706597598464
1934322553,2.572601650263309
2095428873,2.5693915283030044
2500845293,2.562674990544691
2501550442,2.541356063136305
2501963084,2.4629884759157217
2502099493,2.4143870576469246
1427747761,2.411122697828783
1879835940,2.410293146476579
2503678080,2.4095010273668063
2501416164,2.407962242192341
2501830371,2.3903159117322894
2499329804,2.3875497378367916
1930202785,2.371263590830712
2501848772,2.359898490962542
2499350100,2.349585638764517
1931646317,2.336354623970897
2503629030,2.3226333888490704
2502352790,2.3172784731774696
1879137553,2.309142814326501
2502564430,2.292350673396962
2096184423,2.2912453161271045
2500509887,2.1985968471465376
2095434001,2.1984134537384126
2095451857,2.1936312332985968
2502885197,2.1500154899723607
2095391242,2.1459569022686744
1879909450,2.1381461526922405
2093051931,2.131608856482885
1434710283,2.1264463854314553
2503587200,2.1103655433318678
2503199797,2.069451109152617
2499848593,2.0562784961736846
2500811717,1.9894570272475642
2096200262,1.9884006020736842
2502274783,1.965115002780667
2501590725,1.9444521624763256
2501969262,1.9259627615290504
1933531492,1.916569605286417
2499644360,1.9087278058470376
2501604981,1.8748954671177014
2500990120,1.8637580964421108
1932481550,1.8485180659392848
2092069217,1.8477436376374252
2502511822,1.8093911126393885
2500688014,1.8047003071703671
2093935072,1.804522387136913
2502088490,1.7968150919869095
2503615694,1.7941179963427492
1930974137,1.7901216972229206
2502054835,1.7898013702536313
2501221147,1.7842463662689798
1433212563,1.7815661870795905
2091998895,1.7583326231272336
2091961550,1.7388867361428506
1930211315,1.736229387483672
1931664441,1.6784262303152422
1934320245,1.6742459704940826
2500643587,1.6724736640635698
2503760761,1.6309574130431894
2503382054,1.6264291289154909
2502214751,1.5977206855535289
2501957302,1.592709975381204
2501284670,1.535277772817456
2093919727,1.5080502518084917
1933560215,1.4038528437547007
1880476002,1.401236552954042
2502146670,1.3802619791033053
2499560500,1.3763969253176307
1880451044,1.3607798636998567
1879836024,1.3240303944671694
2092757155,1.3028396196247751
1880438927,1.2560063681199125
2502317682,1.2442882032246094
2503412784,1.2134621094425015
2501262454,1.202626527154676
1879879570,1.1963018328290935
2092028602,1.1887917393997558
2499426904,1.1674980519992364
2502128382,1.1657022986839045
2501573235,1.1618751174814221
2092951364,1.0570969275573994
2093882642,1.0347843986260363
2502468340,1.0343759514562592
2502476613,0.9944301081391649
2500293390,0.9804338075163865
2095483775,0.9581767390621311
2502056104,0.92477483389405
2092904945,0.899502608201827
2500996171,0.8914287094041274
1427778630,0.8881950229438479
1931639002,0.883670100077304
2499508827,0.877403510145096
2092769347,0.8758418220136379
2092088127,0.8755592563651701
2501166762,0.8733133567468065
2501868731,0.8732341180170555
2503066120,0.8243768631689236
2091184117,0.8092589014741527
2503610712,0.8059286842539425
1879192224,0.7891567505247207
2091952831,0.7172587159103287
2499453160,0.7001074520535558
2503608340,0.6983289794529296
1879213375,0.6945195839492189
2096237447,0.6908563580773804
1880507171,0.6886429464514722
2093050600,0.684074528499398
2093962644,0.6751581299389929
2501923811,0.6637838336210309
1878601672,0.6367187583845968
2092879253,0.6265791625059208
1933521161,0.617304744320184
1930987565,0.6062192156295612
1880518192,0.6047580870884357
2501604322,0.561056934519377
1930993477,0.5557194081658218
2096274065,0.5549050893536944
2092856491,0.5408895120700219
2501833491,0.5405210775825368
1930251057,0.5337904061508237
2499303891,0.5337654212035585
1439578930,0.5283108666399164
2502137600,0.5260030776991841
2501219622,0.4898923657399922
1434635635,0.4760972441539192
2502026814,0.4649070128789354
2501908385,0.4038163318015805
2092921401,0.3760916284241586
1879788780,0.35946581968429075
2499448502,0.3574992724351219
1433951991,0.35453218844128337
2499859435,0.34842216241327795
1934324887,0.3408284881767812
2501906010,0.33971247174170294
1931003663,0.30185116446904436
2093072075,0.14249602340410158
2094609697,1.8403289158224997E-4
2503908500,-0.05843893712429685
2500134344,-0.11818524481963724
2501782910,-0.22760455708240185
2502610444,-0.23574340718003933
2503127493,-0.7179735459812662
2499247720,-0.7792579308008354
2503131707,-0.7961052918503744
2503119187,-0.8112591971140396
2091282032,-0.9541769014572722
2095476407,-1.0506675947160051
2091270412,-1.8274757560041455
2499308220,-2.00551207071472
2499519152,-2.080335402855374
2503901374,-2.1354667654224038
1933558965,-2.4338027228505017
2095376487,-2.6628528520464374
2503434493,-2.9645547600834012
2500284384,-3.70945506378018
2502161500,-5.178057404735607
2093949481,-5.679743323125886
2502371055,-7.480291796148472
2502861462,-7.573114066772206
2502163757,-7.757240279030005
1931601770,-9.988846343244454
1879823051,-11.80673935772199
2502348787,-13.460383281600198
2502532600,-23.23057111901468
1930978947,-27.715235892515064
