user count in community:257
Topic id:0,Representation:0.5590499510036245
userid,score
2093920205,2.6129175176535675
2503063872,2.483334490760785
2500287420,2.4608412424709702
2502367615,2.1366754993686947
2092798582,2.044432144085391
2095479251,2.0335129809403445
1433895692,1.9742655592156702
2500829612,1.9722475422651866
1932644784,1.9545263274066347
1879782727,1.9535771657662102
2501771443,1.9494398019764416
2500837612,1.9440402030023776
2503324842,1.9138099536235793
2503030154,1.9061737201988733
2499813827,1.9016530906859723
1879864620,1.897419663924929
2499412972,1.8347109357134772
1880431174,1.8342631440985793
2093857540,1.8258949736193124
2503365964,1.8068047914329601
1439573285,1.79323621218004
2501610264,1.792378176858746
2092863767,1.7894477544700937
2499893771,1.7526388297004187
2503083920,1.7224133728083262
1880511512,1.6739168281394776
2091183357,1.652314024923218
2501465292,1.6443938262770603
2092900103,1.6434065029210356
2501004944,1.6414388935742787
2092847575,1.6326364889952019
2499601542,1.6281068061705743
1879828017,1.6195483926210597
2092847577,1.6173178909425479
1434729014,1.6131387281241698
1932584077,1.6125123256277019
2500361373,1.6021441050624818
2093893837,1.5867364630388543
2500973460,1.5620847331082344
2503889664,1.5583509228235617
2095461977,1.5554012511796056
1879170853,1.5540164649233823
2501903100,1.5522068767046695
1932596190,1.545996716403031
1879874773,1.53580391055355
2500139762,1.5325345472405407
1930216771,1.5306181019836687
2499695035,1.5223538340914158
2501022980,1.5172407545735624
1427842754,1.5089705246995488
1439337317,1.5032221559379113
2501075082,1.501799358929022
2502022563,1.489597584769612
1433817424,1.4790038842376547
2499546570,1.474607495879959
2092859724,1.4402765356434895
2503476074,1.4354129264514524
1932549094,1.4216918447385907
2499312962,1.3902936763685632
2499608952,1.3825392573123931
1433421914,1.3643484076544266
2502292307,1.3501098218666017
2095355170,1.3467219471283798
1879808641,1.3429303818060896
2096190817,1.3344811976644353
2500971053,1.3268466976465294
2095352591,1.320293799805346
2095448302,1.3184923034325207
1879835235,1.3130310577938407
2499494255,1.3116243965313195
2092928791,1.310992230473307
2500521623,1.2969695949301219
1434598107,1.2875571635076095
2500179830,1.2634046787446558
2501786493,1.2615262584442144
2499729510,1.2500889591105042
2500809563,1.23015982249764
2502531812,1.2269000336020002
1931024270,1.2259448354353315
2096248387,1.2015949753737796
1930179875,1.1989718546874486
1427593052,1.180224317671769
2092922662,1.1794409792918341
2502991402,1.1585832369902402
2093875384,1.152890172429602
1932517127,1.1500362012776677
2091248085,1.1361373567402089
2501478364,1.1296111142228291
2500248664,1.1234206317005417
2091975575,1.1120348603770416
2092911304,1.1082337561297468
2091282944,1.0909209631614154
2503480892,1.0904003984723496
2502895714,1.0900984597392878
2500474501,1.081736973998646
2502562710,1.0815148808142536
2501601415,1.0800093476262513
1879154743,1.0700310823523131
2500325143,1.0679438282062452
2502536111,1.0648232707581295
2095490497,1.061223515133067
2502079777,1.0576337744781055
2501049604,1.0483485728189093
2503665121,1.022769477988297
2094660474,1.0225103161132356
2499341444,1.0032761773896008
1879231235,0.9816289785454522
1434595612,0.9682318812233488
2092892882,0.9508154538786017
1933554442,0.9477416712925498
2092795221,0.9446158778095883
2503186604,0.9425341866346443
2501566832,0.9311156753974523
2095395451,0.9302834429409333
1932489493,0.9296454137874156
1931002243,0.9240008903768246
2092898682,0.9097903607169427
2500413730,0.9092426318712722
2091947957,0.9023790849306617
1932652601,0.9023008656864661
2093980364,0.9010111150698064
1879906035,0.8998482559353798
1932621981,0.8974697855787311
1880536547,0.8916126054928065
1880447607,0.8889300128513922
1879905132,0.8843576688244276
2092788182,0.8840011428229291
1879815701,0.8802329579522739
2499600914,0.8726261617037746
1932499864,0.8720003722019433
2499653207,0.8690617671606646
2092792555,0.8682005374981957
2092056352,0.8674829450923731
1930226681,0.856190582287188
2503791860,0.8497585626470392
2503694160,0.849453833000432
1932618814,0.8389268017050368
2502277593,0.8346603140739565
1931624827,0.8324324339191271
2502346864,0.8323957087793554
1879144342,0.822353873820018
2094580910,0.8208940913918711
1932640463,0.7960877980882964
2501149557,0.7826780460811619
2092885884,0.776983546131357
2092015275,0.7758569691853521
2093936724,0.7675780106267167
1929311095,0.7625705669013944
2501508790,0.7586371796952517
2499897594,0.755698619889632
1433295302,0.7541215456282242
2501413833,0.7530925728766926
2091980837,0.7495829838700925
2500382151,0.7372697851589676
1880521111,0.7326286101335084
2503095484,0.7130197423619631
2502813454,0.7115630955590101
1932444732,0.7043520659234889
2500389924,0.6952764079381697
1878604502,0.6918897274665315
2503180171,0.6746796858775739
1932625815,0.6724217426047459
2499878377,0.6655889183715229
2500387940,0.665501216216721
1879793504,0.657613966045399
2499348442,0.6479728428484024
2499427265,0.6467432275990319
1932627363,0.6446741483503452
2500570347,0.6365607510436638
1930952943,0.6356457032476406
2500487094,0.6333886272523933
2093874874,0.6299122821877106
2502913592,0.62962914325762
2503639857,0.6280821952550245
2093004503,0.6252934390915831
1932488225,0.6153105293295789
2092770940,0.6150421152372767
2093050347,0.6142051479963977
2502067570,0.6097667493683814
2092826257,0.609194532984992
2500337507,0.6038822724684157
2501690192,0.5920117129652707
1879778934,0.5876478550547095
2502832545,0.5863721568318946
2502181382,0.5823579471016417
2092903995,0.5811026405816333
2499884494,0.576624914465955
2502443290,0.5631625807005826
2095433500,0.5629382410080475
2501587522,0.5575439948081351
1880526522,0.5518791046159017
2503831170,0.5511424383336194
2502034863,0.5500862513490293
2503380420,0.5499096567180214
2093879035,0.5484026066951458
2502313537,0.5470905734438447
2501472364,0.5331294702688819
2499601384,0.5329505734638762
2499336282,0.5325524470623728
2502823695,0.5316045920869706
2095407205,0.5279845340169718
1879768667,0.5269966242135056
2500204154,0.5257135536425347
2502159697,0.513830403335965
2095379871,0.5132092002901619
2500819390,0.503778439862597
2095426867,0.5037110944255456
2501372632,0.5017973262233898
2501511095,0.500472339109576
2501435435,0.49486280320962034
2503698832,0.4944063852247379
2501710725,0.49304928633828965
1434351980,0.4853468139186238
1933517945,0.4832644560905691
2500340807,0.4819530740828793
2503141247,0.4740949741997165
2501732960,0.4729976765278719
2503058232,0.4689567498918511
2501542111,0.45984115546313553
1880444193,0.44570923717734645
1933517253,0.43479770702987436
1930993377,0.43148776299945196
1931683367,0.4302941797288517
2502720544,0.42647251210913356
2502994212,0.41107964447947704
2503245194,0.40137246942745086
1880436902,0.3958365425250781
1932510840,0.3898765692522305
1879834032,0.38304641939732365
2093876867,0.3725086420788448
2501917672,0.3549014300969497
1879785770,0.35267272088726836
2503852894,0.3391188587829413
1933510842,0.33894891657546156
1930252125,0.3352456431008134
1439657935,0.3293713011824309
1932474750,0.3242068219882368
1433942014,0.3199542409401293
2502783080,0.3130232756242552
2502530070,0.30992648555660124
2501923120,0.30748867360272264
1434383565,0.30314869268460615
2502631264,0.29921748784197777
2091975984,0.2919048743697337
2092082714,0.2853693327678841
1879801004,0.27705507853451095
1433387630,0.26568091286811907
2501875130,0.26177327351980956
1930965037,0.2533561507834119
2502989862,0.2450483713166241
1934304161,0.2232276459652843
2499874094,0.20708766908628146
2499319144,0.1976020265784977
1879171767,0.17751442409741527
2501435522,0.17247248683479516
1433801823,0.15334442229723247
2503186207,0.14608125156493176
