user count in community:721
Topic id:11,Representation:0.5528054468198839
userid,score
2096194874,25.082198460998693
1427813545,21.133076759268327
2091276410,20.684364135402713
1432931987,20.37779829886206
1433618733,20.034951216451336
2092967152,18.923344442326968
1433138157,18.87782744152081
1434162690,18.538551302153515
1933585151,18.309612790316102
1433656880,18.308708690323016
1878574743,17.777179196969914
2092882723,17.72628904203386
1930941787,17.72013950574082
1433753262,17.709846395359445
1434632771,17.530354696897934
2092902070,17.4749255986166
1434533624,17.45458394819253
1427898074,17.433990085702813
2499556945,17.26960727556372
2095468007,16.945997033166638
1434595832,16.802080644944702
1934322223,16.743756654576718
1434580724,16.728621509947924
1434022202,16.724870054708916
1433964490,16.67362147399934
1433048100,16.66646692678755
2503294012,16.598168120758686
1879808064,16.50652031481418
1930980985,16.50060275387507
1879796272,16.47505879129909
1934317955,16.419871426786138
1427872764,16.144454905248022
1434415820,16.012145683721826
1930215957,15.914410643733984
2503329332,15.894853905898186
1439645633,15.829324419221946
1434335341,15.819582749555064
1879891340,15.7684666593468
1878582623,15.720123720753273
1879884353,15.710134028310854
1930157255,15.652935115778998
1439371750,15.631187782098701
1427677814,15.613041457981224
1433391875,15.484705501920562
2499468711,15.395995681530568
1880466244,15.346695263399132
1432651591,15.34491156178253
1930192842,15.341229009269458
2501070782,15.312488930638066
1433682370,15.297374354496531
1434755350,15.293042491424565
2093974727,15.268519995387834
1434640582,15.199529387476513
2500650924,15.193154368548834
2091964065,15.14334840030292
1931606862,15.04775126154308
1879239245,15.030119940168179
1931629244,14.995067522454741
1931693431,14.975260482701582
1433318164,14.937544928185229
1434511983,14.928802791568687
2502903684,14.903031739899442
1880501655,14.848201139536556
1439590941,14.81977743270668
2092802273,14.68960364758423
2503914134,14.673733748459815
2502355817,14.648124851083448
1427639247,14.626263078405454
1433443917,14.615413742022628
1433652795,14.59339879884612
1880450404,14.590375951546287
1434153472,14.575112267857563
2501687305,14.558362875197684
2092899224,14.484576518544284
1880492550,14.462855544222306
1930940591,14.402783195216758
1433143691,14.31029020679361
2092881521,14.297803512168253
1433356432,14.29257926540627
1433982342,14.250624261322647
1934306130,14.131520788938335
1433175237,14.0561396324671
1433313435,14.027926248686514
1879172860,13.999940422425293
1880519770,13.954964908593798
1879146041,13.941268157982117
1879221291,13.892313176856746
1930959090,13.860448107735579
2500837732,13.838014205168003
1880470240,13.79283367982691
1931021795,13.760696144868392
1432714760,13.7490193361124
2500708681,13.748785291058775
1433588610,13.71777352687656
1439520770,13.68644036826662
1439471085,13.675586885316886
1880459485,13.6748025500026
1432760514,13.638644351449278
1879913164,13.57727837894561
2501975964,13.570454924621556
1434670970,13.560315090798037
1932552267,13.539157072897709
2501379905,13.524716290114892
2095359503,13.48546944804364
2092947293,13.453203250757491
1930234462,13.419698885215581
1433117594,13.412365783709236
1880533571,13.37049052415043
2091268085,13.365068854583244
1879192565,13.338769640029904
1931658890,13.337389267911513
1432693372,13.328399935118455
1434378324,13.294974074504635
1879238465,13.2844650738587
1433861701,13.198795730604663
1879863907,13.178592087811664
1433529834,13.16845106394263
1432898205,13.165890653722968
1432765150,13.136825198292339
1880456277,13.108181774162436
1930186434,13.100558200642737
1932436162,13.09037305354341
2501131224,13.066073781114081
1879163373,12.99501807006924
2501017590,12.983790920681614
1432644924,12.974196498771255
2093880341,12.966648667725433
2091979702,12.962738726627416
1879869544,12.930788858514948
1879792741,12.86413311189362
2094675184,12.86165922219815
2092923457,12.861094081135473
1930249892,12.825090629108931
1879152533,12.81875499672772
2092885143,12.798769484771205
1930949297,12.764309091540179
1427763785,12.760229243212567
1433045643,12.725620848309076
1434288600,12.718507225911434
1931624743,12.66098942454076
1932451285,12.65500541626664
1930218083,12.642439065772455
1433370203,12.627553164681705
1433275452,12.604898614148055
1434497893,12.588460442625447
2092799485,12.58713184078611
1439397993,12.562940562064261
1933495833,12.53456199647538
1880518493,12.526415438675937
1434605193,12.484962717647761
1427877191,12.472180057865629
2503683470,12.463333300903138
1433087100,12.453796787136712
1433360685,12.43200719975061
2095400005,12.38927420324522
2095449293,12.35115435847249
1427622133,12.346588247189722
1439462707,12.341709277106464
1427825430,12.33923326125414
1931622525,12.301843165924367
1880506345,12.283439246645694
2092893934,12.246997141116253
1879137537,12.235903541827774
1879864870,12.20489809534615
1433372185,12.197374931368675
1879820780,12.143031670670853
2502664942,12.118448799804717
1930947125,12.115457606729843
2503467064,12.037506501994063
1439458191,12.022888666179869
2502062802,12.017142039572073
1434394605,11.999562430212318
1433266572,11.994219213934043
1434165024,11.980790069930652
1879200581,11.95035110297431
2092843663,11.929620547916954
1433981645,11.90235409720791
1880464900,11.898595670059851
1434437771,11.881723830898341
1931621485,11.85018749912006
2093042107,11.849263831270232
1434293755,11.834131419716945
2499608320,11.792983598815898
1433553163,11.747944494576966
1879228947,11.71818254030077
1433255704,11.662573688818512
1439364990,11.645172968952782
1934315825,11.598083437136498
1880493887,11.559442333546187
1439349140,11.512817559293818
1427731544,11.510180227970412
1433285502,11.493903250484754
2499773623,11.469075836917648
1427794842,11.453880174805283
2094616307,11.401496526919338
1427877127,11.393671892362253
1879233294,11.38614859850688
1930233195,11.31621953427283
1930941135,11.292342466071844
1931673051,11.264877942665825
1433070857,11.254144437565602
2095422983,11.253875282278562
2094555047,11.238426320068184
1432875094,11.229001769377817
2503238690,11.224140560199752
2092760703,11.19615615515688
2091186372,11.170801177513244
1434692513,11.160589071038512
1433507123,11.150874054601731
1434337702,11.119089984766537
2503558894,11.077694887324666
1879194187,11.077232966738642
1434454671,11.046866788619615
1880503444,11.03025302344923
1433442590,11.02563345129937
2096205803,11.018374370260064
1880475094,11.002899122426983
1931632767,10.99091865738954
1434619817,10.963216765581933
1433033533,10.934897235386252
1433537083,10.879256830077878
1880489307,10.853565627505326
1427633167,10.825590930605838
2092885913,10.806114834273377
1433942433,10.802269642294219
1433402950,10.79559022611758
1931676937,10.746483199972445
1930181620,10.735782077477584
1434722114,10.735450880676924
2503903980,10.712261407255752
2092015760,10.70110674228741
1929308073,10.662928555609769
1439404747,10.643602780638286
1432715825,10.619217762541147
2499412541,10.616465863820963
2499376610,10.6031531962372
1439501521,10.601128111098383
1933577105,10.558348411726474
1878603271,10.544006448526147
1432627977,10.539300703474293
1879824747,10.532506080976496
1879875302,10.525607950109325
1434483427,10.513254906657526
1879147302,10.489525470185363
1439589664,10.474632737383875
1434742473,10.46025058135766
1434646351,10.453913220768332
2500514505,10.377244759646736
1879893504,10.372248848068617
1933539015,10.370255804247845
2502659424,10.340562030659825
1434003162,10.331095166857756
1434371813,10.32537790179565
1434724153,10.318907846992346
1433439357,10.287288013049366
1434261005,10.261096535305429
1879231097,10.220823400173364
1933553585,10.183289822649941
1433886074,10.165397946970746
1427764695,10.123956419997521
1427882435,10.116719276989476
1434762314,10.092834579289104
2502742093,10.086331406635741
2092929857,10.059229647465948
1880495603,10.039327247908332
1433487104,10.019967194868892
1433182373,9.975972195832247
2092078510,9.93193205699944
2500374671,9.908584280248856
2500443985,9.907223531805588
2503665290,9.900512843583654
1433628257,9.892043687735432
1434009002,9.878239185415167
1434115290,9.848783500191068
1432703175,9.834076624409732
2093077187,9.826458266864519
1931696122,9.816393752842586
1439558562,9.808417370016503
1878598480,9.753384208431783
2095416411,9.747796663460187
1879779672,9.738731048350912
1434378705,9.735177788778548
1434521743,9.725598159724298
1433086265,9.72384879018585
1930144527,9.703876674972646
1439426074,9.697926811173481
1433726045,9.693496028301698
1932566777,9.538199533761079
1433287103,9.521827342177971
1434160101,9.514391976012835
2499545522,9.490617657845052
1433765237,9.476946703944959
2503583472,9.468308582441532
1439621227,9.44867814870822
1878585634,9.43643050779457
1433655842,9.430578124782722
1879153000,9.412562626388342
1932614415,9.394623436139522
1930930244,9.382282567866467
1879837012,9.344249834145593
1432910457,9.339652894247605
2501511785,9.296815871132907
2091972922,9.274380675470569
1933580971,9.273340394488315
1434299874,9.26716362233953
1931626865,9.264412714018652
2092853285,9.262340589350298
1434680412,9.261790015898205
2094603981,9.26123262665873
1427652963,9.250494103201694
1433179100,9.249818433894614
2092881184,9.21385984276499
1427631271,9.208046454401035
2092917577,9.205167478334538
1433657400,9.170221670828319
1880470004,9.164989845841518
1932565493,9.125499272879706
2093896374,9.092647526006687
1439497251,9.017436707041023
1434498015,9.01726456184175
1439539882,8.97535039308017
1931595361,8.970373744674985
1427721785,8.952918873014271
1434233155,8.922208035053355
1433127597,8.91491096534338
1427749581,8.880090925740562
1434602584,8.871048910771401
1879811301,8.857303100973253
1433212801,8.856659905037459
1932469323,8.846918199144753
2092975351,8.825036207649891
2092885947,8.824741849003166
1878592160,8.78707526446371
2093008442,8.77252060918709
2502803060,8.720753022733566
2500887494,8.716298039492449
1432828334,8.713368650974614
2093959215,8.649895878436187
2091211512,8.633504124266954
1434734343,8.623868858099046
1879193650,8.616192935092306
1433672402,8.578774191047705
1432776161,8.521988817736126
1931655382,8.513249740757288
1427753861,8.500919811487973
2093904952,8.496814645369053
1433635083,8.452344638242721
2093937587,8.426950063694985
1880529093,8.412326829413612
1433116653,8.362437802249653
1879247165,8.337752131592076
2499586364,8.28875606492153
1880490650,8.277722284302278
1433846335,8.254703803888292
1879772351,8.235106859914515
1433971892,8.20354394072317
1434257055,8.203227364455774
2500694027,8.18451953782487
1433036224,8.145931983638704
1931015983,8.143101539228613
1932433465,8.141087395369015
2095463791,8.113497898363772
1439607235,8.108348628046995
1433779494,8.095086171073536
1880458174,8.09143051485408
1879136063,8.069206706147414
1433205471,8.039187252758804
2095403717,8.031548404016677
1434451731,8.005505567548253
1433680664,8.00508940257555
1434016761,7.937908106875323
1434320201,7.936049444218753
1434215890,7.930875236975537
2502541615,7.929293041369224
1433593472,7.912919031429378
2092770183,7.902668167305254
1880485711,7.8685266977386865
1433086425,7.866053622707228
1933518872,7.840789419583966
1433048350,7.830087840440099
2091201693,7.8206033088771045
2499504637,7.80067513036452
1932576255,7.7987970993325355
1930204741,7.794173021348807
2502116051,7.7802506367295265
1879837801,7.76928722309499
2091972133,7.74951568046583
1931671897,7.74517252973436
1434266192,7.7426860152912855
1880547814,7.7405716697410005
1432648212,7.6959732361962265
1879778684,7.6781322023701035
1933561810,7.668485221847086
1434650911,7.631860937495586
2502440317,7.6283141778630945
1930233010,7.627671941889053
2499783000,7.627371277470012
1930942152,7.577910676916378
1434513602,7.5616417969088525
1433489530,7.5495509399398895
1434631637,7.524721918790505
2092764477,7.52469938816039
2500473457,7.5218763698947715
1434419771,7.512465200553749
1434465331,7.488572952174341
1433582734,7.436294442257834
1427662425,7.420837776751481
1933552790,7.392955645408022
1427710465,7.383218330299532
2502308180,7.350309220893531
2092939625,7.32151342014063
2095396381,7.289875890571342
1433155985,7.244768386007446
1930175691,7.205966530161923
1879873750,7.175235131911896
1434451581,7.1674854416454785
2091245335,7.122163123024148
2500759072,7.113597188020237
1439369572,7.110225083101682
1929303875,7.099737386034219
1439317363,7.085773357022217
1932525067,7.034123295289162
2095352907,7.026759527637473
1439423814,6.990706499981117
2092803963,6.971509811263425
1880516117,6.959863124508699
1433583394,6.9447331163699815
1879808285,6.9310419036815345
2094599521,6.89863165167958
1439339567,6.893142951362193
1433144204,6.892861452408116
1930240721,6.8890921718389535
1933581927,6.885687560592011
2502028124,6.871828775884792
1434256930,6.847725974657525
1934301372,6.847159866087937
2094641455,6.831835774838956
1433777772,6.827076996545941
2501783861,6.822396801476223
1878580163,6.818745173333889
1880498913,6.790010940633763
1879908695,6.784822963236036
1434192330,6.761291225483072
1879218177,6.760588843435216
1432682854,6.751033990234036
2503675373,6.750921686762122
1433344383,6.7439815737475195
2093971490,6.708203512064003
2094618890,6.701011949440207
2092037190,6.690119571743741
2092918757,6.672991810069048
1933511847,6.6717866582715954
2503117574,6.656744992573537
1433303824,6.6040026949825155
1878573891,6.572121492382225
2092938634,6.564564891998551
1434612054,6.560113294082232
1930227151,6.557560180161939
2503898797,6.501463523006794
2500958670,6.497968952304552
1934323297,6.473134221357848
2500846440,6.418537102850013
1427627952,6.41586686875449
1427749604,6.366730741861724
1434419602,6.365254937635456
1434459051,6.361272398289325
2502457091,6.3605676835022456
1930185765,6.357084663252574
1879203167,6.332679882502121
1432889673,6.330083797213403
2500245155,6.299205742372484
1879807083,6.2981435280302325
2095391200,6.270481364313499
1931632687,6.2678943640959845
1879838672,6.264331602359978
1433950091,6.2414125120738175
2091979743,6.229910964610651
1433209532,6.228950791485406
2093085452,6.207127915833759
1879773475,6.178968361266076
2500799591,6.175745530006759
1433855447,6.151114485494241
1433022504,6.146245984402547
1434598652,6.14085200216603
2502953594,6.133357479563018
1432669251,6.13205379446239
2094636907,6.0820829982803915
1930177944,6.071588678847823
1427864280,6.065669353810431
1879225615,6.0515804599114285
2502913340,6.028381770481835
2502091393,6.015725582117934
2499851572,6.00131626244899
2499526114,5.992214207483162
2093021023,5.963318053396932
1433027452,5.944810321082544
1433553182,5.938993701151385
1433795281,5.912525361284835
2503622612,5.8628613862654735
1433961657,5.858186269781911
1433480703,5.856630331142052
1878589707,5.846166785451882
1433472471,5.84162668433332
2091284582,5.8358638745800215
1427827025,5.823422586308695
2093060952,5.809465217759663
2502620407,5.797988644553478
1934316980,5.78301585370443
1433496763,5.77952368139298
2503161037,5.730301607263182
2092844531,5.717562668050157
1879881144,5.714211597309113
1879136522,5.71244464942627
1879223201,5.71025523785263
1879165595,5.70859248177651
1434613061,5.696594146335933
1427894905,5.685928415459021
1439360804,5.6529763097996915
1432631611,5.651435415944259
2092848943,5.58408785542661
2092880077,5.560534234206736
1427846302,5.554520372591408
1433681503,5.549439068662063
2096190774,5.534956980215457
1879897894,5.529509249818992
1932619445,5.51735012195678
1879825804,5.501353234620357
1427799307,5.49267152723911
1930187985,5.476991709144668
2499718764,5.4689568660020536
1933585353,5.415086588778032
1930235327,5.411645822455626
1433649001,5.385960667397877
1434760990,5.383912986226574
1433063245,5.368168199573786
1879140447,5.349293691498109
2092764807,5.333287603248709
1878572677,5.327724774728755
1439464803,5.302530128789112
1879789762,5.301644336643522
1930949034,5.301490820914847
2502505194,5.294507900042851
2095452030,5.2900583906943
1433150711,5.28900722117962
1878600597,5.280830269200851
1879826633,5.265932077665978
1433114135,5.2371206569008955
1433262197,5.2132530782748585
1879778661,5.183952785435153
2094549997,5.170306398115907
1933574590,5.16503900644855
1433638014,5.164226437587291
1879147973,5.123173726256676
1433502061,5.053263487213317
1933496395,5.014382499931026
1433644764,4.951537777983184
2095412055,4.873130457237644
1434567067,4.864940067825924
1931026004,4.8495402614498575
1427843737,4.839784018613688
1432941235,4.832317818147159
1433499435,4.832108859328704
2092023721,4.817238417457523
1434731783,4.772421636871061
1434320761,4.767600524864338
1432681090,4.701951936422258
1427877877,4.689155613511296
1434110137,4.6695246405740924
1434706431,4.667422531466346
1433462462,4.654555394685168
1932611685,4.626097405607083
1932652390,4.599954069752576
2499753134,4.517094646639533
1931593524,4.50707347865143
1879839424,4.477420713071756
2092769813,4.438323550729363
1434676802,4.4144769914020365
1932635941,4.350938250948989
1439397575,4.337671706198939
1433912694,4.320305629748815
1439548877,4.262553616584143
1879894472,4.234556793249878
2096188802,4.210971322412852
1433182957,4.1987862438309875
1433454290,4.193767493756266
1439459363,4.171195993468884
1879831652,4.1672713499106475
1932623795,4.15271430187851
2094662132,4.145635420830751
1434093142,4.129997409065644
2503221055,4.0327929160791935
2500736757,4.014860467570577
1932636863,3.9824641083072065
1434444892,3.9647948373984447
2502728503,3.947367075804365
1433389131,3.9362381917532834
2096228203,3.934932570348355
1879845774,3.9250989687578572
1879904224,3.915654719752515
2500451855,3.896225380682028
1433166203,3.8770787360227748
2092953355,3.869669544187298
1434594472,3.8212526402030997
1432745315,3.778521637256051
2501625547,3.7322715579080294
1879844420,3.713617291275924
1432669377,3.6878822963423294
2092091944,3.666591977992445
2499259942,3.657783300885407
1427587605,3.6463523441363326
1930983260,3.634335174571255
1433740551,3.603139743440585
2500943220,3.578698954524479
1878579784,3.533603227166295
2092850682,3.5261592042151784
2092840940,3.5176756793298196
2502869134,3.4955867574127604
2092969551,3.4879944030944916
2499374314,3.479762969388225
1880495091,3.4792660301370537
1931600752,3.453700144384925
1930927987,3.402900281887933
1880457634,3.396914410584055
1433305140,3.3104351934807332
1930939970,3.3017939226457385
2092917182,3.281664504634036
1930996945,3.267469468090651
1880533001,3.2669480833753832
1432917292,3.2586021081367194
1880445050,3.221436318733569
1879126180,3.202332910272982
2501882615,3.1990177152709447
1433428505,3.146613707397755
1879197591,3.141385112020115
1879910195,3.105623174803742
1933495383,3.0808059420613176
2499854203,3.0442274137969543
2095466893,2.9574888053060917
2503470310,2.9001610037018186
2501981947,2.758216382246327
1930963992,2.74278619755659
1432670765,2.706857209346865
2501040410,2.7001476363292225
1880427241,2.545861607142634
1433133064,2.545678874240707
2501251910,2.5396677502690097
2500223840,2.4895894655675894
2502350611,2.4852219974797567
1879130154,2.470037471672984
1439478962,2.436142087191449
1433999762,2.4078716898444683
2500245295,2.382127217213192
2095363443,2.338208036713879
1932587267,2.3194153993959885
1427802851,2.316882456093959
2091212702,2.2843679714230576
2093069085,2.2342494676596867
1434092364,2.2255883208996705
1434452383,2.208607248925414
2092091991,2.197019590595675
1879799667,2.1363157394754704
2499229470,2.0966181730161075
1879809257,2.032734882033861
1439580687,1.9897826217228656
2091950935,1.9746862133282492
2093889821,1.9727910826501531
1433512494,1.9634397264641192
2499819090,1.940081655325121
2501860217,1.8007819092685875
2092075372,1.7931554097533835
2500952314,1.7782257755322193
1439543862,1.7380261928332004
2092776444,1.7214371436434655
1931658935,1.716327932596009
2092005474,1.6940609172794172
1434125727,1.6875489587988186
1439410773,1.663343250696238
1879188771,1.5872451835730137
1433191674,1.5367207756108294
2500487533,1.4948656545899979
1434383267,1.4891163190482188
2093021794,1.4503928358503606
1433569557,1.445439242230553
2501294722,1.4014386390238147
1879125957,1.398636080994832
2500823070,1.3836905279043195
2094563407,1.344494279483495
2092897105,1.3306579019755584
2503380130,1.2920442475384406
1879826624,1.135915735015396
1434134645,1.0903598466379532
2096203500,1.0581594972912869
2499325834,1.0094767069037767
1930234011,0.9992333131590031
1930146071,0.9903215651465641
1434014663,0.9790033434026871
2499414650,0.9371807147908693
1880469721,0.9167766229330483
1433669240,0.9071906119370943
2503113721,0.8806364275383091
1879863017,0.8501684290632116
1427648915,0.8126723944905266
2499538263,0.6449760007509897
2503221244,0.6092131700823586
2500933944,0.6026764742779891
2500217044,0.5985949816323662
2503853552,0.5952827451762197
2503088435,0.5588212504849956
1433147017,0.517825912966641
2091973640,0.5058915188649727
1433622504,0.4946354144860822
1433166775,0.4927495954414402
2092015890,0.47658977628630145
2503135672,0.4465792742448544
1879818481,0.43171803328434705
2500623814,0.36542125720010965
1879149400,0.3508872498711115
1434069935,0.34748135260217494
2500915872,0.3333657492081343
2499284581,0.24325180604274094
2503536890,0.23713380081530278
