1427589977
1427592210
1427683122
1427733824
1427733943
1427778110
1427790270
1427823420
1427844971
1427874617
1427899751
1432614015
1432659015
1432678663
1432716392
1432820162
1432873234
1433003823
1433027131
1433033357
1433105404
1433123075
1433133782
1433135582
1433185493
1433187183
1433210013
1433219794
1433290767
1433329774
1433346527
1433358522
1433392064
1433408435
1433417000
1433428644
1433453934
1433469242
1433574121
1433577781
1433595587
1433621275
1433621423
1433639712
1433669217
1433800415
1433801845
1433804711
1433827742
1433876622
1433882174
1433914252
1433940047
1433953135
1433962217
1434019230
1434025824
1434032063
1434056841
1434098305
1434134055
1434160330
1434188551
1434308324
1434381404
1434402060
1434429255
1434434457
1434437727
1434447024
1434465884
1434475192
1434476397
1434527361
1434528151
1434560371
1434650910
1434684397
1434686293
1434694457
1434698690
1434698981
1434740355
1439318215
1439375430
1439503732
1439541671
1439558741
1439625305
1878577927
1878578683
1878582923
1878592112
1878595455
1878601291
1878603280
1879126040
1879127255
1879128453
1879130384
1879132153
1879138105
1879143033
1879156082
1879166217
1879167711
1879192483
1879199815
1879209727
1879223171
1879226021
1879229867
1879234225
1879243473
1879774433
1879778774
1879784183
1879788995
1879794247
1879798084
1879799467
1879803764
1879804595
1879805851
1879809035
1879811951
1879812094
1879813517
1879823544
1879826137
1879827145
1879829492
1879831393
1879835951
1879842345
1879843593
1879845435
1879846724
1879847753
1879848010
1879848425
1879850863
1879856592
1879856931
1879857292
1879860741
1879863990
1879871012
1879876034
1879878294
1879881264
1879887034
1879893354
1879896344
1879903894
1879912115
1879912515
1880427971
1880433261
1880451477
1880472962
1880497214
1880497674
1880507825
1880512835
1880513392
1880519952
1880523237
1880525774
1880531900
1880532903
1929303241
1929305951
1929310913
1930138130
1930146545
1930153461
1930155393
1930156691
1930170433
1930182094
1930189870
1930190197
1930192881
1930201220
1930211501
1930214507
1930224192
1930241761
1930245727
1930253787
1930929097
1930935560
1930938675
1930951112
1930969701
1930994640
1931011424
1931022777
1931023450
1931026877
1931029102
1931592161
1931621805
1931622455
1931646514
1931674885
1931685142
1931688225
1931689031
1931696954
1932448480
1932450387
1932462110
1932465310
1932496987
1932499902
1932506565
1932513065
1932518390
1932521945
1932532430
1932533012
1932542262
1932578071
1932579397
1932585507
1932590544
1932596437
1932603692
1932609990
1932617447
1932625125
1932637202
1932643682
1933497437
1933513673
1933515570
1933516683
1933519420
1933521190
1933530970
1933546200
1933550393
1933565760
1933574671
1933583520
1933591574
1933598391
1934295433
1934298503
1934298875
1934300801
1934315214
1934324023
2091183732
2091197675
2091200190
2091202565
2091219055
2091220224
2091229303
2091236781
2091261752
2091266807
2091278492
2091288534
2091969220
2091972360
2091973345
2091981394
2091986991
2091998693
2092005470
2092008822
2092008871
2092034780
2092037512
2092043054
2092057382
2092062134
2092063477
2092064654
2092065617
2092083520
2092760642
2092767931
2092769611
2092769907
2092770362
2092771202
2092787927
2092794291
2092801984
2092819681
2092827407
2092832282
2092832314
2092832452
2092856627
2092858922
2092876611
2092885581
2092894567
2092911407
2092913191
2092926037
2092928664
2092930844
2092936192
2092942884
2092956573
2092959164
2092972025
2093019022
2093024797
2093042013
2093057384
2093078772
2093081852
2093087137
2093872135
2093907945
2093922584
2093941090
2093942435
2093943487
2093943865
2093952365
2093955515
2093958040
2093959933
2093966992
2093984407
2094553640
2094561684
2094604503
2094632575
2094634373
2094638767
2094642871
2094655804
2094659371
2094664670
2094669205
2094671105
2094677064
2094687144
2094690595
2094696577
2095372073
2095373041
2095379051
2095389374
2095390805
2095390855
2095399965
2095408541
2095418863
2095425921
2095429191
2095443221
2095461312
2096203175
2096212252
2096220847
2096243060
2096255647
2096266562
2499240954
2499245363
2499247624
2499258051
2499281044
2499294700
2499297514
2499317145
2499331070
2499366054
2499502237
2499546363
2499589844
2499652350
2499677377
2499739493
2499783320
2500139662
2500147711
2500151964
2500196971
2500215957
2500234743
2500242072
2500295797
2500308852
2500319487
2500334647
2500438354
2500446523
2500456320
2500608922
2500702935
2500725931
2500730630
2500739710
2500767104
2500852682
2500856790
2500862077
2500886690
2500896810
2500922755
2500922980
2501004413
2501007541
2501068090
2501149044
2501232520
2501275014
2501280794
2501302705
2501307115
2501322434
2501324422
2501334994
2501336704
2501476241
2501499422
2501529640
2501544902
2501573462
2501576382
2501597622
2501609115
2501620755
2501698604
2501729401
2501797185
2501835982
2501848827
2501849394
2501857814
2501861542
2501931757
2501955052
2501960571
2502005027
2502024915
2502030691
2502041342
2502049053
2502068343
2502096164
2502148720
2502170977
2502175770
2502237927
2502243282
2502353873
2502355462
2502430597
2502433147
2502453420
2502495642
2502515742
2502537130
2502547051
2502561930
2502575757
2502575951
2502611431
2502657644
2502711275
2502725855
2502758985
2502839362
2502859782
2502881181
2502956792
2502988502
2503030942
2503038084
2503059394
2503094822
2503105092
2503117425
2503175015
2503245374
2503275533
2503292310
2503325382
2503326951
2503349300
2503431190
2503520814
2503589981
2503595267
2503619083
2503628434
2503692124
2503718475
2503759152
2503763283
2503768927
2503769820
2503819321
2503846912
2503901890
