1427598480
1427601244
1427603960
1427605041
1427612513
1427616657
1427617877
1427624332
1427626355
1427635110
1427654367
1427654820
1427656354
1427685475
1427689630
1427704773
1427714217
1427715021
1427717997
1427718637
1427722075
1427723110
1427727480
1427733180
1427739495
1427751365
1427755310
1427756644
1427764763
1427764885
1427767664
1427770475
1427781257
1427793024
1427798572
1427807683
1427815721
1427825320
1427827570
1427841315
1427856044
1427880974
1427886984
1427893767
1432602970
1432622324
1432633995
1432635785
1432641281
1432645435
1432655664
1432659420
1432660452
1432662141
1432665233
1432668761
1432684130
1432684464
1432695027
1432702731
1432727987
1432761741
1432764915
1432805790
1432847273
1432866452
1432869167
1432871933
1432914911
1432921335
1432923947
1432938931
1432976944
1433008470
1433012600
1433035470
1433051460
1433055292
1433057320
1433068453
1433075185
1433080745
1433087902
1433105571
1433128597
1433128943
1433130224
1433136073
1433139807
1433158862
1433162625
1433168190
1433188740
1433201810
1433215263
1433215493
1433222831
1433223142
1433228373
1433247434
1433263533
1433300397
1433311821
1433318045
1433323862
1433336350
1433365913
1433386572
1433387177
1433397405
1433406647
1433416121
1433424017
1433440645
1433464033
1433467250
1433471552
1433472412
1433472964
1433485577
1433510192
1433518354
1433533977
1433535591
1433539910
1433545233
1433546963
1433550811
1433551501
1433557323
1433558991
1433566070
1433567930
1433571440
1433575607
1433575931
1433582030
1433583043
1433596734
1433605720
1433640483
1433642632
1433645242
1433653180
1433654304
1433688270
1433706647
1433718850
1433725465
1433726903
1433738334
1433762481
1433789132
1433797363
1433800261
1433818842
1433830517
1433849561
1433855575
1433973177
1433995350
1434002060
1434015837
1434029531
1434037477
1434043830
1434044670
1434052213
1434053521
1434054744
1434057295
1434095305
1434101723
1434103644
1434130427
1434139633
1434159320
1434170697
1434186564
1434197362
1434204134
1434210211
1434221621
1434223700
1434256870
1434258320
1434258574
1434266707
1434273737
1434301724
1434314877
1434339064
1434339604
1434342830
1434346725
1434364475
1434366115
1434370320
1434371363
1434386065
1434386092
1434419580
1434425714
1434448551
1434452683
1434463354
1434470915
1434476403
1434476591
1434482170
1434490112
1434492110
1434492385
1434495821
1434501485
1434503647
1434507223
1434514324
1434517001
1434527732
1434533641
1434533667
1434537702
1434538050
1434539925
1434551502
1434551585
1434552554
1434555724
1434558484
1434563757
1434629094
1434636581
1434640054
1434645745
1434655804
1434669562
1434675543
1434675640
1434682201
1434687935
1434694951
1434700155
1434715795
1434717900
1434720022
1434723177
1434727094
1434746781
1434764827
1439332807
1439337172
1439364292
1439368335
1439369912
1439374924
1439386254
1439393620
1439398441
1439407052
1439427684
1439433251
1439434345
1439435961
1439440182
1439442072
1439464677
1439475123
1439486270
1439518811
1439526984
1439534550
1439545517
1439558282
1439563882
1439573153
1439573570
1439613093
1439615295
1439619540
1878573973
1878576484
1878579845
1878582611
1878583133
1878583483
1878585281
1878587037
1878587655
1878588223
1878589562
1878589740
1878592051
1878592497
1878592651
1878595062
1878600987
1879127944
1879128247
1879131197
1879131770
1879132813
1879132970
1879134747
1879135977
1879144144
1879146145
1879146667
1879146695
1879152041
1879153037
1879155302
1879155643
1879155741
1879159552
1879161247
1879162870
1879168807
1879169925
1879171170
1879174481
1879176630
1879187112
1879194397
1879200495
1879201087
1879202984
1879203193
1879203352
1879207801
1879214020
1879214721
1879217103
1879221370
1879223413
1879224677
1879224927
1879231743
1879232284
1879232961
1879233882
1879235340
1879238341
1879241163
1879241701
1879244523
1879244590
1879249461
1879769781
1879773321
1879774842
1879776943
1879777144
1879778344
1879782977
1879783257
1879788453
1879791924
1879792804
1879795123
1879795645
1879796834
1879798434
1879809534
1879810531
1879810662
1879811593
1879811777
1879812475
1879813484
1879814304
1879818790
1879819712
1879824354
1879826700
1879830405
1879833060
1879833644
1879836104
1879838455
1879838604
1879840867
1879848164
1879851630
1879858787
1879862297
1879864591
1879865537
1879865887
1879866267
1879870634
1879870725
1879870794
1879874592
1879877174
1879878740
1879879952
1879880930
1879882645
1879882684
1879883460
1879883812
1879883942
1879886572
1879888392
1879890220
1879899610
1879900432
1879900895
1879901184
1879902965
1879903644
1879905425
1879905811
1879912771
1880427695
1880436792
1880437881
1880446442
1880451972
1880456560
1880457402
1880457553
1880471021
1880476943
1880477453
1880478810
1880494727
1880509394
1880511241
1880513130
1880514180
1880514232
1880520660
1880526554
1880529565
1880530547
1880530643
1880531947
1880540874
1880542203
1880544120
1929307921
1929308107
1929311842
1929312651
1929317141
1930141311
1930148015
1930149375
1930153433
1930164693
1930165604
1930184137
1930203011
1930217913
1930225521
1930229561
1930230667
1930241917
1930243812
1930247051
1930249050
1930253155
1930929842
1930935051
1930939505
1930947445
1930950261
1930950275
1930951374
1930955204
1930958202
1930958893
1930984042
1930985693
1930986901
1930999183
1931000225
1931001827
1931003157
1931006744
1931007435
1931013757
1931017420
1931020000
1931025653
1931026347
1931028312
1931588713
1931595353
1931598421
1931616044
1931617397
1931622005
1931626621
1931636617
1931645105
1931647455
1931662031
1931664044
1931670620
1931674083
1931681844
1931691981
1932432055
1932442933
1932448843
1932455451
1932459677
1932461857
1932468252
1932474873
1932477583
1932477845
1932479042
1932482165
1932493733
1932497395
1932500973
1932508897
1932512560
1932517893
1932521922
1932527695
1932528487
1932538882
1932541830
1932558083
1932560435
1932563445
1932581550
1932589155
1932595365
1932596071
1932603082
1932605322
1932618683
1932640877
1933493623
1933497425
1933503670
1933506795
1933511237
1933518853
1933524122
1933529521
1933532717
1933538050
1933543885
1933547367
1933549103
1933552995
1933553492
1933560115
1933567327
1933585883
1933589542
1933597771
1933600954
1934298784
1934299441
1934301070
1934309293
1934319687
1934321753
1934322592
1934324013
1934324777
2091182424
2091197467
2091201847
2091218615
2091220405
2091238614
2091239271
2091239674
2091258122
2091275437
2091276944
2091950140
2091966230
2091968363
2091978871
2091992141
2092000505
2092008882
2092016123
2092018555
2092020381
2092024830
2092038660
2092040310
2092043451
2092055271
2092065834
2092066125
2092082117
2092092917
2092769707
2092773250
2092775787
2092776450
2092781801
2092783325
2092785067
2092790137
2092805935
2092806310
2092814124
2092817835
2092818977
2092819941
2092820933
2092827491
2092832394
2092834487
2092841470
2092844735
2092857993
2092880551
2092881510
2092915017
2092919360
2092934223
2092937727
2092942635
2092944792
2092959707
2092960804
2092974352
2093857044
2093861905
2093869002
2093876511
2093885885
2093899587
2093923390
2093945821
2093955261
2093962317
2093974751
2093980440
2093987732
2094610225
2094615401
2094620071
2094669121
2094673571
2094675495
2095349422
2095350585
2095354125
2095355697
2095362260
2095364133
2095376597
2095378383
2095379683
2095391501
2095393265
2095400833
2095426313
2095431923
2095445444
2095448855
2095456105
2095464127
2096203173
2096217024
2096226943
2096245121
2096253264
2096260444
2096273181
2499206154
2499247473
2499257907
2499268953
2499301170
2499417155
2499553210
2499596257
2499634662
2499639740
2499680703
2499739313
2499823914
2499885020
2500127067
2500232233
2500277503
2500440344
2500448414
2500605093
2500682831
2500775855
2500850970
2500972744
2500988907
2501296983
2501303245
2501392185
2501517224
2501517245
2501592432
2501594203
2501601853
2501664181
2501674540
2501706055
2501734700
2501775247
2501797422
2501965344
2502073357
2502136912
2502212212
2502237647
2502248875
2502393684
2502402680
2502415547
2502449081
2502468280
2502545480
2502571032
2502736185
2502756675
2502991524
2503101385
2503143945
2503191945
2503237427
2503254714
2503273750
2503282622
2503296557
2503318490
2503329080
2503462055
2503489135
2503539557
2503547500
2503580077
2503750192
2503772045
2503779085
2503841962
2503886211
2503895143
