1427593052
1427842754
1433295302
1433387630
1433421914
1433801823
1433817424
1433895692
1433942014
1434351980
1434383565
1434595612
1434598107
1434729014
1439337317
1439573285
1439657935
1878604502
1879144342
1879154743
1879170853
1879171767
1879231235
1879768667
1879778934
1879782727
1879785770
1879793504
1879801004
1879808641
1879815701
1879828017
1879834032
1879835235
1879864620
1879874773
1879905132
1879906035
1880431174
1880436902
1880444193
1880447607
1880511512
1880521111
1880526522
1880536547
1929311095
1930179875
1930216771
1930226681
1930252125
1930952943
1930965037
1930993377
1931002243
1931024270
1931624827
1931683367
1932444732
1932474750
1932488225
1932489493
1932499864
1932510840
1932517127
1932549094
1932584077
1932596190
1932618814
1932621981
1932625815
1932627363
1932640463
1932644784
1932652601
1933510842
1933517253
1933517945
1933554442
1934304161
2091183357
2091248085
2091282944
2091947957
2091975575
2091975984
2091980837
2092015275
2092056352
2092082714
2092770940
2092788182
2092792555
2092795221
2092798582
2092826257
2092847575
2092847577
2092859724
2092863767
2092885884
2092892882
2092898682
2092900103
2092903995
2092911304
2092922662
2092928791
2093004503
2093050347
2093857540
2093874874
2093875384
2093876867
2093879035
2093893837
2093920205
2093936724
2093980364
2094580910
2094660474
2095352591
2095355170
2095379871
2095395451
2095407205
2095426867
2095433500
2095448302
2095461977
2095479251
2095490497
2096190817
2096248387
2499312962
2499319144
2499336282
2499341444
2499348442
2499412972
2499427265
2499494255
2499546570
2499600914
2499601384
2499601542
2499608952
2499653207
2499695035
2499729510
2499813827
2499874094
2499878377
2499884494
2499893771
2499897594
2500139762
2500179830
2500204154
2500248664
2500287420
2500325143
2500337507
2500340807
2500361373
2500382151
2500387940
2500389924
2500413730
2500474501
2500487094
2500521623
2500570347
2500809563
2500819390
2500829612
2500837612
2500971053
2500973460
2501004944
2501022980
2501049604
2501075082
2501149557
2501372632
2501413833
2501435435
2501435522
2501465292
2501472364
2501478364
2501508790
2501511095
2501542111
2501566832
2501587522
2501601415
2501610264
2501690192
2501710725
2501732960
2501771443
2501786493
2501875130
2501903100
2501917672
2501923120
2502022563
2502034863
2502067570
2502079777
2502159697
2502181382
2502277593
2502292307
2502313537
2502346864
2502367615
2502443290
2502530070
2502531812
2502536111
2502562710
2502631264
2502720544
2502783080
2502813454
2502823695
2502832545
2502895714
2502913592
2502989862
2502991402
2502994212
2503030154
2503058232
2503063872
2503083920
2503095484
2503141247
2503180171
2503186207
2503186604
2503245194
2503324842
2503365964
2503380420
2503476074
2503480892
2503639857
2503665121
2503694160
2503698832
2503791860
2503831170
2503852894
2503889664
