1427620683
1427844833
1432612943
1432615223
1432622982
1432700083
1432717803
1433053694
1433147821
1433177705
1433297062
1433346464
1433350923
1433386395
1433449762
1433474031
1433535571
1433536422
1433540682
1433560262
1433582422
1433650865
1433730670
1433770634
1433773952
1433955482
1434000117
1434027090
1434058297
1434067313
1434181010
1434273035
1434276055
1434320270
1434396997
1434414634
1434607403
1434644694
1434688680
1434707841
1439384105
1439395165
1439489482
1439508610
1439534114
1439559653
1439621463
1439661151
1878575957
1878576931
1878581697
1878585863
1878589902
1878593253
1878598662
1878598725
1878600022
1878600095
1878600102
1878603672
1878603930
1879124404
1879125257
1879126680
1879128362
1879128591
1879130027
1879131951
1879132341
1879135974
1879140324
1879140622
1879140955
1879141082
1879141271
1879144040
1879144233
1879145304
1879152354
1879157282
1879157655
1879158780
1879158991
1879159204
1879159682
1879160037
1879161364
1879163690
1879165642
1879167284
1879168147
1879168322
1879172645
1879176385
1879177922
1879185201
1879187927
1879190683
1879191175
1879195522
1879199765
1879201371
1879206624
1879214934
1879215667
1879216820
1879217884
1879222304
1879223355
1879226900
1879231327
1879232687
1879235807
1879240034
1879241347
1879241994
1879242840
1879244874
1879246974
1879248705
1879768300
1879769624
1879778165
1879778215
1879779734
1879781372
1879782177
1879783334
1879784384
1879787132
1879787230
1879787604
1879788654
1879794433
1879803447
1879806622
1879809500
1879810977
1879819834
1879820652
1879821341
1879824254
1879825792
1879828145
1879829054
1879829814
1879833773
1879835964
1879837335
1879848477
1879850912
1879854952
1879857592
1879859300
1879866594
1879868464
1879868954
1879870751
1879871287
1879874324
1879878382
1879879900
1879884063
1879885270
1879886022
1879888574
1879889292
1879893372
1879906454
1879906982
1879910222
1880425714
1880435071
1880438121
1880438737
1880439531
1880441747
1880445802
1880447343
1880448182
1880453730
1880455751
1880459573
1880464601
1880471322
1880476214
1880476691
1880476692
1880479014
1880482500
1880482667
1880483383
1880483890
1880485512
1880489170
1880495581
1880495925
1880495980
1880496792
1880500922
1880501860
1880505410
1880510250
1880512234
1880513994
1880515873
1880518952
1880532331
1880532340
1880533134
1880541534
1929305094
1929308284
1930137001
1930138105
1930144851
1930159475
1930160675
1930160965
1930164563
1930166017
1930166371
1930168055
1930169233
1930170175
1930170917
1930178401
1930179873
1930180411
1930181673
1930182033
1930184022
1930185404
1930185800
1930187045
1930188773
1930190333
1930192287
1930195304
1930200275
1930201665
1930202261
1930202531
1930203735
1930208400
1930215441
1930216093
1930228875
1930229084
1930233795
1930245924
1930251763
1930930971
1930933862
1930935605
1930937163
1930939385
1930939512
1930941090
1930942051
1930943517
1930946052
1930955110
1930961223
1930962165
1930963487
1930964107
1930964742
1930969647
1930969745
1930973615
1930981623
1930983107
1930985172
1930986005
1930986447
1930987015
1930987564
1930988207
1930993201
1930993521
1930999725
1931004287
1931005191
1931006257
1931006501
1931007300
1931007301
1931007702
1931013371
1931013615
1931016713
1931017850
1931022071
1931026823
1931588945
1931589911
1931597402
1931600284
1931602755
1931603433
1931614960
1931625193
1931631153
1931631517
1931635160
1931637965
1931639655
1931643607
1931644244
1931644251
1931645525
1931651651
1931653523
1931653711
1931664742
1931665515
1931668753
1931670162
1931676901
1931682197
1931687151
1931688383
1931692703
1931692911
1931695010
1931695465
1931695603
1931695724
1931695922
1932433070
1932451173
1932465142
1932480673
1932481025
1932487255
1932489642
1932493351
1932495682
1932501041
1932503285
1932512871
1932513987
1932515814
1932518294
1932521605
1932528183
1932529424
1932537842
1932544014
1932544055
1932562641
1932591132
1932602591
1932609614
1932615813
1932637481
1933495237
1933499583
1933502711
1933503817
1933504941
1933505705
1933508182
1933509027
1933514340
1933516382
1933516945
1933520211
1933524865
1933525284
1933529773
1933530363
1933535043
1933536933
1933539125
1933539210
1933543481
1933545592
1933546087
1933549537
1933550210
1933551953
1933552577
1933555927
1933561047
1933563930
1933571484
1933572800
1933577854
1933580592
1933591622
1933595357
1933597263
1934296573
1934297453
1934298125
1934307022
1934307130
1934307703
1934310327
1934316595
1934319377
1934324004
2091185112
2091187603
2091190935
2091195882
2091196781
2091202082
2091217625
2091222152
2091225601
2091231384
2091240091
2091241523
2091246095
2091247595
2091254467
2091256597
2091257375
2091260015
2091261983
2091268201
2091288401
2091955683
2091955927
2091961241
2091963181
2091963423
2091971523
2091973917
2091979883
2091980411
2091980637
2091993497
2092002471
2092004764
2092009734
2092011654
2092014043
2092016344
2092023305
2092026823
2092035013
2092035125
2092037064
2092037605
2092040421
2092041250
2092042382
2092054787
2092055212
2092079667
2092080231
2092088124
2092759867
2092766434
2092781454
2092786855
2092797045
2092799887
2092833410
2092834967
2092836400
2092843623
2092843825
2092845101
2092846763
2092848593
2092866564
2092870902
2092880315
2092900257
2092900830
2092921521
2092980850
2092983305
2092983405
2092991893
2092991924
2092998467
2093014960
2093016204
2093023244
2093037167
2093045167
2093048603
2093058563
2093087693
2093093094
2093853084
2093853430
2093854050
2093874080
2093875633
2093881132
2093882975
2093883525
2093883721
2093890502
2093936937
2093940752
2093950825
2093953313
2093954281
2093975642
2093991275
2094565175
2094574934
2094578404
2094580687
2094589934
2094615725
2094622793
2094628457
2094632774
2094639977
2094641604
2094643512
2094648494
2094649562
2094662255
2094670660
2094692403
2094693872
2095342650
2095353173
2095353392
2095353882
2095355493
2095382490
2095397854
2095406634
2095409990
2095416123
2095419604
2095441474
2095450703
2095468692
2095488680
2096192761
2096201335
2096210800
2096225232
2096226142
2096233354
2096235440
2096246351
2499227700
2499232910
2499269440
2499278381
2499278701
2499283687
2499292994
2499312354
2499313470
2499327250
2499331600
2499334794
2499337394
2499346223
2499360504
2499362737
2499372704
2499396327
2499398920
2499416443
2499419362
2499449840
2499480615
2499497915
2499558370
2499571614
2499598291
2499616520
2499619937
2499627434
2499631990
2499678904
2499680563
2499689910
2499699754
2499702803
2499727654
2499752952
2499762930
2499771952
2499780760
2499852404
2499859982
2499886002
2500102300
2500108750
2500112881
2500134894
2500173540
2500185892
2500192753
2500249442
2500261152
2500269110
2500283183
2500289942
2500386357
2500395267
2500431790
2500541797
2500562923
2500567790
2500594534
2500625945
2500636463
2500726200
2500742460
2500845182
2500857874
2500864964
2500884924
2500919280
2500961214
2500981702
2501023050
2501037764
2501079954
2501083502
2501084820
2501097014
2501105680
2501164590
2501192554
2501208250
2501247791
2501252530
2501320521
2501360132
2501372450
2501387331
2501396690
2501406364
2501429182
2501438970
2501467152
2501506624
2501598005
2501600154
2501639274
2501647282
2501706190
2501733850
2501735680
2501739170
2501749652
2501783424
2501801972
2501807622
2501822534
2501849684
2501857660
2501903510
2501922932
2501935887
2501972181
2501973681
2501976375
2501980387
2502018002
2502026574
2502091300
2502119500
2502125414
2502130825
2502151372
2502174845
2502189602
2502212842
2502248924
2502254232
2502280120
2502398367
2502400832
2502420660
2502455647
2502462454
2502485223
2502485307
2502493942
2502495632
2502510552
2502519273
2502550090
2502559843
2502597690
2502655892
2502718800
2502798614
2502850787
2502909394
2502946162
2502955270
2502967742
2503004920
2503037367
2503068864
2503069673
2503181132
2503316200
2503317670
2503347380
2503387512
2503390092
2503418130
2503471987
2503480364
2503595342
2503614080
2503624493
2503662834
2503663570
2503721670
2503730944
2503738814
2503749404
2503756910
2503781934
2503801560
2503825925
2503874871
2503875614
2503885802
2503922437
