1427801217
1432689460
1432895617
1433121964
1433267413
1433281792
1433294104
1433320585
1433471714
1433678592
1434238083
1434304963
1434397371
1434434673
1434587547
1434634947
1878583253
1878586892
1879132110
1879137877
1879141267
1879149994
1879151463
1879151613
1879166473
1879194297
1879195423
1879199300
1879213657
1879217220
1879234541
1879242762
1879246662
1879246941
1879247017
1879768950
1879773915
1879777241
1879794645
1879802973
1879822355
1879823955
1879826574
1879843694
1879856732
1879865277
1879891652
1879895110
1879897133
1879901180
1879903732
1880465640
1880489702
1880514172
1880517155
1880520612
1880534100
1880543673
1929304783
1929310631
1929313851
1929314135
1930150663
1930156457
1930156655
1930158277
1930161347
1930179660
1930182193
1930195061
1930195414
1930198115
1930220275
1930228604
1930247330
1930930335
1930957921
1930977571
1930983777
1931001532
1931008895
1931018942
1931589695
1931594057
1931595517
1931617953
1931623927
1931638677
1931639887
1931645613
1931646097
1931650313
1931659025
1931664345
1931666125
1931690022
1932529823
1932571975
1932576243
1932580917
1932604581
1933503461
1933506255
1933510172
1933520017
1933526775
1933536007
1933585575
1933589672
1934294445
1934320773
2091184385
2091194817
2091223454
2091229994
2091246527
2091253811
2091271790
2091284584
2091949285
2091962437
2091963713
2091974890
2092006852
2092016511
2092016803
2092051533
2092076237
2092085424
2092092363
2092756445
2092760521
2092782931
2092809433
2092852711
2092857225
2092877171
2092893471
2092902691
2092954041
2093000111
2093010572
2093035280
2093056013
2093085227
2093089440
2093878710
2093889411
2093889797
2093897572
2093904494
2093906944
2093908291
2093930480
2094559110
2094562654
2094578173
2094604660
2094624744
2094628125
2094636912
2094677051
2095336313
2095364637
2095365521
2095365674
2095398862
2095403957
2095440244
2095459650
2095468132
2096199184
2096237952
2096246144
2096270713
2096270973
2499205004
2499223904
2499229015
2499233225
2499248263
2499255871
2499256983
2499257642
2499273574
2499276040
2499301005
2499313213
2499367001
2499385204
2499406734
2499462271
2499487050
2499511232
2499568820
2499597587
2499623642
2499630991
2499636982
2499658284
2499672211
2499706644
2499760704
2499806932
2499886517
2499894410
2500125562
2500202173
2500230182
2500235942
2500238875
2500241810
2500253040
2500270590
2500271721
2500344960
2500370072
2500532595
2500597742
2500642921
2500674190
2500735704
2501008625
2501060657
2501062180
2501179192
2501214202
2501233962
2501315301
2501330450
2501358252
2501365061
2501409341
2501409934
2501417192
2501419345
2501423727
2501452932
2501465580
2501495104
2501532360
2501547482
2501601321
2501625731
2501655165
2501678964
2501702960
2501742310
2501743942
2501775670
2501834312
2501840167
2501868970
2501876201
2501951010
2501995297
2502013235
2502014644
2502018237
2502035333
2502045177
2502098144
2502109890
2502116391
2502150940
2502154014
2502164570
2502196083
2502206924
2502208162
2502212964
2502247592
2502260081
2502261835
2502270430
2502282900
2502344812
2502353354
2502367794
2502374653
2502383232
2502397640
2502445865
2502448472
2502467922
2502484114
2502484850
2502524632
2502584224
2502609604
2502695253
2502735804
2502781277
2502789243
2502932734
2502949832
2502954552
2502957240
2502976484
2503048671
2503075752
2503101400
2503127092
2503167024
2503168190
2503257202
2503262324
2503276922
2503283747
2503361553
2503376934
2503409892
2503420091
2503491790
2503549912
2503607053
2503671800
2503706070
2503785175
2503883795
2503891514
