user count in community:618
Topic id:8,Representation:0.5621190250773899
userid,score
2501098453,56.05579864850483
2499581512,55.88067623780206
1933549545,55.78411318035175
2502208634,55.7392662577324
1930961914,55.44145010672392
2095394617,55.213282935105084
1879794502,55.14285787044037
2500900994,54.357424660950734
1879222605,54.19844194087675
2499296120,54.132056397828435
2501621443,54.126754180290106
2501040175,54.118305625621595
1880468610,54.115469920347394
1880439310,54.07362196127187
2091947402,53.98458464128128
2499371070,53.93821867296065
1432715841,53.83168280336011
2501311230,53.784334511908426
2503380831,53.7010469632377
1931003663,53.65367505238249
1878595471,53.64362707207838
2501800415,53.62725803738337
2502887135,53.55457763098563
2499499890,53.513429333312025
2095409650,53.45880894566293
1932505457,53.41784902074551
2503872484,53.28319110029966
2501471075,53.242197254766026
2503774534,53.166364556231535
2092026415,53.063235699362025
1930174271,53.00173530843118
2092992673,52.94106849771781
2095492575,52.84813819718767
2503034700,52.83569664993738
2091188353,52.7794609348333
2096253487,52.7620606905096
1930949107,52.71019199358436
2500640503,52.69173500924519
2094632982,52.64745353786438
2093064853,52.622132603908064
2502107004,52.61522179735016
2093981553,52.61091910988836
2501745474,52.605777954113776
1930979633,52.57864471714195
1879831903,52.549812621813324
2502723321,52.434131782407654
1879169507,52.34415704491767
1880533182,52.34297560387704
2501355724,52.31165030000308
2094684312,52.23955338551943
2499826432,52.20787586393974
2096279842,52.039339582681876
2095482085,52.003658642109556
2093060064,51.962374310253196
2092895213,51.951301087943946
2502386213,51.93214990714677
1930973980,51.87108827238672
1879792694,51.77918363709373
2503768161,51.734058263128794
1880481975,51.729188490229696
2092080070,51.583447129505224
1932489561,51.56839909086441
2092800062,51.55233156864462
2502397084,51.54984364399225
1930180330,51.549461573397615
2503554092,51.53481238978429
2093943622,51.50004758375145
1933494805,51.49399485879928
2501499373,51.47258061752739
2503778574,51.46562510297145
2500399293,51.40998949305188
1931689215,51.390368902017144
1879807244,51.37400045939356
1930968441,51.3674844715596
2091982721,51.36628029790914
2503692947,51.336194052129834
1932514924,51.30598383464426
1879176952,51.30455089343165
2501230707,51.26392853903463
1931643017,51.24983886572339
2093911237,51.18173527113853
1879150732,51.17094489110526
1932556122,51.16978813856243
1432959657,51.16727985891922
1439377233,51.16375760058774
2092858435,51.142555218755255
1931020402,51.14152104785935
1932608894,51.135548976787014
2499762194,51.06523418406421
1434094101,51.05084116111395
2499308242,50.98098102280946
2092990864,50.96503769858702
1930200207,50.962050350072225
1879207954,50.91928867164833
2503373132,50.856350255913824
2502292901,50.838107041272096
2499535077,50.83354040083304
2501643600,50.813650685946385
1879149390,50.78730824434046
2092965332,50.7691274190258
2093001787,50.75297387654558
1932510763,50.747907371344795
1879842480,50.73246689439358
2502432240,50.71155980570332
1879207707,50.699395320623765
2502582172,50.66156449921779
2502146201,50.64902670900131
2499238983,50.60436197869217
1930216045,50.525621310817556
2501690062,50.511057921492814
1880527951,50.46965649776095
1879178394,50.380095548478266
2092918933,50.322919889573924
2092776380,50.32166944508744
1434601634,50.30534228649688
2502159035,50.19529645237701
2092931571,50.18373783164053
1879888110,50.066720059692535
2500102042,49.956913886258654
2503315264,49.93556683751375
2501820991,49.89642304063556
1880536181,49.86111943335748
1932531327,49.843689987896134
2091981662,49.816588852724315
1879211333,49.726188218809725
2091201120,49.67897264766747
1433199633,49.649066897991254
2501016970,49.61047355905451
2502403510,49.608387226686084
2092032733,49.577367674156505
2095392243,49.57074450011676
1931610084,49.56902537447248
2499284220,49.545646985170904
2092082737,49.54457734135388
1930203205,49.534828471879564
2499283287,49.517463127588805
1934303325,49.507753479196175
2499772990,49.46854027478776
2503320787,49.406186888101836
2094623015,49.40185071743042
1932653744,49.31447548800639
2092896782,49.28874827262586
2094686062,49.250320632165945
1880443787,49.18534659101057
1930991267,49.088137154805004
1931608607,49.035291174089096
2091975120,48.96218173438848
1879243184,48.86271341989455
2502932442,48.85986430286355
1879822264,48.83936623340499
2502838235,48.81541909778292
1932555224,48.78255731017716
2092080571,48.73166346815008
1879895723,48.68702541167776
2094616831,48.62463268575293
1930168374,48.46991504219285
2499712482,48.45823829272321
2501987473,48.402023077521534
2501197010,48.40153104929233
1878601002,48.24225006101251
2499833534,48.22912650317582
1929303183,48.17691500843794
2091988012,48.17286727075288
1880518571,48.12131019362602
2500219720,48.109218886801806
2502676583,47.96549508728677
2095433443,47.92579326816255
2503534702,47.91719743630912
2499605735,47.90005520675202
2499552207,47.872110947792514
2092761487,47.84630210379103
2095368807,47.82272826265659
1930152301,47.814981773055614
2093085411,47.80740445165316
2503626107,47.76499566576155
1879839430,47.760857862622736
2502096030,47.74126755547141
1880437670,47.74009373041963
1930150194,47.64609909110841
2093072843,47.6080212840878
2499828202,47.58755550745999
1933561165,47.56177393993703
1931633804,47.51761987609767
2503743230,47.51582155593835
2092973252,47.48845793502796
2501447114,47.4574052640614
2093943574,47.437091106854965
1879802412,47.3829365811787
2500150361,47.381773369983975
2503638610,47.3312805613454
1879143971,47.31368035976215
2503869741,47.232709447227236
2503076984,47.22527304990804
1879786804,47.16295988754415
2092007703,47.127437159415436
1879840945,47.10330094750611
2500202283,46.992464736072264
2501573705,46.96654058111015
1879179333,46.852988612111076
2092019875,46.85020825594101
2503056204,46.83246933831426
2093856124,46.80697418109119
1879829071,46.7491346281242
2501008205,46.733516891146415
2499223451,46.647967184763324
1879157904,46.639556851805935
1930937403,46.59179173463065
2502246510,46.58528439030766
2502542662,46.58044337294845
2503006452,46.556524482750376
2501722000,46.55590526816068
2499255770,46.52478963928017
2091186947,46.51318163266137
1931588940,46.49183332708009
2503564650,46.31954811474923
2503747972,46.281411591895626
1433101515,46.251258757358926
2092934154,46.23725865056257
2500253524,46.235594002094516
2503100674,46.034009684105264
1930212161,46.03198502648597
1932472671,45.90910006598536
1879891071,45.89404723895737
1932566195,45.860504052095486
1433063880,45.84569630896155
2499434797,45.76400316246227
1878582487,45.76042853743855
1879224101,45.679892336332834
2500362523,45.63543907373637
2091186777,45.536180579423515
1932483774,45.446775015582325
2502581142,45.38925050770153
2500433831,45.37462850263547
1931013474,45.35344494383138
2094634993,45.33322957941073
2501835781,45.32862139750255
2093960557,45.308794370647824
2501686583,45.308666334176664
2500746960,45.288289233842015
2096271540,45.261127777755895
2092786760,45.209901778886945
1427611500,45.12148553116104
2093967565,45.10466150850524
2092058544,45.091079135461186
1879224335,45.04985134885379
2095398655,45.01500209785516
2500371823,44.995131318389376
2503826374,44.988984483774345
1932639853,44.94653484532672
1879808712,44.93183633436238
2094649620,44.92314730241366
1930249271,44.902705743681054
1930192312,44.86165591596641
1433352803,44.8284065540006
2502459502,44.77184801891191
1879881134,44.74380360077086
1879177281,44.726877927631776
2092799007,44.693251090530644
1879787050,44.589687796699714
1933501107,44.397474057899245
1433467521,44.37858385467495
1932506461,44.36812879963297
2502035962,44.339401777090984
2094558563,44.304759260581186
2092853552,44.22673777397396
1433936424,43.99089698504353
1934319462,43.902866389224386
2503707324,43.89147246346091
1931025780,43.88717146849391
2092993380,43.876438208984005
1879823660,43.76532173335993
1931656005,43.72913205572681
2094584945,43.671656611534154
1933569752,43.640288607396116
2092817663,43.62903542988406
2501729072,43.628485992765576
1427732714,43.62788688666032
2093945075,43.6056293214905
2500102190,43.60108429963959
2093977123,43.454299557058626
2095340617,43.42424596823861
2502129845,43.41857534007612
2501503601,43.385486823271314
2502528323,43.288714421352275
2501320055,43.24179884170989
1932627120,43.15471404053984
2502130954,43.139818925177224
1930136852,43.10536743245051
1933555542,43.07569882877816
1879866257,42.98472731496723
2092064384,42.97494874182215
2093969754,42.926340559048015
2499645960,42.921475266607956
2503404540,42.883103696023035
1433603200,42.873762062154206
1930964653,42.77968240612754
1931616884,42.55257627314518
1931672455,42.54685726638166
2503025170,42.51151778130388
1879244284,42.41369640333867
1434760937,42.411804117386
1931589363,42.248490403871656
2503793365,42.23372313285514
2502617454,42.23209541988788
1879175273,42.22240604550074
2499396915,42.19181465777644
2500103064,42.11964355567247
2503921877,42.08455829978813
1931664417,42.066466864128415
2503160971,42.06042475449783
1932651147,42.058519210780574
2501969041,41.93913195400559
2502217212,41.805863360208456
2499244132,41.75179726506465
1930993880,41.73964324490962
2502286981,41.6901159943126
1879842813,41.68758951297308
2092840745,41.6855602546314
1930928765,41.67613724042605
1930939857,41.6740400024245
1879855563,41.6704556674387
1932634055,41.546303459033396
2501692424,41.5117533396105
1433871525,41.41491652209284
1931649310,41.396253250841994
1879859474,41.35831522529341
2502367164,41.29462552604317
1878586150,41.217860864287
2499624740,41.1371652339941
1933493590,41.080283970702155
2093940160,41.04948646053195
2501652962,41.04554673860833
2093862715,40.85380087975166
2092856014,40.52551107837053
1930954477,40.462585057731125
1879847252,40.43831415554823
2499667832,40.418697880247734
2500296344,40.33784389969601
1931003510,40.32191390217048
2094669691,40.27235177629779
2093042637,40.214801618979294
1932600585,39.98415057045522
2503419273,39.974937628307494
2501143594,39.971649435858694
1434293665,39.91903089675499
2503026234,39.896794973224424
2091997783,39.87054836221489
1879887370,39.86397679053996
1930201942,39.71781915132316
1932582351,39.66145501654869
1880507674,39.62897876413908
2503744012,39.45746218267252
2503862154,39.399480066548165
2500212595,39.35139678737063
2094576674,39.3306197745709
2502510802,39.25359076576454
2501418171,39.2079709117776
1878592094,39.19737635188059
1932568195,39.1781565628837
1433589300,39.1398625069959
2091186867,39.09675221339179
1930197437,39.06085184793089
1433177945,39.033033760593234
2502636935,39.02748222825274
2092021475,38.867334143062266
1879138233,38.865842894988354
2092932582,38.80735262176307
2095444641,38.70263458681923
1879791237,38.67051823416125
2501199145,38.65309522629977
2501252125,38.41262190533675
2501651352,38.338804545416735
2095434701,38.31802223661058
2094633064,38.26256987617678
1434304104,38.1625184786841
1932468557,38.14617495559026
1439334713,38.132864290506184
1930934351,38.11576244224972
2502110792,38.02545577726981
2503031734,37.95815871944186
2503665651,37.917566207322324
2499729902,37.60700034588841
2501599404,37.56216741030866
2503442302,37.526710086944846
1427595804,37.47245663189596
1934302351,37.219367334511105
1879847007,37.140988691888325
1880490001,37.11916137361706
1434687635,37.10854963040759
2091180663,36.71496764061597
2093866991,36.66925853310292
2091950073,36.60431442212522
1879850674,36.59114110985324
2499591744,36.36162162168589
2502319740,36.23480204822483
2092922897,36.13837090038736
2095485540,36.112487125720094
2503719523,36.09585558664303
2501677534,36.05137741770956
1879889037,35.97802165137859
1427602581,35.96297592557393
1930998551,35.940144581669585
1432823653,35.92604715159812
2499639367,35.86167212431031
2499441582,35.83383570077246
1931679275,35.83221772876744
2500837732,35.823475174170106
1433263520,35.75685409941656
1433271214,35.738679761396824
2503273580,35.67525250584578
2091990522,35.539509634628466
2092902047,35.48612020324185
1932582531,35.458050555791914
2094668963,35.45398976542795
2501721060,35.38597781227832
1930939077,35.33891437272708
2501876944,35.25843946119756
1930946377,35.25600189985831
1930960880,35.22383143349499
1879167575,35.22067738221028
2501244800,35.187823497671125
1880488002,35.16259130801493
1879164957,35.153261251511466
1933523414,35.01726150456452
2502682142,34.95613116549567
2499259942,34.89805018121284
1879238252,34.81373654702231
2503242567,34.77572140959634
2501163810,34.74939102171756
1432633344,34.55259243685593
2500829670,34.430519232329075
2503009400,34.36219930775292
2503931750,34.34828615836212
2093005667,34.2941310270801
2503396477,34.27268560660731
2501409181,34.052992293161786
1879906943,33.87412777000356
2093053935,33.85743739495176
1433061381,33.8359017746257
2502217292,33.8315281988895
2092038522,33.82854836338006
2502698673,33.722601317841296
2501971577,33.71741170149591
2500774710,33.647836303123675
2095422180,33.55227251982459
1439375154,33.32478669286942
2502781272,33.30165516159421
2501065732,33.072472359899876
1427820455,33.04271908209452
1427705930,32.98397140530771
2502492422,32.84755813704733
2501089503,32.678644892198555
2501240590,32.562270623754934
2501226367,32.55538076322032
2499798530,32.55253321801933
1930195303,32.523009037126464
2503439794,32.44412675104574
2500342187,32.42535697363017
1879800210,32.414858105770456
2093866724,32.37691220647902
2095365654,32.306055428185005
2091197315,32.30292062900541
2499689664,32.26862166926825
1879159263,32.02810790293201
1931637655,31.907454281678284
1434235361,31.873181095759307
1932545561,31.742891166057188
2500972741,31.714301916668944
2501726255,31.702992155481073
2093011495,31.63290825568549
2503779132,31.557893522238388
2501414641,31.557048693312964
2501904833,31.454736387845614
2092885952,31.410492391919853
1931630260,31.307248369126206
2499345390,31.253547014059706
2502358664,31.252738125678675
1930148543,31.24519073751604
2092925813,31.21320187827683
2093946341,31.093725353745036
2499482903,30.919637172791372
2092806583,30.841198480091187
2093010643,30.807766536352094
2502054707,30.510225271062815
1932614251,30.419589269656644
1931679390,30.40464289144331
1879171031,30.38194977838034
1932479880,30.030157537844424
1433177313,30.02277835905118
1930207455,29.912195913714452
2501898923,29.81401569182292
2094672883,29.6741626330625
2499259304,29.595007960903203
2501905410,29.5617813734848
2503451410,29.511128807274968
1930950830,29.50390449794828
2502450323,29.49022808698136
2092020535,29.476125701753595
2499489561,29.425689906144864
1931022664,29.338522896331757
2091246440,29.30541133623968
1433302445,29.285942520262292
1933581352,29.2724213115178
2499357373,29.21954064824965
2503924824,29.117090982611533
2503346140,29.077235167573644
2095358872,29.05487894799957
2499270867,28.85092629961033
2501575212,28.75538065607849
1879181184,28.74805281693184
2503096674,28.720102082909335
2501095202,28.684448676761686
1433107491,28.50333879855594
2501590787,28.443928561705064
2092970334,28.39484350833387
2502425540,28.22256191825634
1878584235,28.16946104649972
2499470951,28.10412228289186
1434204871,27.807931917915205
2502260081,27.759610336388274
2092922107,27.697928187840883
2499389062,27.697566747801005
2499735083,27.532491554727596
1933530140,27.330592216851425
2503381524,27.284459778261496
2499682364,27.277442751213414
2499802202,27.02431320855414
1931642065,26.973171011153067
2501853565,26.86762584995241
2503770674,26.815348256751953
2499718954,26.779385229249737
2094621957,26.416847826564567
1930172982,26.274726171909016
2503114182,26.265977259184826
2095341063,26.230885524867816
2500293600,26.22184626951258
1879802973,26.16475888092405
2502792727,25.999636509084613
2501542111,25.785767061359437
1930156457,25.298057052369664
1879815904,25.25429149926072
2501149074,25.218562372847757
2502875953,25.181836547304552
1879835164,25.12411688330698
2502490110,24.646690379106822
2503181727,24.394415276346887
1879784700,24.1702927505214
1879786902,23.97823057949409
2499405205,23.49920658338594
2502188240,23.081867204529985
2501875130,23.029209926195946
2501358252,22.84572457051953
2499858797,22.800756935813922
1879247017,22.7353848366398
1930142043,22.581902757672598
2093905673,22.576999486874637
2503135672,22.289034268016472
1879238355,22.25287039972096
2503045734,22.066367567611724
2093025897,21.985125708995763
2499319144,21.687399543319383
2503345752,21.578423815914704
1879791831,21.0335273061319
1432924181,21.006392239734378
1932488225,20.53764375757768
2503215500,19.52360463435375
1432651341,19.507032692302438
2095426867,19.087292137654355
2093023272,18.638288045299632
2501532360,18.50857571206792
2092082593,18.445311852565855
2503125171,18.42596583412164
2501732960,18.420545180558157
1933570641,18.307423799150932
1932438440,18.261037210845604
2501401463,18.17534669043828
1427648447,18.172048333353167
2095425472,17.894137036936584
2502214953,16.9976100207526
2501326697,16.89033412304291
1878599031,16.800534949513846
1930162875,16.751302221089386
2092060795,15.322897830293881
1433485943,15.261578461396644
2095413893,14.422153918179601
1930153455,14.400540064147062
2502610987,14.383004081897356
2501965535,14.30037733690665
2500948187,14.150209826408497
2093898101,14.142032207232766
2093065220,13.706218766534839
2095391127,13.683040458764031
2501279374,13.264668348097446
1931658935,13.019988956782965
1433531634,12.810371736210495
1879801480,12.501019340546717
2499456874,12.458563052507314
2092768680,12.322528162816038
2093904494,11.774094838995206
1932540173,11.696727239430809
2503215820,11.2210310251385
2501294401,9.596429776027444
2503172652,9.387279101909789
2092880697,8.274935487092048
2094672994,7.9066524262346345
2500157893,7.753958772373201
1934298653,7.643443398006196
2092842645,6.388861500045817
2499346223,6.379077448622489
1434387020,5.44662196749283
2094608093,5.367740612483668
2093088532,3.8330731157228692
1433523485,2.8347566514801885
2503471987,-0.21585958526656449
2091231384,-0.9913135689010062
2502718800,-2.4292453901101725
2503582314,-2.454828265792465
1439408447,-2.8355343020983437
