user count in community:299
Topic id:9,Representation:0.45486833781005404
userid,score
1879864620,17.97149536251555
2502313537,17.93453471703023
1879231235,17.927009972741324
2503058232,17.744571977200568
2500487094,17.683626565642008
2501022980,17.67325869945124
2091980837,17.641274846273877
2095461977,17.57086023567082
2502067570,17.540459503903048
2502181382,17.46478337848876
2499546570,17.46352666118172
2503380420,17.454486561155974
2499813827,17.39702417248225
2092928791,17.392455739190073
2503063872,17.35875223812457
2503889664,17.32933916625547
2501372632,17.27297723932164
2499897594,17.226313361914123
1879782727,17.172926611064966
1880526522,17.155791421455458
2091183357,17.087176310926036
2093874874,17.00002919781395
2094660474,16.989943587988186
2094580910,16.94427146645451
1932549094,16.927557794300515
2499336282,16.86699048191403
2503476074,16.85735891190783
2500413730,16.849039143771243
1879793504,16.84425223958588
2502277593,16.80134651303839
2499695035,16.74693941714223
2503180171,16.745870363654582
2500389924,16.727382877295746
2500387940,16.721600772262533
1932644784,16.697716206233597
2499494255,16.684552933798393
2499601384,16.669094766739402
1879144342,16.664616959793516
2095395451,16.61263713197094
2503665121,16.553439627157857
2092847575,16.531745541821998
2503694160,16.517278721104145
1439337317,16.485535329336514
2091282944,16.456270422573102
1880521111,16.44996084117484
2501903100,16.43900217395129
1880536547,16.404644758518334
2501478364,16.403857222064197
1434729014,16.32820161313544
2499341444,16.32337557829038
2503791860,16.32283203092413
2500361373,16.297994150347805
1930226681,16.274716474828573
2501004944,16.261545293502923
2500179830,16.260033869479894
1930952943,16.186419568424316
2500837612,16.179154728254243
2503480892,16.165231484985334
2502813454,16.162186733743955
1932618814,16.121760927700553
1930252125,16.10565767650376
2095355170,16.09419018758476
2500325143,16.05976102310554
1933517945,16.04630393210364
2093980364,16.023252027665148
1931624827,15.921314581781063
1434351980,15.911204783011064
2500570347,15.909681913323132
2502346864,15.879132417777416
2092903995,15.867247045414029
2499427265,15.846783996743687
1932621981,15.83296524233279
1879828017,15.820595654518314
1879874773,15.816363895017915
2093893837,15.723214663559014
2091947957,15.61822951739644
2501710725,15.608997007133157
2092798582,15.604305310971725
2093857540,15.56960793172341
2096248387,15.446770057081494
2503083920,15.34286105953687
2502292307,15.290645169996743
1433817424,15.278311738177935
2095490497,15.182226819789081
2499893771,15.178143301777663
1439606430,15.150217047185324
2096190817,15.129407756655732
2501322434,15.121578814876594
2092911304,15.116096859709998
2091975575,14.980105496730552
2092892882,14.971349662584906
1439657935,14.740045145361316
2092788182,14.649795226098892
2501049604,14.612484128080412
1929311095,14.53192852731467
2499412972,14.525715743679514
2500204154,14.498414152810028
2499312962,14.492250680977252
2500809563,14.48596603165079
1932499864,14.422712670122905
2502465040,14.209255706802168
1427593052,14.203996390095096
2500973460,14.192267518715438
2500139762,14.135798027346326
2501587522,14.08678941037766
2502991402,14.005754587544937
1879905132,13.93291005109704
2499348442,13.847163479600889
1879834032,13.835353951513287
1433895692,13.730254203521106
1879808641,13.527309895398247
2501601415,13.402760944516857
2092015275,13.388814768835774
2502562710,13.29877352161449
1439573285,13.256548273075854
1878604502,13.241795100486941
1932596190,13.226972909940741
1880511512,13.100342988463675
1432710393,13.075633404227984
1879835235,13.048645076338117
2500829612,13.030384387730866
2502720544,13.025762611029531
2503141247,13.019823459613923
2502531812,12.996151063730625
1932517127,12.868538678644578
2501511095,12.83381098007335
2092900103,12.8176837039988
2092859724,12.814123622256547
1879170853,12.683339283929321
2502159697,12.634340333022289
2500340807,12.600235176709713
2502536111,12.530543320096154
2500474501,12.513362413083922
2092770362,12.443525795472961
2501435435,12.279368946706123
1880436902,12.271607777933882
2093876867,12.169790674893253
1879154743,12.16620923293307
2501923120,12.119084675852584
1932640463,12.096924776017023
2092056352,11.966694668906074
2501508790,11.813821900452854
1932584077,11.737506062195802
1932444732,11.632486523029057
2092082714,11.509972038785993
1879785770,11.50768170168959
2095379871,11.479337196683359
2093065802,11.442285579725203
2499884494,11.43119795241804
2093936724,11.358369971563432
2501690192,11.344653828853717
1932489493,11.3171948310002
1930993377,11.28805267948324
2092827407,11.11059872232582
2092885884,11.098774500295612
2503095484,11.097207207771444
2501413833,11.051583422434922
2091180495,11.049462429535117
2095433500,11.037011125920555
2502994212,10.994534973885514
1932629334,10.985359012856646
2500287420,10.883064337286983
1880431174,10.764942055484163
2503852894,10.424053747715355
1934298503,10.390219786382833
2093004503,10.25216982694206
2499608952,10.21656426993699
2502530070,10.215898030728919
1433942014,10.211905349815103
2503831170,10.006297064719616
2092795221,9.971043695234076
1931683367,9.914508613793322
1880447607,9.870598468820535
1434598107,9.851444475489528
1879801654,9.849668763161716
2500382151,9.832012167649216
2502443290,9.808675905796004
2503698832,9.547550501755193
1931024270,9.482174287993045
2093879035,9.25634078488603
2503186604,9.23828840253477
2091248085,9.09125245548498
1879801004,9.078492115730759
2501566832,9.055826627165784
2499653207,9.046349504735069
1433295302,8.993331566224619
1879906035,8.860782546759589
2502034863,8.34467231449147
2093007252,8.266354151109315
2500248664,8.041178061433246
2502092437,7.971437744686866
1932510840,7.933833489502851
2502783080,7.9044286132452966
2092826257,7.900949959137156
1931002243,7.7744923040356255
2502631264,7.49012450974426
2092770940,7.38256335099801
2503245194,7.152471032590896
2503186207,7.137457210182646
2502823695,6.872582199270637
1930965037,6.866961612742617
2502832545,6.784285862026581
1427842945,6.604601888136508
1930224904,6.601068017134807
1427659827,6.377711938979335
2499878377,6.265991695670429
2500521623,5.9483864170965255
1879788582,4.838287810822286
1879905001,4.248797268074568
1930968163,4.150822931577842
1930937671,3.8484416230706877
2502552852,3.428889682589155
2503766167,3.428436253772965
2091991225,3.1450205427893136
2092035373,2.9338087064482674
2502998941,2.6034444545703215
2091189351,2.5696277501768927
2501598150,2.4745422810302165
2502314702,1.9730601984222056
2501599092,1.465314692417365
1879126043,1.4347843159217555
2500635473,0.8181262340300969
2501907660,0.3278730495270113
1880503662,0.07346853792542654
2501892500,-0.1132877682822246
2499344254,-0.19424131901535838
1929316091,-0.5119409569426332
2503742070,-0.5462700653681147
2499316972,-0.5926552636939673
2499414084,-0.6780803232158751
2499393440,-0.6855089502460914
2501867474,-0.7401970815935935
2092006114,-0.9551756191450955
2093086990,-1.1036912806622243
1880440000,-1.9228849229879936
1879833574,-2.068367844589159
1879844964,-2.2674065638188154
2093863125,-2.4251152157385083
2092783520,-2.4600881203104863
2501731774,-2.611082784481124
2500246047,-2.70908948741921
2501478571,-2.966753854400618
1879779900,-3.118673400647727
2091209265,-3.24189421514786
1879826575,-3.3736546331950352
1427827193,-3.3863002202800283
2499310494,-3.429485322490542
2092013684,-3.4762625827924665
2503531854,-3.7401955498089743
2501109061,-3.8422651246045096
2499319227,-3.863738882670543
1930227184,-3.982910439406545
2499226970,-4.0297979192969455
2093026527,-4.046129708795958
2503148300,-4.141081142874585
2094599573,-4.152560989180462
2503118924,-4.234320356215518
2500133562,-4.240840802405884
1932525581,-4.26745653997285
2503030154,-4.26918269020477
2095369707,-4.289130165833809
2499615414,-4.3611957823806
1933592775,-4.398283768971059
1930938322,-4.466767656591684
1879217541,-4.486530827008792
2499342081,-4.492342175773919
2092864617,-4.5097154753325945
2503528500,-4.529457175707194
2500213593,-4.535072319896854
2501643441,-4.584714218265699
2502171990,-4.610927527099037
2093029484,-4.6353120242588135
2501316021,-4.63596447047451
2094668761,-4.657280935081831
2502040583,-4.708783809823542
1934313531,-4.728386253141934
2500484523,-4.755652396817098
2093023170,-4.808978849010234
2502885067,-4.856692342952904
2501156425,-4.94900295602785
1879152325,-4.969793269455776
2501857660,-5.038957804117434
2093028187,-5.099809143862635
2091961202,-5.153759505047786
1930150954,-5.158379228645117
1930210082,-5.20285712199289
2092948480,-5.209695332785382
2501764160,-5.216944054071048
2094670997,-5.327838687945053
1879236991,-5.406178739452727
1930993645,-5.408413942857339
2094622710,-5.433350162857598
2093075872,-5.5496423745682675
2502451370,-5.559069722187264
2499720697,-5.581414649282054
2092873123,-5.697263746813438
2094587154,-5.734666546804205
1880425502,-6.0048396722423725
2502348787,-7.0270013820051735
