user count in community:2693
Topic id:5,Representation:0.737455952797267
userid,score
2502692472,501.810210840175
2501439690,500.0567505254145
2499524970,498.84808903193
2503620760,498.82616834088293
2502691713,498.7135921008279
2095391242,498.62052600350256
1930149441,498.6200652008417
2093086902,498.61907748679147
1878583115,498.51728241851293
2500168913,498.49402945953494
1933502477,498.44942649340896
2096199951,498.02517023627473
1931693170,497.94478216617125
2092814872,497.77171403823655
2502731893,497.67735329391263
2094597582,497.4070053798944
1878579107,497.36216010813934
1880424747,497.1755139664609
1878581232,497.1122552042363
1931013913,497.0918630981692
1929308057,497.0814980850742
2091989041,496.9240838422666
1880479080,496.4191071309132
1930214073,496.1919303085444
2092756964,496.1258033209949
1880435202,495.84797010014427
1931685907,495.7730461516101
1930207255,495.75277396004
2094650971,495.73596505214846
2092971103,495.2740158439338
1879901255,495.2711690668383
1930154655,495.2091126150111
1930178262,495.114736358862
2091969695,494.9964615747961
2501965674,494.8900367268695
1931641951,494.84658741136536
1879130405,494.7479655897444
2091982014,494.6734489835898
1930948044,494.4077811039303
2095456702,494.20728586180564
1932566162,494.166176295119
2091261215,494.0922771131707
2096244891,494.05869611558285
2501670035,494.0218193870378
1930984960,493.73321298228313
2092794371,493.6555271928574
2502955872,493.5533716951774
2502181702,493.49825367335484
1930965767,493.40185625409475
1930141241,493.2616627265849
2503535262,493.2287147344233
2501626682,493.2275362664391
2499433780,493.0279677216107
2503415980,492.90664177205866
1879167280,492.89692391154716
2501913505,492.7788984716104
2501295122,492.7574913746426
1879176392,492.70883037279987
2093864421,492.67696605944
1878585421,492.66939183004206
1434566265,492.462767349689
2093978254,492.44065151356966
1879868534,492.4091272114012
1433218652,492.38371398934464
1434564321,492.22158173409343
1930193667,492.132245419721
1879171152,492.0997218946721
1880528621,492.0777602108675
1432785024,491.9876004153013
1930996643,491.94764928497193
1879835622,491.84617264797953
1880532025,491.7457061423908
1931694330,491.66791401376787
2092837295,491.52706897095504
2503623450,491.35133050091605
1879900374,491.2539107225647
1879872902,491.25246460031315
1432735085,491.21030041846115
1930201521,491.13748260101164
2096238664,491.09634107221973
2502668812,491.0611199015437
1879810073,490.87511102830587
1931590410,490.7024928745804
1434137012,490.62625293676905
1879862424,490.53094664683806
1931024783,490.4615559955912
2092796333,490.39797811911035
1932542753,490.2325101019325
1880455814,490.21677845805885
1933526915,490.1758266836305
1433801405,490.1747280588153
2093046393,490.1069701707737
2503762072,490.0515224428911
2093000957,489.6813478361741
1434263584,489.6439908973631
1880501980,489.55706115443184
1434750034,489.4903822622675
1433138330,489.4532563773245
2502073210,489.41956962301055
2502307687,489.08352905339456
1880450407,489.05796541709054
1932544583,488.9196834143364
1930253297,488.88917245854253
1434190202,488.8447278330351
1879171053,488.8140085921422
1879134031,488.79540436671994
1931656571,488.74899788183126
2501715910,488.7008238790614
2092873110,488.6887773080615
2092876215,488.6526572863179
1434747404,488.4902933816293
2092796927,488.46683060608586
1433965811,488.4163874998185
2095406881,488.3518029455357
1879849895,488.3345598120217
2095489837,488.3270466343862
2500866724,488.3260578857897
1433594093,488.263697933927
1934307724,488.2176509279298
1933528515,488.1851072764524
2092039132,488.1533932947331
1879145080,488.1464405870679
2095402500,487.7028098200217
2503652512,487.58161480129445
2502198263,487.5498871784135
2093875080,487.5372629943219
1930196420,487.48379760165597
2094644051,487.4357633762015
2502193122,487.25233268632445
2502636873,487.25189159022483
1433496540,487.22603531733836
1434345395,487.2085965047195
2501975543,487.1937291274136
1932498447,487.14562345199414
1930222465,486.63411808287225
2503803340,486.59307264934716
2502824085,486.57763491461867
1434763932,486.57738200257063
1934301905,486.48764284765446
1930950300,486.46962284486403
1439387340,486.4212786609753
1880507171,486.416586954724
1879156402,486.415071696292
2503079482,486.3850662061865
1932517774,486.3553631273548
1931592151,486.31426614064884
1934311760,486.1859093823815
2092789061,486.10117664121816
1879812695,486.019130692768
1434755755,486.005935424806
2095406713,485.9945948404571
1880502085,485.9571041588142
1878577960,485.8689662333621
2502401514,485.77410436644897
1879207284,485.7625350028059
1879841492,485.7476471783281
2500183222,485.69969663294665
2093881290,485.69910171521695
1433518063,485.6537499114892
1879130233,485.649669173722
1930202785,485.6084354593829
2501726952,485.5922210952115
2501524180,485.5285200444827
1433833077,485.5090533592343
2092073525,485.49848424444104
1930166385,485.47711327600604
1930190805,485.43527143561175
1433310914,485.4335494227112
1879768342,485.42161368963446
2502260154,485.3751367965982
2499281561,485.3242745699282
1930157535,485.30954168889144
1880449090,485.22227924366206
2092883925,485.0905319744431
1880507755,485.06177531316473
2502530682,485.0429106329363
1880503622,485.0379038501217
1434426421,484.9135414905645
1931592542,484.8556411013149
2499846657,484.7822443340717
2503815403,484.7372932905605
2092995855,484.70816273829763
1930966837,484.68865270150434
2501943412,484.6388440239641
1879823630,484.6384294340874
1434224753,484.6366903655636
2499711222,484.6291902622175
1930953171,484.62265864278453
2499477321,484.6196994766371
1932526457,484.53989181911504
2094690957,484.5285854458627
1879908332,484.52613901122385
1930940544,484.4862331513991
1434081092,484.3225347430376
1880512672,484.25473272628216
1933517301,484.19250762186937
2501965622,484.1547296162171
2499394864,484.1449034011873
1879199295,484.1066950242159
2503478215,484.0457957797018
1931606564,484.035557175891
1930965995,484.00835353164575
2500501663,483.99017010240266
1933590363,483.96170948525986
1879168733,483.84649094457797
1879183200,483.78886773403934
1930209777,483.740262258575
1432691295,483.69874946982833
1930944465,483.6719997240149
2499848593,483.63176025322343
1879876820,483.6219305092511
2096226313,483.5877523380713
2095404687,483.5523538874331
1433653314,483.49307955833683
2503245234,483.4785541850566
2500552377,483.4184835805958
2502445640,483.3546993500599
2094679580,483.3410655754046
1879880354,483.2035317962784
1930154233,483.1545344840708
2501473964,483.1288661619417
1930253957,483.1121959164162
2094619862,483.08857654494227
2500299700,483.05832749866323
1931017185,483.035514059278
2503819115,483.0135606642043
2501846295,482.9066110896711
1879135614,482.8964730091608
2500514000,482.87959943480024
1931654123,482.8607623738341
2500522135,482.7972190545947
1931008920,482.64414623198974
1427590831,482.5873211184902
2095458867,482.5463352054676
2094634580,482.52467425644267
1930158634,482.4593832286755
1434634922,482.44957677469563
1932645275,482.42147793367917
2502919853,482.37840723719336
2092824144,482.3774864415179
1880469012,482.36939588191194
1931686391,482.3616836382205
2095378413,482.3105236382058
2500477995,482.3004603137822
2094646635,482.2815231281965
1931672847,482.27598004316934
2501252461,482.23981312033527
1930211315,482.1667306133978
1931620197,482.15678929034385
1878588667,482.12695504436766
1879861454,482.08790919259803
1931683174,482.05923043879307
2095489587,481.9700424238153
1879214497,481.9503222082554
2092011162,481.9271530892651
2092914524,481.8074367833557
2502723563,481.7900010402215
1879137657,481.77068627204983
2092998852,481.67742206249176
1880534613,481.6514146710441
2094574507,481.60092903085103
1931588261,481.5800142817114
1879837990,481.5225907373782
2502054835,481.5218201897124
1880456120,481.4169986118172
1879901644,481.41226768932023
1434424964,481.40514308490236
1930982315,481.3737939295946
1427701864,481.36762754392714
2502081387,481.3177800024819
1434440064,481.29915228751724
2503789574,481.27660262997966
1433899854,481.27182539114216
1434000397,481.21973825200115
2503005447,481.20012069400053
1434643147,481.14482452419446
1879884974,481.14053447867815
2502026802,481.0777446090923
1879768104,481.0265030866417
2501217920,481.01363272912266
2095437153,480.96334119781903
1432612955,480.9225751648209
1931622735,480.8838846111961
2093867111,480.87643817884583
2091997843,480.85994933464025
2500206542,480.8356522407486
1880535191,480.79918938074866
2500174005,480.7528992765991
2502383664,480.73900103280664
1930195211,480.7388973861884
2092775851,480.6821109215363
1880440770,480.6072197488672
2502160831,480.4742510939734
2499491461,480.47275639160733
1933578004,480.4715767237956
1878584035,480.43960425554855
1931666521,480.42681238611374
2095391795,480.3685808316775
2501607020,480.3430291580918
1439331640,480.2429519063531
1879797933,480.2118703552997
1933501672,480.20191234006325
1934304382,480.16420684277364
1880459891,480.1497826677367
1433478450,480.1431152313342
2092951364,480.0888003869406
2502368457,480.05951078822676
2501655084,480.05083424812597
1931619101,480.0120314778546
1434419542,479.9661530322779
2502909364,479.93487018414226
2091227401,479.8926534381492
1880466742,479.8532293577825
1879139463,479.84414059338434
1931599557,479.83053114733275
1930970873,479.81533432902677
2092043947,479.7837987427142
1880495045,479.76424763663766
2091969387,479.7593553278818
1434184805,479.75919419078394
2093003253,479.7360841074553
2092066705,479.72623766305014
1933514114,479.7255646877866
1931003013,479.71564859986125
1433228560,479.61142952818466
1932494700,479.54993844527974
2092806983,479.5433358847591
1434771544,479.54175971914657
1879903004,479.4527393552818
1879129987,479.41127905930114
2502443574,479.3812836031464
1433845555,479.33163048748764
1880466722,479.3023281253662
2094562911,479.2909575209443
1931629247,479.2791034235107
1880491662,479.0896274982444
2499718200,479.0860243196088
2502294542,479.0729283667125
1879775550,479.0694454607034
1880448245,479.00807691800486
1930988275,478.9879761881745
2091181713,478.9785803361207
2093029673,478.91001369861795
1439385562,478.8740486002306
2095474875,478.85484120861184
2092822234,478.80109145787407
1879811431,478.79877298500327
2500109674,478.70017769664804
1433345865,478.6813503313932
2501962860,478.58466262054105
2094675562,478.4785693384663
1930971255,478.3178806769278
1878592927,478.28397602750897
1879134392,478.27561680348816
1931646343,478.26517272332626
2500217594,478.22820259597546
1879135361,478.187122037027
2093022531,478.11717105250756
1427834320,478.10795922496186
1879904025,478.09203085724323
1879911024,478.02478913901854
1434732514,478.0199717368845
2093967037,477.9904161877187
1932568343,477.85280113179647
2499245945,477.83051366382716
1879158530,477.8056041601931
1933549843,477.79568959882386
1433305461,477.68196699985845
1433554382,477.6453866043017
2093882415,477.61146452576185
1879900004,477.5532281256022
1433650865,477.54067777521306
2093971667,477.5354119227977
1879143957,477.53519355826745
2500342980,477.4862682500042
1879184891,477.47441226996835
2093026454,477.4554844235132
2096185780,477.43557132181655
1879211305,477.3064533631097
2500289390,477.3049149022495
1434243861,477.30452450853244
1930963823,477.2272994714584
2095367872,477.22240806132976
2092922295,477.1983611556145
1433088241,477.1300695632622
2091984891,476.98897786384845
1932541935,476.9713577376884
1930145635,476.9543825525768
2095453721,476.93843604497334
1434510235,476.9148111143139
2501851064,476.88930672437704
1439595414,476.8149504201221
1879770050,476.7985819702766
1879853932,476.78077101885066
1934315867,476.7516562349319
2501343091,476.6186896634573
1930950260,476.4034618693778
1879145085,476.392221240995
1878581001,476.2771608706927
1930981985,476.27096609985256
1879850750,476.2615717574496
1880520570,476.24134065648434
1434419591,476.23527477449846
2096185777,476.2169487157403
1434642151,476.0332316286673
2501439933,475.9972169190606
2500192650,475.9477347484037
2091955361,475.919312156854
2499290194,475.87256218211036
1434426213,475.8686005034502
1879890940,475.82288937291065
2091252791,475.81745658460153
2502643273,475.7915851957942
2503351750,475.71180726588636
2502316690,475.71130672327047
1930948903,475.6844254258814
2501616304,475.6740328116674
1930943263,475.63666626004493
1433304605,475.61785791678267
2500362537,475.5968912270848
1931657053,475.5474363709694
1427864321,475.422959389949
1878597082,475.40849080393394
2095405365,475.37328032476097
1879802041,475.37168467704333
2499286345,475.2857363210735
2094602937,475.27670070809984
1932427615,475.19356248108255
1879861982,475.0888458960444
1434502651,475.0340943325243
1879174594,475.0174542882199
1879840172,475.0138883040347
2500161752,474.96322880185556
1433764400,474.9448215516286
1879894420,474.8986642111988
1879179924,474.8792718807472
1880443285,474.87900955527266
1439371020,474.87654762987415
2091973893,474.85614458853865
2501869350,474.84069429888916
1434536551,474.8198240989345
1932452561,474.70891000346495
1933580580,474.706961953017
1427785057,474.6941822858779
2091181502,474.6894376760179
1880442072,474.52519355500493
1427592300,474.5081427086392
2502647937,474.4968904853742
2091275554,474.40639398078605
1434732715,474.24530082929675
1933526635,474.23512213755714
1930978534,474.22741449764317
2095403241,474.10416231317373
2503588042,474.0692427587679
1433668703,474.03788545758357
2094679910,473.95450950713087
1434066772,473.9239786252217
1427716985,473.8668814162677
2500941035,473.8506247462363
1878596574,473.8320158010784
2501582641,473.8176982357564
1878586385,473.7941032791037
1932549361,473.7910348644771
2092926110,473.7279451646579
1434199081,473.6610258092793
1933500587,473.624365313839
1879841224,473.61907854794026
2096191451,473.58042047412664
1931631663,473.56198380772355
1932556065,473.5419473708484
2501353714,473.52071151993647
1434351692,473.46863327603774
1934322373,473.43616769604085
2499534042,473.35133090180767
2091950920,473.3392915584802
1433866004,473.32550295319936
2092768147,473.30215794462737
2091237372,473.2897987919131
2503380480,473.25540030632965
1432805264,473.23215782793716
2091221131,473.18061120581984
1933521987,473.08663723538956
1931607770,473.0792701815549
1879126995,473.0417761820574
1879184517,473.0367766551271
2502447274,472.96687716869707
1879151193,472.93942457591237
2091984467,472.9036036016273
1880483405,472.85324739765235
1433305747,472.81334834978435
1427900227,472.75890538275814
1880476793,472.7509136935136
1932526717,472.74439888634816
1931008083,472.73644323991874
1930955494,472.6389342229563
1880532555,472.50663084392124
1879844887,472.49138681789555
1879191871,472.4614839353638
1879813564,472.45070630041005
2499670200,472.3745667941179
2503865540,472.3417831494374
1933502173,472.33650272093536
1880491875,472.3056866686634
1933572564,472.2396796285702
2092069575,472.2310200707175
1933496767,472.2167412683824
1879204481,472.20853445053257
1880506000,472.2048500661686
1930187431,472.04510925420135
2503515913,471.9516488766555
1879182765,471.90977542348446
1434642131,471.8769930187035
2503846183,471.8017258866714
1930953733,471.76352631427926
1931633462,471.75858602372017
1879784077,471.6347999489373
1879875315,471.6183740454437
2093078171,471.61013571624574
1434557285,471.50761160928056
1879839551,471.49106370501914
1879774574,471.4793234073744
2500991562,471.47524549811504
2093083712,471.43215541810764
2092808473,471.29376413633724
1930945923,471.26323657253437
2096202780,471.2239479750378
1879834875,471.210955417039
2095430435,471.2074501162504
2094670014,471.09571044893994
1931677815,471.04925033402077
2503735491,471.00051704707437
1879847300,470.97698395198296
1879908932,470.9407834745582
2095439577,470.9183201346651
1931633151,470.913620423914
1879908067,470.8037295795222
1434447807,470.7744646582386
1931002220,470.75293033755014
1880512414,470.75147579337767
2092979117,470.73128672272844
2501852257,470.696231198405
1433552760,470.6925242610278
1930148521,470.65227036147877
1879200961,470.61555038341015
1933491244,470.5456423661912
1932610080,470.5075271090168
2093900827,470.4377850111459
2499329804,470.3746207036417
1930217551,470.30202760196505
1880521683,470.2801808337294
1934322984,470.2490314073781
1433506392,470.20739169629576
2092939483,470.19799044779046
1433646237,470.1811264319863
1880476002,470.1644742892941
2501585892,470.16031548592673
1433575465,470.1441157794785
1932578094,470.0417449351155
1879133002,470.0312547036465
1930225351,470.0048845361312
1932446255,469.9997300697211
2091988750,469.9555163923189
1931681182,469.91417593999074
2094641523,469.82686345287357
1930974695,469.817182650566
2094685961,469.7985397791923
2092897401,469.78433633437675
1433933491,469.7635492072352
1433230401,469.6304533891625
1878604512,469.61430198927013
1434585263,469.5473959641728
2095399021,469.4890272009456
2091195395,469.48104359925617
1433631280,469.48060156703826
1933525414,469.42997499183934
2499252610,469.4221267451133
2501282453,469.4082992086124
1879845963,469.37305987238625
1879162233,469.36326439270147
1930148975,469.3515232840478
1930212491,469.3308987221759
1878587233,469.28791072709055
2093079835,469.2168134038396
1931660912,469.20319617198163
1427682987,469.1608715468434
2092933560,469.1472197848853
1878582655,469.13769483707375
1879168323,469.1337533582861
1879805097,468.9713028512572
2500156195,468.94515292476325
1931626655,468.93153199104927
2503628165,468.78055429469833
2091241342,468.71481361172346
1879789243,468.60063395448014
2499826160,468.55347274689547
2500922010,468.5520102647731
1879785245,468.4179865344466
1880451182,468.4163294685533
2502140135,468.4073187022568
1879154851,468.40231495208707
1932450391,468.40166531379083
1930229825,468.32161336481647
2501950102,468.28420970368256
2500406050,468.2815853935919
2093089093,468.2603637022662
1933519427,468.2482807568257
2092920133,468.14403265630716
2503583390,468.1303903227988
1933592057,468.089864155675
1434177157,468.0450668892558
2091270821,467.99564540521465
1930175471,467.9671175526242
2501698365,467.9214365486012
1433647611,467.9003786488014
1880443441,467.886165984253
1879145580,467.8553907916847
1434341077,467.7699824246397
2092919455,467.7474467379049
2091212663,467.7133891033999
1433714461,467.6798858692359
1934313973,467.6748387070703
1879135063,467.56174299300005
2503066912,467.5562006986599
2092903852,467.55177746923795
1880522272,467.5177524112489
1439482777,467.4975002672098
2502471393,467.47603997688583
1433758267,467.46806598740847
1879856853,467.4542195037967
1433606504,467.4400616171763
2500991640,467.4270721574195
2091998937,467.39741511270665
1880503964,467.3662897242251
2093888471,467.3527967059294
1879155935,467.3075027418223
2096262830,467.2793232998887
2501004621,467.27864886371924
1932513320,467.259311169607
2502509532,467.2243210476091
1434559965,467.1853522038275
2500354917,467.1267953016779
1933582313,467.1020750753072
2501820164,467.08219162293443
1879794964,467.0446476486308
2502768851,466.87857023970065
1879240773,466.87499090010897
2500155602,466.7666522659567
1879241531,466.7447823720789
2096207992,466.69795500104743
2501580822,466.6444344785562
1880494774,466.6295683116727
1434421631,466.58410236581074
1879213093,466.50388101642613
2502472000,466.5019895585138
1427837635,466.45756961637915
1434504367,466.38007756021034
2502235304,466.3792305158451
2093083860,466.3692676081902
1930939995,466.3432959875085
1880447342,466.3056873961012
1930990001,466.19033080360555
1879193544,466.15560796212543
2095370230,466.0272858652973
2502972784,465.9005108195279
2092780115,465.8940601111212
1931645227,465.8495151639653
1879789757,465.79755714649156
2095463592,465.7716710055966
1930958281,465.74147526951435
1930162164,465.7393765941817
2094655364,465.72939842724077
1439551730,465.7062247350641
1933577791,465.67543309586097
1930175220,465.61031700627547
1879835433,465.56677929066376
1432622982,465.503009486748
2091183973,465.4988157255006
1439422443,465.46566677161786
1434180100,465.42420314651673
1879832410,465.3358033646086
2499448075,465.31124977884593
2499266922,465.2678800342399
2500293390,465.22016801643304
1931691851,465.21988857992176
1879792962,465.1823006073708
1880457192,465.1634139113922
1932500584,465.1033425505567
2502015954,465.0517686686852
1433341422,464.99572798359884
2499463584,464.98093086072515
2093967510,464.9065608885132
1879843151,464.84901335548017
2499563234,464.7802308771896
1932548365,464.77480853075076
1879204733,464.7468206281526
1932505013,464.7255970399442
2499220427,464.71661117854893
2502464201,464.7074516826611
1930228511,464.6835505298108
2093858462,464.66935424300647
1932541573,464.6604895662413
1880544807,464.6470966544709
1931012337,464.63591920959806
1439521832,464.6116285352417
2499664302,464.5687365297842
2091246714,464.52503377479127
1932575485,464.50396795065245
2499496530,464.4794045488578
2094651713,464.36153016905126
1433638020,464.3310535799722
1930228834,464.30045587661255
2096269170,464.2776430052253
1879227784,464.2466889487293
2502078922,464.2243882680645
1434282604,464.20300273630545
1434510764,464.1982354514769
2091282502,464.14305426827127
1879815392,464.1399324994008
1433265597,464.0970905341529
2499742414,464.0906111501381
2095434091,464.06786686851683
1879177731,464.0587544238157
2091252947,463.96989878561857
1879903515,463.95560376156817
1433996671,463.91093556033206
2502022884,463.7735496767297
1879804590,463.7586031717303
1929317197,463.74593754441577
1879150955,463.70683991150355
2092811361,463.69740841563373
2091204291,463.682935928418
1930155762,463.6610807201774
1930196795,463.5261263233652
1930232087,463.5249428460079
2501321532,463.5168399527675
1434711685,463.4673180850673
2501496503,463.415178612925
2502056104,463.41298815685695
1879183244,463.40210112706484
1879152222,463.38011163277696
1434721137,463.25967265225376
2501385830,463.256224072508
2095400730,463.2461100151399
1930198160,463.20404929637886
2093946195,463.1574286835339
2501789540,463.12368226200374
1879788732,463.10806229924276
1879790140,463.10590877837683
2092994290,463.10483865526976
1931011233,463.07273880049866
2501577444,462.97203751101443
2501830371,462.880177334976
1931026252,462.8699917444205
1433596983,462.80149046707487
1933560215,462.7338543934242
2502892431,462.62048808308157
1879200053,462.5396359689638
1433935884,462.49940400018664
2092083621,462.46008607229237
1880428513,462.4504176313024
2092022164,462.4502298076649
1433286642,462.4299217183321
2500953563,462.41848694033683
2499646840,462.4070250147638
2499257310,462.3962512997032
2501751000,462.37440355840187
1930191663,462.37383573759865
2092842581,462.3699251018246
1879844885,462.3661083067815
1930211141,462.25294578956147
2096259843,462.1912293376685
1433174390,462.1615991589092
1879167282,462.1555938017818
2092033437,462.1204253413352
1879197002,462.11831361711575
2091184117,462.11290697519763
2093947391,462.0602287377767
1880452731,461.94583977957734
1932568125,461.94531050555446
2092852901,461.8970586778398
1433428820,461.8950085358456
1434660360,461.7585781739854
1930958424,461.73273597639513
1879777673,461.7015731471911
1879174884,461.69754078983857
1879166904,461.62191641808454
1930944562,461.5984048600639
2502336984,461.577276219821
1879243234,461.51274886216174
1932496917,461.5096545272858
1932449774,461.4690204384346
1433378471,461.43633765419673
2092884813,461.4191765464843
1434392503,461.40097823274914
1433603622,461.39662655802334
1932455594,461.37126604585944
1879159590,461.37036558307375
2499246984,461.3630197367643
2501717110,461.3330516720617
1880518065,461.2493826091992
2092038275,461.2246001068412
1433560783,461.21320515673875
2091963161,461.1534936194239
1879173071,461.0335184206239
2093051931,460.9821210899041
1930246545,460.9530203556491
2500823070,460.88889745968993
2093919124,460.7957105054409
2093919727,460.74573544186205
1432674253,460.61597843786177
1933561427,460.5154016680869
1878586877,460.4372321624888
1433277800,460.4297295225305
2091989561,460.4255549227292
1932645644,460.373583741401
2092790393,460.28368323018066
1433962915,460.2429072550545
2503074832,460.19441848587786
1433070232,460.1099316201045
1433751803,459.96500441456936
1434228821,459.95046816758696
1879241787,459.9266914364709
1933491755,459.89338491822116
1878593964,459.87745204476073
2093971127,459.8360309055516
1427848567,459.8177934056836
1880519011,459.7166674612773
1433447725,459.61609322556893
2499205517,459.58889368287555
2503615694,459.56784480347153
1930176135,459.5529581383896
1434564737,459.5186996872183
1930997573,459.5099219251042
1434203610,459.50088086662987
2499544204,459.43012873384674
1930244925,459.4032409306211
2093986285,459.38717344133204
1879174047,459.3799713049764
1930969773,459.32280418137583
1439532923,459.2463755663864
1932457627,459.1913594152175
1439430370,459.1564859237161
1879813224,459.15608440072253
1879797891,459.13358874650805
1933510195,459.01136579825743
1879202050,458.9582239369567
1433043994,458.91028417540775
2094698452,458.8370436323573
1930994552,458.83161694463496
2096274065,458.8270803409766
1879146051,458.7958798757496
2502250022,458.76024868051815
1879142160,458.623549694581
1879192453,458.60079254305197
1879837111,458.5432526137015
2503847682,458.5203622087243
1879165097,458.4555784243887
2093049490,458.45280227997756
1930252473,458.44672638927653
1879806221,458.41973945947746
1879129565,458.4062787992098
1880510905,458.29774011945193
1879200502,458.2896466399882
1931648751,458.2822976603284
2501957302,458.2707868580467
1433852991,458.22011487615146
1880476042,458.1648048401717
2499585702,458.1012992365693
1930248475,457.976713752867
1434660721,457.9440106149229
1933521161,457.7811189841857
1880543295,457.67314345323115
2499646710,457.5517883026946
1930189123,457.54983505769644
1432725760,457.4531030632182
1434307681,457.42331616198476
1931679971,457.3257223547129
1433637537,457.13522771436317
1433872087,457.06428888875604
2096218634,456.98374891247425
2501390215,456.92359535570415
1930987565,456.8593407283659
2499664711,456.76149205635346
2095404001,456.63230949310747
1879903355,456.58297561677836
2093978867,456.57520865117203
1933500367,456.5362950635479
2501954140,456.51140676779727
1434118543,456.5040578848068
1880494010,456.4495647543862
2092091527,456.4126867625481
1439320732,456.408020548076
2091233253,456.4023687723757
2500415904,456.33267290420423
2095363141,456.2947314043047
2092063751,456.2216280215587
2093877881,456.2063486841542
1434461050,456.20420766382927
2096252547,456.1358951822204
1934311923,456.1186462079538
2093935072,456.0505092854998
1880488502,455.9292909066654
1930932124,455.92790275657023
2093960491,455.88569419008775
2095485922,455.8661524405406
2502441550,455.84600198295266
1879768804,455.834277387368
1434559737,455.7809305780772
2095368143,455.74452283561544
1879828401,455.68726372776774
1931655655,455.60479834545475
2502174845,455.5834868062672
1879176622,455.4492500533405
2092028602,455.37883617056343
2503187662,455.3468597989962
2093959901,455.3435185638058
2095414645,455.33912648081235
1933532702,455.2917952265759
2501331684,455.2182203043718
1433057603,455.1751200089686
2093956093,455.15416697313856
1879773981,455.00314560937494
1433668467,454.9744221464179
1879824034,454.80144740161234
2092846992,454.7883744545604
1880453697,454.7110195250261
1934322781,454.5110492450286
2092951285,454.48772374313955
2501907501,454.4714276343681
2499547555,454.35100485512663
2500496697,454.3467048320901
2096252302,454.3223559127657
1879876312,454.28546477586565
2503718475,454.2603963421658
1880536125,454.2589566489139
2502822723,454.21461349115606
1879155530,454.20020017630696
1880443695,454.132746533261
1879220321,454.0365817599936
1434388940,453.95942145090225
1929307083,453.89446953539834
1879237691,453.87905306923784
1879224264,453.87847661513166
1427890455,453.8111130447589
2503567480,453.7816026436734
1880450772,453.7544453659692
2501012173,453.6878943896005
2503035440,453.68429772890266
1934322437,453.6176928606078
1879187595,453.4345498860513
1434460071,453.3217906848262
2092025971,453.3125766083489
1433417231,453.30945129029675
1427758353,453.2721824955207
2500110331,453.26917682573276
2499488247,453.2660797822209
1879150034,453.24452402680515
1427616842,453.1931900859673
1879149511,453.0949770953637
2499553550,453.0705083710328
1439506484,453.03397773473995
1934309274,453.02512441263826
1932456487,453.0243186693266
2502822742,452.9727859443954
2499288012,452.96477578150905
2499565614,452.9592453763292
1434704997,452.95728481655476
1880501330,452.92218029570085
1879770454,452.87904447733246
2502841033,452.8719402499137
1434498742,452.86127140562706
2095477823,452.8397265371886
1427854112,452.6790897226184
1930969033,452.53306935889174
1930188871,452.49304347686586
2096203591,452.4169755494472
1879167022,452.2391446724456
2092833354,452.2132503267252
1930938422,452.20727022140596
1930138403,452.2023482598172
1880531821,452.1748084692688
2499399392,452.16473711314313
1930969505,452.0600584822697
1932470601,452.0207006789779
1880518192,451.97316660376936
1934304085,451.88834720129745
1879786732,451.8506752739351
2094629835,451.7975627847012
1878578202,451.7756034397082
2092878740,451.770204513253
1879198502,451.7508330339854
1931688311,451.68655268324943
2091954005,451.65805735082785
1879806462,451.55085923047886
1879139004,451.4538378465055
1434717217,451.45307434361337
1433730470,451.4178612944162
1932434035,451.3687156204084
1879774441,451.31133241460293
1879802107,451.29975688572847
2095363637,451.29395140746897
2500801210,451.21600601346483
1432936420,451.21064201432955
2502895124,451.0766176942343
1439626837,450.94187430722025
2502828810,450.9193696988362
2502263730,450.82250951615754
1433134215,450.81023273179846
1930245992,450.79015107783846
2499703585,450.7743472861897
1879836662,450.70919560946817
2092995194,450.6524081778597
1932499721,450.61189219868766
2096227133,450.5897747851398
1427860691,450.5890539209776
2092918875,450.55494849176915
2091277421,450.54493662251843
1930160684,450.51242214916573
1433229632,450.41584235266436
1434251832,450.3848199407304
1433959054,450.2323126393436
2092903445,450.17707472635954
1434420081,450.03361480831853
1880526592,449.9665032329897
1879162604,449.85297529390004
2094610030,449.8392551361061
2092821731,449.81385915872414
1434114220,449.808923179932
2503401552,449.70128632257445
1439377027,449.64500130098344
2501174514,449.6273686355821
1879902534,449.6009506011901
1933505515,449.5901856617685
2096237447,449.5872432374371
2500643587,449.5831709522666
1427830533,449.4767885189239
2501792972,449.4423805140546
1880459165,449.3072373794376
2501209342,449.2732556272671
1879232197,449.11686985826674
2499211421,449.0044157971893
1930960975,448.9724862507564
1879804230,448.9348568226451
1433999665,448.8658611898649
1880504060,448.8230495377689
2499486765,448.6480807803354
1434730644,448.62082538855884
1879193925,448.58472050826515
2092963791,448.56702058371826
2092003205,448.5157569053764
1879234001,448.4876949934386
1931640457,448.34802817909963
1880511327,448.28957062380675
2501793810,448.27190542421744
2093889262,448.2334990631631
2503473304,448.161539096881
1880507192,448.1471384495192
2094633823,448.1181496116636
1930215645,448.0307356744058
1879128395,447.97025136170345
1879901992,447.94710583563534
1879196597,447.8950973651561
2091977392,447.86430528405145
2499368071,447.85794650127576
2501886235,447.84175458387034
1931670622,447.78581130674445
2092020053,447.77088984279544
1433393804,447.6369215498174
1879234880,447.62734980663674
1878574921,447.6185037157152
1932584891,447.58774566592314
2502365924,447.5629130332307
1930182093,447.517241198434
2499373222,447.4527174257496
2095424613,447.4199161457836
1879160491,447.41010673093155
1931644995,447.3872838909452
2499428540,447.1074626364168
1434143190,447.0494441578959
2503761563,446.9469953891235
1433595894,446.66581251130714
2501743761,446.63783505984225
2499601602,446.52006332808173
1879139245,446.4129921782713
1434566994,446.3228093654304
2500383762,446.20740958286206
2499278570,446.11987708184085
2502232464,446.0449767004714
2092872953,446.0247286127928
1879148700,445.99521436642146
2501440053,445.72441507889994
2093972881,445.70677809266283
2092053641,445.61772838723533
2092756274,445.61408100384426
1433163723,445.27597901069385
1434282653,445.26648500111526
1879886614,445.1196133453612
2502053444,445.1033294637016
1930940283,445.0791938900538
1879235277,445.07312963666914
1432702001,445.0323581523248
2091998194,444.91667199291237
1879232854,444.911457562867
1433665610,444.89855562658437
2501605592,444.89707266304436
1879199610,444.8506289658145
1932591893,444.83663476103976
1879132835,444.83012033321603
1427731845,444.80796367648867
1879882810,444.80710143831254
1427751511,444.79482366306104
2500509887,444.76935173844765
2092793435,444.7627449527396
2499479641,444.75164236865925
1930149945,444.7329414182802
2092895693,444.4885173259477
1433003152,444.4559914513984
1879838192,444.4418338350144
2501011200,444.420435737206
2500212710,444.40541088643755
2503718362,444.343931237752
2500774780,444.3345769755643
1434593852,444.3201368611998
1932459383,444.2454807886243
1879134130,444.0886125736612
2093922244,444.0646960007146
1934320697,444.0315020406564
1931673274,443.9914420637634
2500645250,443.96718962988524
1879203637,443.9178409239392
1879136302,443.896880173467
1931010914,443.7218911699005
2091197941,443.6635103154328
2092864580,443.5962943307222
1434348073,443.51187749952334
1433341277,443.49395523137827
1880494383,443.4392289828338
1934323725,443.1744044526567
1930225993,443.156462033854
2501045992,443.1445871817531
2499360782,443.12673388855274
2503112265,443.0852024267359
2502503880,442.79951298090435
1931026140,442.7282901790861
1433483257,442.6820479312401
1931671902,442.6626322883423
1433864152,442.59328180778414
2092067403,442.58774290972116
2502351772,442.5148784048784
2499360415,442.38711589404255
2500476697,442.34152913199625
1434766840,442.31643224100753
1880501890,442.30787809352756
2096247543,442.2678136760547
1879220504,442.2119088196732
2501634180,442.14336900862486
2500185220,442.0972492405013
1930156640,442.09565459604147
1434193271,441.8061858921746
2502167824,441.5409609323972
1878584853,441.5382314961724
1933509284,441.49271712362395
2500682675,441.4663614243461
2091999621,441.33015371979286
1878577443,441.28206105809596
2093028210,441.1462898956429
1434531735,441.1442182939591
1434768663,441.1078196294502
2501955804,441.03954094828356
2503931324,441.01022997617326
1879159682,440.9648775129925
2091247067,440.91669516663023
1879170940,440.875157782974
1879126244,440.7828081337462
2092066853,440.76398795225
2091955322,440.7286431090326
1879781792,440.70093942190147
2092857535,440.67704216602726
1879194601,440.57058230409365
2502640310,440.5430844442353
1879813020,440.5121888533732
2092054937,440.41916036637645
2091198994,440.36731756645185
1432724711,440.1934576225028
1934312607,440.16595092687606
1432785783,440.0590702551633
2092072415,440.05069973259197
1930956663,439.99095900375374
2095433595,439.946058611743
1931013184,439.9224417775531
2091260101,439.9090089342601
1878580667,439.8518272910667
2093863414,439.3342653889926
2500103512,439.24842231260124
1933491181,439.24439394695037
2093919637,439.19222455244096
1930999350,439.1385587061786
2092799092,439.0036372954677
2501503710,438.85531431687974
2503751580,438.8409542397994
1433063440,438.794858842001
1434338352,438.72494375823925
1931638773,438.60894717604356
2093976291,438.59119631658217
2093948907,438.55862040595525
2095453367,438.4473290299046
1439451013,438.4277737853503
2091998895,438.4152696066897
1880466291,438.41198719747894
2501091467,438.3087495565773
2502668945,438.21968354865635
1931016063,438.2174038146807
2500178713,437.98313029797345
1930162215,437.8615423490386
1879128591,437.7622101298409
2499689910,437.70865498744007
1930140375,437.62609530600474
2091191900,437.5627061587496
2502479774,437.4203159293354
1880526935,437.4052016515976
2502781687,437.2715977195397
2499360504,437.2286100758144
1434125854,437.0733590699305
1432947320,437.0425235153674
1880516174,436.9965514116322
1931687261,436.98340754997713
1879195004,436.82519246538135
2503873401,436.79995603930917
1930981344,436.7131327349286
1934300967,436.6749478965547
1439358541,436.6496173177876
2502476613,436.6319713822826
1879190741,436.6108490495099
2500857540,436.53540726842715
1931658307,436.26759474749974
1931015301,436.09822780928556
2503513380,435.9926876722377
1931696723,435.9351287241544
1931009925,435.93034702195405
2093085513,435.9264052297277
1930248343,435.6679542440866
1434029707,435.6291014586635
2499480752,435.58485957724474
2093066435,435.47195525082265
1434541951,435.4613541065991
1931627153,435.36704890589317
1434410281,435.20656458180423
1931666694,435.1207531556626
2503365995,434.96743372497406
1878601113,434.7408115338145
1439459871,434.6440066096938
2093968013,434.496870867387
2501844605,434.48262826280643
1880472362,434.3831631167525
2092021465,434.28686319521
1930251057,434.285093687672
1932521001,434.19488939234407
1439316504,434.16798191899693
1439386423,434.14784022685035
1433144245,434.011210120911
1930198071,433.9523832958151
2501989382,433.8169112987403
1931626407,433.7634686914836
2096218723,433.568276373797
1878601672,433.0271377770152
2501257510,432.93807469290687
2092996530,432.8306018761858
1930172525,432.7594717863111
2501801972,432.7235822938431
2503199797,432.6750568963737
1880474951,432.57163619419595
1433205823,432.11338292351866
2092843825,431.91127755582306
1933516095,431.88951804724553
1880497102,431.8379944159741
1930982357,431.6881063820563
2092052657,431.27768291457033
2499226087,431.2764704815591
1879212093,430.8666155781832
1879161730,430.39962021149717
1427716044,430.37893083625164
2092960034,430.3375817781435
2093031417,430.32468441015965
1880451887,430.3069347132945
2093941700,430.195439303195
1931012665,430.1854280728247
1434420062,430.06288330080844
1879890827,429.9763312782991
1879882765,429.88853062276684
2091250994,429.8042878109601
1879783072,429.6184862643347
1930180122,429.57125704984327
1879210993,429.4694921737317
2095489284,429.4171284813465
2502955270,429.24074385650744
1439591115,429.2178954339509
1879234602,429.19324722812837
2502479894,429.11218563824
2092818393,429.0515313972702
2503317670,428.89939586029544
1879169402,428.7369631284946
1879828145,428.71176526137924
2501247791,428.1110645122262
1434639643,427.71367673817855
2502885197,427.7056906475756
2096216827,427.52386316161693
2092858925,427.4840613714388
2499760460,427.45446450419155
1434604293,427.39640048809423
1932534394,427.08469892149157
1879156641,427.0721955287832
1932631533,427.04931252779244
2095336533,426.9905303391337
2092943774,426.9216705926221
2091214637,426.7876042176348
1931668791,426.75369654943586
2095368054,426.718136057818
2092890315,426.69543426516094
1439345361,426.6944658035307
1879192224,426.6395979133988
2092072103,426.5878854665721
2500706622,426.4709724711226
1433210537,426.3858131090873
2503469850,426.24516194443
1878596054,426.2418208831908
1933567755,426.23690301117915
2502496910,426.0950786362024
2095468952,426.0736779414234
2500957827,425.8416860528711
1433758735,425.8299341466474
1879883554,425.4286707779367
1879892092,425.393824146804
1433673030,425.3803624468721
1433685875,425.3803290389024
1879831075,425.2164635754136
1433219737,425.16908016221674
1433496890,425.13797418270633
2096238157,424.8844782263893
1930247287,424.8358020512562
1880537700,424.79010738423807
1879215861,424.6894344932976
1432718793,424.68246474629404
1931670540,424.6183678313555
1931643607,424.39599207195084
2092028927,424.2454170582657
1880512827,423.9053668924849
2503018191,423.8896329945852
2502339590,423.8182204172813
1434088937,423.8153030176744
2092055212,423.8047441127375
2502492342,423.7452663067908
1434002732,423.7038881415779
2501159280,423.42395749236834
2503490933,423.40842770361166
1933509675,423.366709935618
1879884332,423.3625000798301
1880538780,423.34291771803913
1878594980,423.3420542730509
2094555297,423.2004474210932
1433237377,423.14803521875734
1878591313,423.13091621508624
1932585327,423.12153080219434
1434747630,423.10464210134637
2095461514,423.07248051659985
1433032465,423.04730798435617
2093987277,422.97036321072585
2501680722,422.87218280199505
1933536517,422.82075688953665
1878603930,422.504793656922
2500580865,422.42865767391737
1427699837,422.3783757854957
2094560147,422.3682544945663
1930976177,422.19596646118225
1433657347,422.11758735220775
1879134702,422.05354490606925
2095428873,421.98682993072185
2501037812,421.95267962763126
2502068934,421.77971947997264
2093987732,421.5471502910887
2094623895,421.4939766583468
1433609564,421.43556198046844
1433158597,421.3990153406727
2500269110,421.2611022072985
1880530810,420.89653649655554
1432616984,420.68777493741806
2501140600,420.6621058732332
1930137013,420.6572962990532
2096257231,420.5957721708868
2091228570,420.52850960763647
1433298592,420.507536346496
1434289237,420.20004405107073
1434119177,420.114411366489
2500904052,419.7624237539545
1432663931,419.70654883389113
2092824721,419.3569377224578
1433857384,419.2674499269191
1931009541,419.1742362301417
2094559220,419.1716722418373
2500268340,419.15416295013864
1931654175,419.1011631201854
1879132554,419.07795790845296
1879231355,418.93243082629425
1930930292,418.8436856595322
2502488273,418.68576819944076
1879210305,418.6440750633311
2502935580,418.5639798092842
1880542581,418.23817114379443
2501972392,418.081658475225
2499339590,417.9664764538422
1880496205,417.7985470359956
1930164227,417.76578893115953
1933511611,417.6897171715771
1434104447,417.51316775584843
1879133105,417.47352641667317
1879145194,417.30675088457383
2093875633,417.29828243965886
1880475155,417.2927624841382
1931634564,417.14491957380324
1879176385,417.09627785928694
2091198831,416.7423105516806
2500990120,416.72121403320233
2499571614,416.67101047914855
2500585022,416.3565575433563
1934323135,416.21372381080596
2499503285,416.17009661426954
1880451044,416.1445681559794
1433502264,416.1072267249891
2502304210,416.00288151023875
1434757120,415.67125349026395
2502314732,415.46841246728457
1931594170,415.1530574440658
2093076580,414.9300509224575
2503120331,414.7484842856525
1932481025,414.68933538976745
1434083793,414.5889989864622
1427841315,414.4923779133942
1427871170,414.3224940274511
2502778782,414.1661246878694
2503278492,414.0344354080181
2093863210,414.0100172056672
1433447874,414.005112372501
2092022400,413.90561251994046
1433325045,413.90079529635324
1434078367,413.89844227180674
1934322553,413.3569244237477
2499213580,413.30279749877513
1879187742,413.2812907322199
1879779583,413.27817601509844
1880517107,413.2551488077263
1878584581,413.08388676581365
2502160832,413.06141647795727
2092050097,412.53160563138437
1933591323,412.51430196602143
1434273737,412.4289219497071
1930149725,412.3558808353113
2091198004,412.28578728676064
1879860222,412.0823102355314
1879154217,412.0577245373361
1879140633,411.9706937647535
2092080231,411.79740879238636
1427608695,411.57310271824167
2094677365,411.56591401427215
2094626040,411.28649294909724
1879141351,411.21531123465354
2093962644,411.144879039662
1931655571,411.10299311807364
1434701294,411.10218453473186
1880472723,410.8529520075732
2502850787,410.7759663988866
1879770063,410.7578305840198
2499852404,410.5965427071843
1434231522,410.2163173268522
1931616813,410.1070348610092
2092785067,410.0783215553005
2091980637,409.9353842322564
1879217884,409.68137729009595
1880511060,409.56973917937455
1433713134,409.47833951797435
1433353080,409.4691166362531
1432780360,409.457287500466
2091217625,409.40847771757325
1880438927,409.14913102098797
1930204572,408.9996195769776
2499764350,408.99409169233076
1879905101,408.9806772492756
2092030383,408.943912444483
2501923811,408.7814318829625
1439497600,408.69637965834283
1933562353,408.6815110690311
2499230872,408.67503318368006
1931665515,408.6018575156481
2093991530,408.56328974261487
1879861867,408.3832065967329
1931603865,408.21516313538854
2501520672,408.20075378877016
1880426713,408.0091154316516
2501038712,407.85524423337046
2095391671,407.5950110126067
2502675917,407.54191474918116
1930241967,407.4254738494235
2501760072,407.3174924364277
1934310327,407.30112907324303
1878589902,407.2971603141649
1879824254,407.0386611066765
1434515530,406.8872139563437
1930973967,406.88258612289536
1880442022,406.8398147952326
1433730670,406.79606392047145
1879910222,406.73403062517957
1930958202,406.71945998956875
1433710540,406.6983409879772
1930245924,406.68630690752354
1434178744,406.4830271380557
1879213375,406.45687007557007
2092896924,406.43635124409326
2095368283,406.3631362754094
1433727052,406.34068737726744
2094624710,406.0705689652571
1434720022,405.6747761515798
1434362572,405.52995562116695
2502891367,405.49361946799905
2091276091,405.3502838304098
1879225765,405.295699569216
1933497425,405.2488678799396
2500845182,405.03958489799646
1931612277,404.9116792058394
1933525430,404.8716215961985
2092769347,404.76233050343706
2094673571,404.40140098815766
1931658070,404.24083095708625
1880427535,404.20039866253745
1879864903,404.1980507439419
1879898995,404.08800293446774
1879857984,404.0089158632338
1434333017,403.9428074744759
1434483330,403.9153870952539
2500487107,403.4883371387522
1879843600,403.3945527358091
1433536422,403.18675437831376
2502798614,403.138416026621
2502106120,403.090441037007
1879822735,403.0677311146329
1439370650,403.0604790035419
2502073675,402.9665606000543
1433119823,402.82823052544745
1933511965,402.743115132558
2092847721,402.59264727856976
2499590492,402.47940191884237
2092775401,402.44800211757996
2502519273,402.44232677892586
2502128382,402.4224554656623
1879227964,402.37952221906494
1880478602,402.25741648223783
2503068864,402.23182763625175
2094653980,402.2301201207917
1434489412,401.99766081981886
1434718541,401.9306439681448
1433711954,401.6944387405764
1880544771,401.57778563312075
2091226041,401.5750250464223
1880500124,401.53842988394035
2502974982,401.4735808122515
1878599187,401.4425998880703
1933568354,401.4049363656494
1930222963,401.10557659256665
2091254467,401.0887402496174
1427718241,400.8724816861949
1433810817,400.6253026873629
1434456800,400.5402889149271
1930237825,400.4585253446616
2092029500,400.2614282037515
1433653180,400.2225366070205
1432954130,400.12793646013023
1932620137,400.1134419099765
1930947445,400.0904362304982
1932495843,400.0660632877779
2502021250,399.7778068984176
1879888805,399.52664876132565
1930184464,399.36746587828736
1878574173,399.3062287765599
1879787604,399.07976399919005
2092882304,398.94342267458586
1879828032,398.85093633673733
1931664441,398.7809590918895
1879811904,398.6697809756771
1879157282,398.5725752296275
2501558950,398.47351930449935
2091995703,398.3522826276403
2500199512,398.2661846010703
1930227733,397.88375322785976
2091202082,397.6278418245865
1932482801,397.61983295735894
1931665431,397.61128044352085
2093056471,397.5438335919009
2092756995,397.37246240275084
1432791601,397.2104943318659
1879132341,396.96118279350276
2095464127,396.928921699036
1932432055,396.72800627813194
1879233882,396.5838729458183
1931608247,396.3972256006917
1880476657,396.26216095091826
1879848224,396.12120590772895
1433072795,396.09339350513767
2500266107,396.0649582137656
2503922437,396.02823876686284
1434448551,395.8431009910963
1879771057,395.3289840143909
1880495980,395.27316973255614
1931631517,394.9831056133181
2503692245,394.95122434860093
1433562093,394.9459265163808
1930955110,394.81063432296884
1878595062,394.7807397347612
1930987564,394.6858402522548
1879206624,394.5779172971388
1879769734,394.43294092468886
1880425094,394.2593993719935
2092942010,394.1541734988379
1433481133,394.13461341693943
1434769525,394.10767331467036
1879791110,394.0263039922147
2092870905,394.0040933087685
2094670660,393.6149459206099
2093880161,393.46958136441555
2501023030,393.34550840133153
1434139611,393.0799036601674
1880457402,392.9227174347218
1931007702,392.8877549333123
1931637965,392.83282937944585
1879203007,392.8004794278857
1879190683,392.6355954914612
1933580604,392.5982469660983
2501234240,392.39287444652746
2092077323,392.25985841056
2094662377,392.2254850706717
1932459814,392.0142735275257
2094696493,391.92155860593203
1933561393,391.8267454988062
1930999183,391.7878822879364
1433571440,391.75202170841686
2093937191,391.70791045706846
2502254232,391.704399710203
2092983405,391.5209840298682
1434425714,391.4190732406837
2096189110,390.97219515959733
2092091702,390.968328600973
1930228875,390.9040707248436
2092820791,390.6834408565465
2096210800,390.61331783552623
1880445802,390.38975765288245
2503692124,390.3289674106576
2499225250,390.1857476254791
2499557423,390.18304255933344
1439398441,390.1823005130063
1930165154,390.1706284561766
2502923162,389.5516645797062
2502212842,389.5382245184899
1434029531,389.52023851966993
1427656354,389.44763809259234
2502930653,389.41116371871937
1433742643,389.1802320576935
1434418352,389.07679078999695
1879829814,389.0103607442477
1930139031,388.9241557952578
2500857874,388.92396972796917
1879893372,388.87703622569455
1933589542,388.8371863867495
2502638572,388.69267708227204
2502294870,388.49417247373566
1879821341,388.28614502231943
1880439182,388.12955931796193
1929309203,388.03110836348344
2502049552,387.69018952629466
2502835711,387.6537914218033
2499843982,387.58223286270646
1433466462,387.4583740456679
2094578404,387.40623311782485
1879207025,387.38100290370414
1427605041,386.9148681732107
1930207171,386.84538735706315
2502586772,386.84236653042564
1932468252,386.7647799518735
2092799887,386.7323418070985
2093966457,386.6898626432255
1432635785,386.48710317962826
2499596977,386.46209724775986
1932517464,386.4401078976731
2499215295,386.41876536057026
2092817835,386.063793012055
2499494677,386.0095558937339
1434283474,385.90182951237034
1930973297,385.89432168161545
1933496003,385.76925551689635
2500243043,385.7610955995491
1932468067,385.6813900762673
2091288401,385.58319892186427
2092880315,385.56391259357366
1879135231,385.3798163309316
1434539925,385.22040730527965
2092892404,385.0547709752531
2501376780,384.97010112918997
2091184465,384.9475433598887
1879146667,384.79075419141355
1879155071,384.76474149833905
2503605640,384.6116369308276
1879829054,384.28478661546393
1931638380,384.2446083073796
2092810844,383.82534545462914
1879795537,383.75092209850027
2499331600,383.6567986801371
2092087977,383.6017433216953
1879207801,383.3029034079056
2092834967,383.03261573224415
1434463354,382.93539247469994
2091986131,382.8178289084082
1931682197,382.69534117726164
1932577857,382.3564409729721
1439596052,382.3132793841697
2092757155,382.21835315537163
2093906730,382.1600219112277
1879884724,382.0891627946453
1427835531,382.02221679114035
2093962151,381.85210545414213
1930222534,381.84505864905015
1933601152,381.75616848312575
1930137325,381.35042193253724
2503589982,381.2780507827609
2096245121,381.2245008048598
1879204533,381.1432469623941
2502943922,381.13568706745474
2093853633,381.04931332535455
2095467563,380.88237242957996
2092803773,380.83711074879324
1434040484,380.7257803534032
2092880551,380.3420174856166
1879151935,380.16012362407145
1434675640,380.11383019775553
2094594120,379.7226723820458
1931590945,379.597524827938
1930200275,379.3410369395546
2502655892,379.26658518188776
2502018002,379.1657042727422
2501506624,379.15761689703214
2094676837,379.0885983063551
2503749404,379.0666223352621
1434268952,378.98484636499785
2096248911,378.94510608836055
2092000735,378.83858134075336
1931669875,378.60877157430474
1932616481,378.4597857563583
2502468340,378.3914450342374
1434002060,377.8489385399936
2503041264,377.7876150831422
2092983305,377.51228990246335
1931013615,377.4031237750325
1879153037,377.20818272774505
1433300397,377.1737433983244
1931026347,377.1244731457493
2092790224,377.1006767257272
2095475884,377.0632519895057
1427714217,377.0132968572581
1879816730,376.8991593793174
1879152041,376.8505572064034
2501037764,376.84198898073487
2502970410,376.8285941047664
2501079954,376.70669768636105
2092759867,376.50117805148824
2091288993,376.45457527679946
1931608205,376.39998906399245
1427869902,376.3133622443786
1880506252,376.26708411722103
1879809534,376.25732116871734
1434717900,376.2343713873967
1930236085,376.19351193603336
1933575493,376.15365666446706
2091976587,376.1287562932368
1439578930,376.1275851768318
2503767942,376.11280695333284
1930933862,376.0737420975834
1930243203,375.80739646225805
1433596194,375.6912420218566
2092957237,375.6810572039649
2096203173,375.6458924127395
1879162870,375.39105382519944
1427827570,375.3588730228716
1434067313,375.303055312123
1427803060,375.10983857508796
1933549441,375.0241440201755
1933529375,374.84141741179747
1879126680,374.8245805057652
1879223590,374.82181322764563
2092845101,374.8180772977075
1930220551,374.7751583625273
1931635160,374.4477647559679
2091978871,374.4097989885142
1931022071,374.3751127005649
1434715795,374.3661280789102
1933551953,374.27420206242556
1879161247,374.25161309009246
1931008345,374.23810202079636
2500949670,373.83075793805506
1879165642,373.7982145620983
1931681844,373.7741484646227
2502485223,373.75053137505665
1930985172,373.6613385444596
1931674083,373.3218106198596
1879819834,373.3032848257923
1933549537,373.175299332302
2091196781,373.16471571846995
2092813173,372.9827066997731
1931611361,372.6063455179116
1879145304,372.50681621817125
2501518671,372.3086399240888
1433128943,372.30222419090205
2499417155,372.18511714893634
2500398013,371.4406823424221
2092879621,371.2278615883894
1427770475,370.92498169575646
1930162385,370.51125272486786
1879161364,370.1669740234643
2499412165,370.0951216605863
1879187927,369.95637252121264
1879167103,369.6121876565268
1434707841,369.5758933399884
1434544810,369.55262504725266
1434544483,369.335764303131
1434015837,369.13825022706277
2092940467,368.8971346570138
2502967742,368.8303716370323
2093091603,368.8301310028103
2502852091,368.70310608628216
1879807004,368.61811049658513
2091264891,368.5887097787214
1880482500,368.4692937258311
1427778630,368.28623067503537
1880476691,368.1345876010912
1880483383,367.81271849248037
1879144844,367.7711170859736
1931676901,367.50949971834916
1931595353,367.2589444777968
2501497002,367.17727165311516
1930963421,367.02927060443255
1931639727,366.978127728432
2091968363,366.7491586469803
1930159475,366.58075637633823
1930253713,366.4250649882151
1879160037,366.02709968334267
1432866452,365.75296367067267
1931692703,365.53348865177253
2092045355,365.40739429240136
1433368557,365.3396815307734
1930184022,365.22791450961734
2503626602,365.1123809331346
1933547367,364.72854067994643
1880476943,364.54860570231796
1932603082,364.53423550025286
1931614801,364.5259212385639
1434654963,364.5118642202658
1934319377,364.401446282942
1931690637,364.3524905886756
1879223355,364.28537666983993
2093014723,364.27154165594527
1434386065,363.97922618919415
1930229561,363.94725544899717
2095375077,363.8829449909684
2502420660,363.67599344762004
1934295335,363.3554393482812
2091979883,363.1121708311918
2091190935,362.72055798993307
2092038660,362.67359340814164
1879226900,362.5363584700739
1934304167,362.324383515603
1878593253,362.2575094855935
2502850823,361.82873005872045
1933524865,361.78222772040004
2092010880,361.5424534995371
2501536430,361.485747029514
2503316200,361.46054258848716
1930939505,361.1956963227553
1439414042,360.57807970964376
1930203735,360.535595768459
1879151930,360.5039162715676
1933535043,360.3931113781186
1879879900,360.1005235997128
1878603672,360.0575008723724
2499634662,360.05213575156375
2095416123,359.74860476352274
2503730944,359.5382679459992
1880427695,359.40585737913676
2095348250,359.3054065198161
1933555927,359.13948953308187
2503560890,359.10211918784125
1879124404,359.0418861604069
2499560500,358.981300723265
1434517001,358.9776680951335
2503697704,358.96131096665295
1880435071,358.8350919384757
1931670620,358.75379198901345
2091955683,357.69918917382364
1880453730,357.52639159418595
1931646317,357.333560273211
1879820723,357.2964410952363
2499303891,357.26546346855525
2093936937,357.06151346028804
1433424017,356.6174975560747
1932521605,356.59119506461354
1434182501,356.293331986883
2500161243,356.25559050305276
1930162171,356.0524369560475
2092986322,355.955847975791
1931693722,355.8666890136048
1433130224,355.73163776015286
1932625944,355.66048057386354
1433521667,355.51501401669566
2095376597,355.4252184271631
2500146585,355.3883897372969
2503037367,355.205625343084
1880530643,355.1010033241178
2093874080,355.08562320112526
2093867161,355.0123578051736
1880514311,354.75781465547374
1434198271,354.4098180224234
1879167284,354.38109808092594
1931639737,354.35555000167903
1880513130,353.89964153777873
1932528183,353.88953129451306
1879807693,353.86605950013603
1933591622,353.780842599698
2091210800,353.49195828686214
2093089700,353.1762097867766
2500112881,352.98440375668326
1932428662,352.8403609464415
1878602162,352.80115041292703
2501849684,352.53378242107283
1439362620,352.30517589691556
2092904945,352.0709795453565
1880425714,351.8765415286255
2501604322,351.7394667343798
1879128485,351.51203445771773
2092867693,351.45960459320105
2095493951,351.42985290423195
2499759602,351.35437863940814
2092856491,351.3457139931587
2096273181,351.1418644514436
1932538882,351.0116746585844
1930170917,350.7387635839012
2091250017,350.7286146587072
1880482604,350.628975005271
1930238133,350.4339488818149
1427757742,350.3950905649921
1427603034,350.2319540934024
1433535591,350.1368646193002
1879853647,349.49817158312555
1878573973,349.22004735985865
1879796211,349.0067069883894
2091256597,348.92918539469207
2500742460,348.69886513187726
2092000505,348.5326686971624
2092088124,348.47706204063843
1932470121,348.20971760347476
1439619540,348.1893517000231
1878585281,348.16785994299653
1432622324,348.02046701300515
1932474873,347.9520296354619
1930220847,347.26134871481975
2501137482,347.17381340646125
2503874871,347.1057202098695
2092991893,347.03006852550595
1879154083,346.9341184750957
1879216820,346.80289875607417
1930986447,346.7116965055475
2092776450,346.6992897769973
1933565622,346.5681529836154
2503825925,346.30555201147865
2502514097,346.2966483241585
2095392360,346.1434238485582
2093891965,346.1253172945467
1930188773,345.9838420221777
1879146695,345.9300806101797
2501137434,345.85965844669636
1932477583,345.7856098960465
1879165147,345.75851321210047
1433518354,345.74867331546886
2499627434,345.74222081563306
1930936075,345.52601418593633
2093864801,345.3517220263313
2502240043,345.32137030925617
2091993497,345.03549623564373
2092029267,344.9658943822517
1879838455,344.31546180204595
1929310313,344.17070716811367
1880457553,343.94426569717416
1427612513,343.7867408266376
1879214581,343.71764794520055
2093895642,343.6929662502691
1433242512,343.6341193979999
2502453430,343.61591799318967
1879151823,343.59714765850157
1879841305,343.5760788660471
2499441700,343.14831704621145
1434452853,343.03718873180765
1879155643,343.021206854632
2503498813,342.8367353254831
2094692403,342.48374021246605
2503911060,342.47955938745906
1879794433,342.4190000674253
2093865801,342.3618698871564
1933520211,342.19134401208066
2501410023,341.9775123573966
2503561852,341.94748478108073
1434507202,341.42950742892384
1880441747,341.30390523769194
1879128653,341.2990213483607
1879155302,340.70634766445716
1880447343,340.6981625417896
1879241347,340.68906425203954
1879191175,340.5851359831182
1434711242,340.53651213475234
1933536933,340.3510673791922
2093940752,340.3045482090598
2091285697,340.24024995291813
2501353045,340.13864433358845
1879909450,339.9713981488073
2091224645,339.91304089691465
1427616657,339.7763987990711
2501903510,339.76424126665034
2501810390,339.6973651142878
1934319687,339.64536585200165
2092786855,339.3372857353626
1879883812,339.23180592146906
2499329290,339.11998455566936
2092041122,339.1160141740997
2501734602,338.95341228162135
1930172921,338.8528457056732
2502909394,338.4423494231109
2092843623,337.8979399080427
2092093181,337.70919429320764
2091961241,337.67576896023974
2503862422,337.34349447910864
1933553492,337.03540002117444
1879214020,336.99163076253205
1434675543,336.85448971664636
1879833773,336.2697745076135
1931695465,336.1296418610459
2502510552,336.0067475995281
1879166127,335.8305265343243
1439374924,335.7805221524779
2502946162,335.75900362903366
1434645745,335.4930224210387
2501416164,335.41137155692746
1932625971,335.4057448414224
1931653711,335.278335572578
1879789970,335.2279583147893
2503889531,334.9955058113899
1879169925,334.69038414922704
2091974085,334.38004561995086
2093975642,333.70990415072896
1880496792,333.66430137922873
2499236320,333.5787197525787
1879782177,333.30076599124874
1930973831,332.9114424333514
2091289171,332.76091536423144
1879858787,332.5987804322195
2499218784,332.4425925853525
1439520395,332.4056902213146
1434644694,332.3706650536449
1879230850,332.2000124832656
1879159204,332.16181510783315
1930993521,332.0630791641397
1930983107,331.50061043627244
1880438183,330.9972417673426
2503738814,330.88985682028635
1934298784,330.77380474838003
2501313312,330.5898620994783
2094569183,330.49158665417576
2503181132,330.29058478770133
1879840390,329.9135722506208
1933546087,329.8924627228124
2499427594,329.7981486319137
1434669562,329.77308654509386
2502103375,329.42134454591235
2094695095,329.22868714687496
1432634592,329.03048115205735
2093954281,328.91299465518205
1880477453,328.65380612241825
1931022651,328.62437493636304
1879886022,328.2059292215442
1880530547,328.0710627157812
1879912811,328.02298909164637
1434150537,327.9601870416908
2093064593,327.8196759483228
1879124225,327.78870065675625
1879208142,327.72158249223236
1931649515,327.7082774246314
2091954860,327.55971472884295
2501192554,327.17926353498524
1433449762,326.96065055490874
2502455647,326.5591499449812
2501908385,326.544018191924
1931695922,326.4937421895535
1879152674,326.47281824369446
1880433195,326.2047425817706
2093037167,326.11800758315326
1931653431,325.8024227345723
2503624493,324.9815604816685
2501598005,324.9797617311976
1930993201,324.65441242138144
1930213147,324.539624912497
1931603433,324.5013429385643
1930955163,324.4465125387125
1931692911,324.3559373506389
2501396690,324.2398689473656
1930209471,324.12077605515265
1439584702,323.7765170974128
2093955515,323.69445160428523
2502495952,323.5745224257837
2501643941,323.49152660521474
2093867494,323.391907497935
1879870751,323.37721073183
1933546391,323.24917503369414
1930148717,323.13662608967184
2499688291,322.30902483378736
1932515814,321.9635835727764
1930185404,321.66343042677386
1931588945,321.6044875194749
1930158577,321.24134080327076
1930974137,321.19305915796593
2501016302,320.9529763524162
1931642852,320.6892358528698
2091963164,320.35568350779425
2501003480,320.30248093309854
1880445302,320.13673190064685
1879778165,319.8232568679914
2095353392,319.5911421884761
2502231393,319.13106972282765
2091971523,318.8152697268733
1933504941,318.81441916897927
2093881132,318.47042379000834
1931645057,318.1227223230353
2095397854,317.98500097405156
1432727987,317.8611764264421
1933529773,317.5538716126594
1932495905,317.5538152774509
1931622455,317.31485257816723
2501023050,317.1484645271809
2499227700,317.12022219745825
1932522361,316.9584639397231
2501819030,316.41996370632796
1878600022,316.2035508526635
1879232687,315.953025666158
2092925991,315.6332352129952
1880495581,315.62637241749536
2092009734,315.3882644789984
2501219622,315.3878104858026
2502255860,314.3876408099779
1879813484,314.3745885765484
1930155393,314.37107405951076
2499886002,314.08686083323283
2499859982,314.020290195269
1434058297,313.96505196990563
2500688014,313.91645192497964
1879866594,313.9121367277589
2092921401,313.89402981599335
1879168322,313.68094377098157
2092012817,313.5643032997516
2094580687,313.48072776264695
2092035013,313.14516730044653
2092903047,313.1017896034997
1929302403,313.02376966629913
1934324004,312.97048024974185
1879130773,312.9240920489064
2096192761,312.1282985290264
2095348484,312.0541344641333
2091241523,312.02161243125084
2095353882,311.8808283013168
1434605320,311.4095936829363
1880500922,310.90420954803955
1931644244,310.73844310260694
1880501860,310.7349793185572
1879837335,310.6242401754624
1434366115,310.62170019917943
1879810977,310.4447895105543
2501069352,310.04269855345643
1434734410,309.81770977565304
1878602370,309.48320183942474
2503595342,309.3410532207466
1879890220,308.5318253222205
1930251763,307.9522950939328
1931609357,307.92491623806166
1880439531,307.8953705864736
1931667255,307.8791093183687
1931597402,307.70480338900853
1880490382,307.70408330935066
1879865763,307.6875995646495
2500461237,307.5522718971888
1434022643,307.38738994394396
2499313470,307.3368011538645
2499617080,307.11328280106295
2502416304,307.0563326422564
1930141311,306.9238193595895
1934298125,306.54852776914237
1879871217,306.4659830250903
1879171964,306.1008500126088
1434275153,305.8493370175494
1930201665,305.8445859762612
1880425273,305.3470326498644
1933539125,305.2768958493506
2502046457,305.2628119022735
2501733850,305.1952125353806
1433399264,305.1492760071327
2499722571,305.09260831339355
1930253155,304.89358720334127
2092766434,304.6161756409576
1933536361,304.5214403065406
1434573703,303.82829047691786
1879124530,303.5656077223716
2091964525,303.3768401195641
2503431190,303.3304185265434
2094577274,303.19239414482263
2092041250,303.1215908461877
1434655804,302.68232109154695
2501105680,302.6127764663545
2499448502,302.23034670276047
2092803667,302.1770994781993
1879240034,301.93951864517277
2500655062,301.3764320415161
2092023305,301.3424882951254
2503614080,301.0346554101796
2500134894,300.74247891351166
2503462055,300.7036576701308
1434465751,300.5804112046268
2500289942,300.49846548447925
1933499583,300.42818079878833
1434103644,300.0864831843517
1930939512,299.8023358878969
1439661151,299.79712196810925
2503564502,299.6887735424287
1932493351,299.3412759459035
1427616882,299.17856165669116
2501097014,299.0670197309258
1439543974,298.7171883033971
2503708290,298.5644206233038
2092825935,298.24553865754984
1930180307,298.08708049508243
1433177705,298.01073804111815
1433684545,297.96909145145247
1879810105,297.7315311578347
1434320270,297.52416348353216
2500185892,297.25307423327723
1433582030,297.15780743783625
2093048603,297.065735867002
2502859053,296.82712928779506
1933545592,296.4729883167417
1932576647,296.37829151043843
1931664034,296.1465962101525
2502189602,295.5024963227967
2091246095,294.3503213600471
2096226943,294.32598548458554
2093016204,294.17128943881784
2499401532,294.0553724745985
1878600095,293.31561412219196
1433472412,291.6773655817163
1930986005,291.13610026804935
2093030757,290.9652994181663
2500981702,290.7910915387595
1931653523,290.3072766242067
1439559653,290.29936927912735
2502172155,290.1529590781781
2095391501,290.01482315687394
1434758281,289.9066351028694
2500541797,289.65471088264076
2092081557,289.14546653768724
1880470582,288.97546916650833
1433472793,288.77638763182443
1930160965,288.6744951663567
1931679622,288.568476104353
1930174177,288.36996763143213
1931691981,288.26145101022144
2094662255,288.22707200191303
1439384105,288.09997790548715
2499419362,287.9404087497713
1879836024,287.87880336514235
2095362260,287.73206277224836
1930144851,287.71633094806947
2499584480,287.6741244135491
1879221370,287.46781111517805
2500726004,287.18269366415717
1879158780,287.07177561896
1879809500,286.7413759661552
2094615725,286.54052272890794
1433645242,286.0111959881045
1929308107,285.8477435063667
2501284670,285.74273209772787
2094646703,285.7371645112072
2091237521,284.2253783286764
2096246351,284.04922888159643
1879132813,284.0074654755209
1880456851,283.7875553649666
2092849515,283.7738634078163
2501135384,283.52227625133315
2096184423,283.0683084091693
2094647985,282.93859378619214
2092958825,282.91158418560724
1434053521,282.7176576291474
2094628457,282.10304213089967
1932537842,281.6027086195055
1880518952,281.47899484968696
1932541830,280.7725042077157
2093853084,280.63061171596985
2095405902,280.4249638156831
2091195882,280.38955209775844
1932544055,280.30359135129373
1932433070,279.98516394344813
1931022017,279.80935556352205
1879784384,279.77327907399325
1433215493,279.72090436187295
1934320245,279.56933720641183
2096235440,279.38999465475433
2092067177,278.92444691000543
1930249050,278.62078939114053
2093853430,278.04662177931056
2499859435,276.93702720621764
1434052213,276.7312164587251
1879128362,275.9723448496277
2092002621,275.15176782988567
2499346242,275.14316294028976
1433579144,274.9939819851101
2503441821,274.66745278057715
1933550210,274.64477758344555
2092922662,274.5074980647599
1879864591,274.20499964797614
1933552577,273.57820423779106
1439563882,272.92601601960274
1439545115,272.7729731763749
2092035125,272.7452790411537
2501387331,272.5078248829442
2093014960,272.46966148495756
1433350923,272.44453218480356
2092815062,272.23374220275093
1879194917,272.0206372639731
2499301170,271.8933744879057
2091988133,271.852662997864
2500192753,271.83247552280386
1933568613,271.5936454236321
2091218615,271.3862741279246
2499727654,271.096531498529
1434269131,270.5703158500171
2501313393,270.49674922623166
1879903370,270.05654184941824
1432921335,269.589664693619
1931695603,269.52772542063946
1879788654,269.4820775728926
1931625193,269.2868604193286
2092065834,269.14732195003575
1931616044,268.91920030202346
2499678904,268.7632119349839
1432615223,268.4100912768047
2094641604,268.34424011384743
1879152354,268.3044936329621
1930170303,268.30204169401173
2502580220,267.5671483002159
1930186090,267.52010774492646
1878604481,267.0512344050502
2092053755,266.74949019128525
2502911064,266.69406591999245
1879882645,266.43565715835274
1879185201,266.3822033521887
1439475123,266.2524735913293
2091248804,265.7598470797233
1878576931,265.3848722337749
1433142511,265.1764470611513
1879222304,265.0111638425078
2092836400,264.7948684814361
2500864964,264.79201001592304
1933516382,264.44757530024305
1931667907,264.4102500137013
2502701741,264.07934603025143
2503810090,264.0690404828786
1433773952,263.98598440698674
1433485577,263.7871074202051
1930180117,263.7040358240586
2499895204,263.65464782994354
1933585883,263.61758824681266
1931016713,263.60968490238446
1879803447,263.4640606267787
1879840867,262.8080476507395
1932513987,262.6318300551259
1931633071,262.4857518572789
1880455751,262.2928560972891
2092790137,262.08611241331164
1878582923,261.9239362660432
1930937163,261.59516860249676
2502026814,261.4881800670243
1880466211,261.38940242746867
1879868464,261.2698495513351
1932512560,260.0958234858858
1933514340,259.85565264853074
2091972133,259.71024362660035
1932563453,259.3757707244335
2499232910,258.9013936478732
2502759577,258.8928719350929
1880464601,258.47081669616495
2502178591,257.31449891408795
1880476214,257.1359967526437
2094649562,257.1317986516968
1434223700,257.0699400544178
2093058563,257.01033701390446
1930164563,256.99236802640814
1931643635,256.70329965810225
1433472964,256.44522670119983
1879248705,256.2613757913047
1932637481,255.9807892813839
1931695010,255.42381919090388
2094589934,255.41948904753417
1879164687,255.38098074335085
2499278381,255.14576321422757
2092002471,254.93694728040583
2093875384,254.63258032631322
2092866564,254.33071132967288
2502124515,253.60550619157146
2500996171,253.0721817969535
2501739170,252.6347635106743
1930179875,252.60052477522046
1439332734,252.48514042065105
2096217024,252.34827913373985
2501935887,251.94538980280612
1933561047,251.29485042090846
2501067452,250.2737497887244
2503587200,250.23127566061342
2500479077,250.22601327069032
1879838980,250.07980019553275
1439615295,249.80821460759515
2502151372,249.6940254691441
1434624161,249.5194377063114
2094574934,248.62970321157079
1932591132,248.40756002390256
1930208400,248.17790733746673
1932639421,247.58867810858786
2093943435,246.9328225358276
2093953313,246.85760366391114
1931692844,246.2948945681393
2092068657,246.0730637612775
1930185800,245.9856332210123
1930969647,244.83610553505486
1879144144,244.47476363154001
1932528487,243.58691685572444
2091268201,243.2406414417221
1879906454,242.73574040749926
1879798434,242.20046236195626
1880515873,241.86015570142737
2500102300,241.75383430390556
2501332462,241.626788581114
1934297453,241.51737621705658
1932508897,241.2453674491167
1433387630,241.18967461487586
1930178401,240.78980394622943
1879215667,239.65838541187404
2503636432,238.329466178768
1878576942,238.1639059012136
1879131951,238.13887276709139
2500252480,237.9812333172534
1931688383,237.55739365895678
2092004764,237.3030022595987
2499312354,235.59502214172858
1434375872,235.37453446784568
1879783334,234.6457512762822
2096233354,234.2075110187874
2095382490,234.13357046358058
1879787230,233.9377600661064
2092900830,232.3638240345469
1932529424,232.14305358639328
1932487255,231.99373394700044
2093092390,231.68621115274075
2092980850,231.6128667052466
1880505813,231.47311538840623
1933580592,231.18381651185072
1880426610,230.70291858242524
1932451173,230.3523289030634
2501997684,230.31575232854368
1434595612,229.52244049165802
2501208250,229.52123643147877
1879130027,229.40700580780714
2501467152,228.6954085692741
1932480673,228.5232065262918
1930939385,227.66391287938256
2503101385,227.27767415308367
1880483890,227.1570675242068
2500283183,226.82460767050208
1930946052,226.66982571861115
2092818977,225.52396215843476
1930229084,225.48399606666842
1427747761,224.75359740936383
1879135974,224.1622133048891
2501822534,224.12275687218346
1931594057,222.66239688569792
1433421914,222.1240984482848
1434618870,221.45445222830307
1427842754,221.0287139452873
2502961292,220.69307757636875
1879195522,220.57809085327452
1930962165,220.53348568410772
1930944872,220.18814474936795
1931691634,219.1995708544841
2499334794,218.9288186358403
2091261983,218.75855836814154
1929308284,218.00424533896535
1879242840,217.65744451124937
2092067001,217.51977296616
2499780760,217.28287801168264
1930192287,217.21686611090414
2093890502,217.1201818934927
1934316595,216.11936375023984
2091257375,215.44128304297118
1880531900,213.81589693502443
2094632774,211.71434226486045
2499771952,211.08031760736637
2095419604,208.57248079997393
2503347380,208.25475822954564
2092040421,208.0891143626631
2502248924,207.0077059429536
2499702803,206.3033132343612
1879235807,206.11733477867503
1433215263,205.02859073119188
1879911341,204.01821093248336
1434221621,203.63624119690584
2502400832,203.32137355051432
2091952831,202.7102505560863
2091955927,202.6179052302857
1880479014,202.4190674810704
1879815701,202.02602706505687
1880512234,202.0239425582216
1433575607,201.2251355945116
1879144233,201.1252956461699
1433555144,200.99808239061323
1879177922,200.98988596599176
2501917672,200.475650978649
2501360132,200.33376719469283
2094662201,199.02193157187682
2502706423,198.9950413873619
2095342650,198.82393983598013
2502550090,197.4148454239137
2091225601,195.55160515920218
2092781454,194.18936501274982
2499577440,193.49067196540932
2499598291,192.77670630627082
2501438970,192.4963854984632
2499894410,191.40452906925296
2092797045,190.68267487846393
2095476430,190.5129503986404
2503663570,188.57121399370604
2092002925,188.22330936942151
1931631153,187.95981963207103
2502485307,187.82894393469115
2092079667,187.4328063701303
2503324842,187.031228809638
2499337394,185.88255797651684
1879859300,185.2494276919443
1930935605,184.82843466280713
2092037605,184.18222783915493
2095468692,183.69559751346827
2502493942,183.68129456014617
1433535571,183.33228358555957
2499752952,182.83244655044328
2092014043,181.87709816543202
1433147821,181.09398130765317
1434688680,180.9595443434498
2500395267,180.52730902171592
1932646293,179.86494120974217
1879850912,178.751002784264
1931661027,177.92506895265
2503480364,177.5004997840738
1439508610,177.23325143332715
2095440244,177.19936491010185
2095488680,177.0275601320286
2091973917,176.75655684341714
2501664181,176.50522839944804
1879161390,176.25314420587245
1930931277,175.29038337852094
2501639274,175.24555180232937
1930942051,174.1118119436167
2092833410,173.52551141037907
1879868954,172.35305512651033
2501372450,172.20876697423805
2093854050,170.69124761402807
2499874094,170.4866978124499
2091980411,169.9449317474966
1879124215,169.67921838021857
2092991924,166.43108191640175
1434728167,166.0770413721328
1880483622,165.967371222316
1930166017,165.23664782126693
1433540682,165.08565746648165
1432717803,164.3695402243787
2501972181,164.02667298863255
2092062827,163.9675329175135
1931635682,162.60574413790624
1930169233,162.2378604990262
2502026574,161.77454079624425
1932609614,161.46185992255968
1932544014,159.75962457143874
2092900257,157.4823471978194
1933577854,156.79800939366297
2500145240,154.4278688492503
1931004287,153.87230595089142
2092934223,152.97927940837266
2499616520,152.74118982193045
2503387512,148.3614296371438
1433560262,148.21181438379668
2096260444,146.93123326198213
2501084820,146.48851096980806
1879214934,145.7731978547824
1933563930,145.76423627242696
1930969745,144.89636274850366
2501600154,144.38866078219425
1434669560,144.3416455364234
1879871287,144.12362777522125
1880489170,143.44701944484
1932576255,142.82285330409692
1931686017,140.09102015220884
2092051754,138.43108717536015
1933509027,137.60396984401305
2095355493,134.90759588955834
2092016344,134.76817178211846
1879820652,134.28974813285063
1932602591,134.07427362759927
1880448182,133.62750334650124
1879857592,133.47799207510766
2502091300,133.3241813364794
1879125257,130.3855073193486
2500961500,129.98703437516863
1434027090,128.91169971806434
1930214863,128.36919554479363
2503069673,128.06677497776926
1932503285,126.74073077138696
1439489482,121.71582731967824
1930973615,121.71514539075109
1934313081,121.61451979387877
2092848593,119.84406765486385
2096225232,119.39269456414037
2499372704,116.73586090804034
2501706190,115.85817398624623
1930180411,114.30460959478509
2092815477,111.05854916130552
1879874324,109.36637069733538
1879163690,108.58425472585827
1933539210,106.30045046013167
2499416443,105.74284730747276
2094622793,105.41446646059623
2092921521,104.75594437392128
1434066280,104.66608623300975
2095352591,103.3476731921006
1433212563,101.14701497553521
1879244590,100.2915309930778
2092042382,98.60236100026137
2501735680,98.40597940349618
1933516945,97.45193520856314
2091966230,96.6970521276814
1434004434,93.07583574218211
1930216093,89.51334205148532
1879157655,87.31114062518826
2095406634,87.09060371738373
1933530363,81.15472426122122
2095479251,78.44244482947553
1933572800,76.3801847950342
2499278701,75.50524573442902
1930137001,74.25639536957365
1879141271,74.21997958703311
1879863990,71.43972995697291
2093093094,69.55980193420997
2091190291,67.01184433860523
1879244874,66.8853905922704
2093882642,57.03266960619682
1930964742,52.247553943048835
1931644251,47.54219946694639
1434276055,45.113925722619676
1934296573,40.65533531130023
1931614960,29.810367024423826
2093087693,15.604038056066107
1439534114,-1.6754734882623201
1879825792,-5.9040598277925325
1879835964,-6.329492775955031
2091282032,-14.742029114300804
1930202531,-21.278301100644317
1930160675,-21.527170296622025
2096201335,-32.2161923334396
1879878382,-54.011441365993996
1880533134,-79.77387358669466
1880510250,-113.4311217406105
1879806622,-115.11537421513069
1933504091,-142.19932498714576
2094609697,-153.90912588946824
1930978947,-156.667712989424
