user count in community:1058
Topic id:6,Representation:0.49671299915539563
userid,score
1439645633,78.89802969873003
1934301372,78.70661438723337
2092975351,78.68403393848051
2092802273,78.21117936751759
1433428505,78.00054193094029
1880459485,77.97394385413303
1427794842,77.93618559572705
1427864280,77.87607833428864
1930996945,77.79183629289892
1879218177,77.54413207440358
1879192565,77.53211847308121
2096194874,77.44849315168366
1433285502,77.32016020378333
1933503670,77.30296652887637
1934316980,77.24792342329643
1930949297,77.24680390073291
1432651591,77.24361272287145
2501379905,77.21765914674353
1432715825,77.18338545321642
1439371750,77.13853332012087
1433655842,77.06819967453632
2096228203,76.99623118143491
2502620407,76.83139695269833
2091276410,76.80390252336554
1433086265,76.76748687161502
1427639247,76.7380935855132
1427872764,76.72871109171331
1931658890,76.56778660855765
1931655382,76.50800626114086
1879238465,76.4584074920751
1427813545,76.27497563873335
1433795281,76.24081232229383
1879875302,76.204180633709
2092843663,76.1064096592239
1434580724,76.02379386417336
1427763785,75.97178953576933
1439590941,75.92501897678956
1931021795,75.89532223086894
1434165024,75.88308184475278
2091973640,75.83771566489044
1934315825,75.80010697259684
1879796272,75.71357137142003
1433656880,75.71026975068145
1934317955,75.68584889061223
2094675184,75.64798155260928
1434511983,75.49447417506711
1931606862,75.45619385047162
2092967152,75.43878901087463
1432941235,75.42693215864674
1434153472,75.40027424136197
2095400005,75.37032998691622
1878603271,75.34863937397017
1439471085,75.30920030662259
1439339567,75.23374455897545
2095449293,75.20884709999726
1434640582,75.19109916092786
1433205471,75.05785406587266
2502903684,75.03179812245133
1878589707,74.99900150219256
1434619817,74.98776626537135
1433981645,74.91617705966006
2095359503,74.90746730971225
1433765237,74.90554396012425
1433462462,74.82286251203396
2502803060,74.80112795389051
1439558562,74.75224812721585
2093974727,74.74399550762722
1434288600,74.6956656424357
1880506345,74.68236501532367
1433726045,74.6067489590497
1879913164,74.59520075429992
1427710465,74.37308294933737
2093904952,74.29660379190665
1931673051,74.2809472565474
1880501655,74.25963362634474
1932636863,74.23556450835088
2091186372,74.20248122132064
1879137537,74.20010347631936
1433356432,74.1619412583778
2500650924,74.11059888598894
1433287103,74.08497850471558
2500217044,74.04783095572625
1879228947,74.00142017051206
1432714760,73.9496549953802
1427843737,73.93334394010058
1878598480,73.92816046291425
1879873750,73.81740238005519
1879152533,73.78415431604645
1433133064,73.76065308031768
1439369572,73.72985199833448
1434533624,73.72521657796587
1931624743,73.65773155403689
1879792741,73.65532748499209
1433652795,73.64821082676852
1878574743,73.63701534224644
1434215890,73.54911314861803
1427731544,73.54889172069629
1434233155,73.53854931809019
1879884353,73.53630055691262
1433672402,73.51076940525303
1434602584,73.43577097512048
1930234462,73.42542978970998
2503294012,73.41132091872703
1434003162,73.39186889031454
1433588610,73.37593450482107
2096190774,73.35658588271835
2092885913,73.344158407947
1433318164,73.22380096136956
1434378324,73.21305713809873
1439543862,73.20510979447486
1434394605,73.18050328756468
2095422983,73.14284620386954
2501511785,73.1256423574218
1439426074,72.94145004071525
2093959215,72.92193941839562
2092969551,72.8898925060719
1879146041,72.77609766372953
1433942433,72.72829859700894
2095396381,72.71727303740224
1433618733,72.64494650227515
1879165595,72.60569361837253
1434742473,72.57082258397749
1433507123,72.53612315710468
1434595832,72.45771344324604
2092078510,72.32429643156094
1879231097,72.32384465483517
1427622133,72.31788929696148
1433138157,72.2795203421678
1879149400,72.23007866420201
1880469721,72.18731584905275
1432745315,72.14143197090861
1433487104,72.09750991369856
1878582623,72.08036130173922
2499586364,72.07696197192766
1434022202,71.99527427722246
1434261005,71.9940865174451
2092902070,71.98805862604108
1432760514,71.98014540415355
2500223840,71.93499438557494
1434419771,71.90641840069333
1931632687,71.87573134588375
1879826633,71.87125234473345
1439458191,71.82301577805416
2092847577,71.79573482856222
2500694027,71.79539669416886
1931600752,71.73356238216516
1880493887,71.67979898004786
1433553182,71.67440918225559
1879864870,71.67133952681222
2092938634,71.64028275109497
1434724153,71.62953530115207
1433372185,71.60986283485465
1434734343,71.5980359003578
1930157255,71.50676676967772
1934322223,71.45721646491896
1434257055,71.45504915509974
2092853285,71.41696312424554
1427825430,71.39520082995385
1434371813,71.29539369571447
2093937587,71.21940959851598
2499504637,71.21729818229556
1434293755,71.20490176057721
1433680664,71.20449764812258
2500736757,71.12087443224385
1933553585,71.11122130985507
1434762314,71.1100703473915
2092863767,71.06492409975807
2092015760,71.05457420373826
1427631271,71.01595230176152
2091979702,70.98412863362395
1878592160,70.98111542137165
1879172860,70.93649018995674
1433582734,70.86389756330446
1427677814,70.85344131216797
2094555047,70.84814080229182
1434497893,70.83377098065513
1930941135,70.82461008729986
1879130154,70.77240044298155
1930186434,70.77236671792589
1880498913,70.76914743645187
1880490650,70.76719391898493
1879200581,70.69819750087699
1433391875,70.68762215542567
1434134645,70.63496616365903
1932635941,70.62297179406504
1433033533,70.61136314010076
1434680412,70.6065763369333
1434115290,70.59073134386858
1879193650,70.5899979728408
2092947293,70.49615427657392
2095468007,70.46779834506148
1879789762,70.44293846292227
1433753262,70.3729607710118
2095391200,70.37027610644304
1433036224,70.36199834866478
1427633167,70.35912681768038
1878580163,70.30923667448725
1931696122,70.23327134558144
1439464803,70.16601643541463
2502664942,70.05304254328053
2501251910,70.04144826840289
1433048350,70.0413534085001
1879844420,70.02315976697392
1434670970,69.96122751580023
1427882435,69.9519973697682
1434335341,69.95058908786602
1439462707,69.87848237185835
1880470240,69.875036086769
1434605193,69.8671623835715
1439520770,69.8353365267276
2092885143,69.81245666624389
1432627977,69.78166872475323
2092882723,69.77263029030975
1931693431,69.73161661466646
1439580687,69.72020191255963
1880492550,69.64048223792187
1433537083,69.62427873484673
2095403717,69.617752907029
1879233294,69.5791977381422
1432631611,69.52022790245894
1934300801,69.50912966840178
1433964490,69.50350358439113
1880450404,69.4543888673782
1433087100,69.44618629564785
1434125727,69.42245058449687
1427764695,69.42002514802937
1880533571,69.25409497869445
1932525067,69.25046635643534
2093042107,69.23129053092705
2095363443,69.18779002416277
1932614415,69.18493022702896
2091964065,69.14020328708182
2500887494,69.11861056230047
1879833060,69.06245366034999
2500451855,69.04638765223903
1433442590,69.0226090528728
1427627952,69.00649165876929
1434760990,69.00364842207954
1880489307,68.99526202188326
1880533001,68.9874832585237
1930144527,68.96658736025194
1432703175,68.91899762367127
1880456277,68.89006162239727
1933495833,68.84227631604436
2092881184,68.82505259936097
1879808285,68.82361076111226
2091197467,68.76590871698865
1427587605,68.76515897620727
1880475094,68.53170712754296
1439410773,68.51997076509566
1930949034,68.51977691464705
1879893504,68.50453874873313
2502869134,68.46053123389736
2092023721,68.4321176225298
1439497251,68.42569794169742
1930249892,68.35406055589925
1930930244,68.31868895256336
1433553163,68.31498135011184
2092939625,68.31105346226433
1933495383,68.30514436994284
1931006744,68.24772978479638
2500708681,68.2372324539033
1434632771,68.20032501429584
1439386254,68.17605248609537
2500514505,68.17169857578152
2091972922,68.16968067893477
2094669121,68.12065012819278
1434563757,68.11225372581416
1433266572,68.07146320956514
1933580971,68.05285169711951
2501294722,68.05136173045454
1879225615,68.04125197624408
1433070857,68.0101209586913
1432875094,67.98136242615367
1433657400,67.97122422394514
1434378705,67.93354506371494
1434337702,67.93316279259359
1439621227,67.90130353471773
1930942152,67.86265044503561
1434256930,67.86110944090868
1433191674,67.85521046072871
1879883460,67.81558876146615
1879845774,67.81419530275447
1433147017,67.76754152276096
2503221055,67.75621702334901
1433982342,67.7317132636709
1434386092,67.71599992525654
1433048100,67.71421220290182
2501882615,67.59708143188892
1933511847,67.57619980362726
1432898205,67.52998965698492
1878585634,67.51961855742339
1879140447,67.48953189127896
1434640054,67.46671379961748
1934306130,67.3720202727816
1932442933,67.29012567607882
1879877174,67.28110814292121
1427715021,67.27181708200959
1432693372,67.25479956965083
1433443917,67.22668692169218
2499851572,67.2077499506005
1930980985,67.18221053975427
1432931987,67.15033219154525
1433179100,67.14844080844715
1433313435,67.14138443611985
1427877191,67.11090400487917
1932566777,67.09599231289043
1433496763,67.09127570595369
1880547814,67.08646638899067
1930959090,67.072823470425
1433127597,67.06842945052932
1427825320,66.91236022243318
1434009002,66.90103653463636
1930941787,66.90066640970969
2094599521,66.87649215219723
1427652963,66.86951032138515
2092760703,66.77956959093765
1434346725,66.76770259318923
1933539015,66.74886427180208
1427749604,66.66865384319283
2092844531,66.65396368784378
1433628257,66.60977096821807
2094603981,66.59720683908742
2095463791,66.58294768041425
1434162690,66.54233918977425
1434646351,66.5413896303278
1434160101,66.51784285029008
1879837801,66.50777904772411
1879886572,66.45163612098432
1932436162,66.44618867724859
1434514324,66.44609193070545
2499538263,66.328974453983
1433861701,66.301173452083
1880495603,66.28231489683759
1879811301,66.23202430691435
1880478810,66.19391164313151
1433402950,66.1898546721074
1879147973,66.15692862360692
1879134747,66.15016891534295
2500915872,66.07737820219324
2502742093,66.0406693502183
1433529834,65.95016448202038
2093880341,65.94560299426624
1434204134,65.9240617428555
1930218083,65.8857201028418
2092929857,65.84179651893456
1931025653,65.82486202885678
1879891340,65.78675592511696
1427877877,65.77241134448951
1439539882,65.74128593347935
1433886074,65.71419657102234
2093896374,65.71091988055181
2502913340,65.70736794806092
2092944792,65.70609618569486
2499468711,65.68299815956064
1931598421,65.68220127539496
1427635110,65.61444943361393
2502062802,65.5945531931843
1434723177,65.53295879441895
1879163373,65.5128833337693
1930204741,65.43361941882608
2502116051,65.4058568725304
1931629244,65.39066641206124
2092923457,65.38435205828041
1433779494,65.36914687402847
1930940591,65.3432620727961
2093021023,65.3158329414151
1439573570,65.3075246967005
2499753134,65.29185870719002
1439573153,65.28839107520785
1880518493,65.27208528571875
2092805935,65.2698614803866
1880466244,65.25522837725781
1879882684,65.19132672676854
1879879952,65.17440582655128
1434454671,65.1537636848039
2500374671,65.1291274233433
2093060952,65.11356458281037
1880542203,65.08074105425537
2500473457,65.02882032840297
1433736781,64.9567805439935
2092881521,64.90422501497774
2502415547,64.8985121085307
1433175237,64.8633597077035
1930241917,64.81409162189647
2091979743,64.7929779759973
1434139633,64.77137110835702
1930184137,64.75406761471635
1930192842,64.71594587923866
1931626621,64.71243700027391
2091275437,64.69245484361254
1432648212,64.6626492663308
1434694951,64.63360746652117
1879837012,64.62197175137354
1933577105,64.61005694228389
1933585151,64.54997771561844
1934299441,64.47066345711467
1931621485,64.46313027559249
1434451731,64.39985997804554
1930187985,64.37040048770027
1879869544,64.35949835776731
1433360685,64.34350220179107
1879147302,64.3376122251091
1879132970,64.31758671660702
1432669251,64.22465295414122
2096205803,64.18624463953827
1433247434,64.14494034035897
2095416411,64.09540666860337
1434437771,64.08885766727747
1439397993,64.0820735058682
1880529093,64.03942091323785
1879239245,63.99978566711615
2500245155,63.9645678027328
2503237427,63.93772108793222
2499224092,63.937607717415965
1879894472,63.90651322716486
1433166203,63.892129001609106
1433569557,63.88299819791474
1432764915,63.87547548897373
1439404747,63.8708597997624
1932652390,63.8674409864682
1433566070,63.81956808180084
1427753861,63.801350674959465
1880464900,63.728042236138855
2092893934,63.70902761173564
1879807083,63.692516040388476
2092091944,63.68161976393871
1434266192,63.66224693522084
1434513602,63.6475569039103
1433086425,63.58950467914447
1433144204,63.581468619976334
1432644924,63.57215393089817
1879136522,63.51658140110688
1933518872,63.50155814591274
1427601244,63.487921862254325
1439368335,63.48719728642469
2502728503,63.41008748441685
2501783861,63.35666333679854
1433318045,63.345404926687
1433275452,63.28135555871499
1879194187,63.255772927489325
1931647455,63.21159435993756
1930177944,63.17744660776334
2092764477,63.17336979537531
1930233010,63.14238654058343
1879782977,63.119944634611386
1930247051,63.08529107329691
1434266707,63.08319534149319
1933560115,63.07542983151826
1432889673,63.0752169005014
1433762481,63.01058912989658
1432765150,62.99799968534628
1433642632,62.98533265562751
1879848164,62.96718166398439
1434483427,62.92544960535646
1434258320,62.85696895992413
1433439357,62.856556362269515
1434459051,62.854027346220114
2499885020,62.805931101721825
1930165604,62.772578677215215
1427764763,62.76136664031081
1433027452,62.73027318262562
1433055292,62.72833319576389
1931000225,62.726265427768205
1439364990,62.70025651071686
2092819941,62.62111668245698
2503580077,62.518436609314776
1434101723,62.477924994783145
2092799485,62.43571422243755
1427617877,62.40985552625491
1879778344,62.340261107435374
2501017590,62.32089858569141
2096188802,62.3109226219454
1434364475,62.30678813225405
1439589664,62.25242679431107
1930986901,62.22731306387417
1439534550,62.21864853353725
1934309293,62.196670879840816
2503898797,62.175299968441664
1433255704,62.0417675316244
1932558083,61.98562068420911
1879820780,61.97965704046793
1427717997,61.94594850349427
1879808064,61.91678385768801
1434551502,61.89595368614659
1434700155,61.886397754532275
2499545522,61.86466064862766
2096203500,61.81894169500604
1439360804,61.79928545416421
1433051460,61.77551000561625
2499374314,61.67066197693048
1933552995,61.64677728002818
2503558894,61.64335607014602
1879135977,61.55913584989323
1932451285,61.51838767125238
2500443985,61.515718460312826
1427781257,61.492159021824946
1879819712,61.46245372258725
1433846335,61.45883941860086
2092915017,61.41877161268711
2499556945,61.39704026323839
1879127944,61.394758964001625
1433855447,61.32770727307803
1879897894,61.2950379107507
1930947125,61.25602168268331
1930230667,61.25122289373699
1932565493,61.19754581268526
1932552267,61.186408602445454
1433222831,61.18238954875822
1434687935,61.14414280457871
1879773475,61.056612123360956
1434383267,61.02482455748537
1930175691,60.98517426074238
2499247473,60.92858277148984
1434676802,60.92837528614831
1433139807,60.91991865348921
1879176630,60.88648981262993
2091239271,60.870799960144055
2503583472,60.86386534955579
1434722114,60.85322942976335
1433045643,60.704822959680016
2501303245,60.69599698455198
1432681090,60.655496534209774
2503903980,60.55143456219844
1879838672,60.55047546494738
1433117594,60.54445734554604
1434415820,60.507046186152486
2093008442,60.417766214777416
1879779672,60.41658305965742
1432662141,60.4143462796174
2500682831,60.40879110756935
2499526114,60.38671330761073
1930225521,60.35970305327713
1432923947,60.30550980390085
1880503444,60.281234099165985
2502440317,60.26768632945126
2092827491,60.21174890686575
2091245335,60.19892598699397
1932497395,60.070993295818646
1434755350,60.04964698200387
1879824747,60.04327476364467
1933600954,60.033175488238676
1931676937,60.02972641130457
1879795123,60.0278741562556
1933496395,59.95837471372437
1427898074,59.88457034925564
2092917577,59.84061810261797
1427598480,59.83489794602867
1879825804,59.76298066312492
1879221291,59.731061444076694
1930215957,59.7042677010748
2503238690,59.65744383093124
1434727094,59.591436253747844
2499783000,59.544932844966866
1434612054,59.49319994994919
1433305140,59.39996693449622
2499608320,59.398316800522984
2499773623,59.35410085486668
2091201693,59.336907199612234
1879810531,59.32157456450756
1427846302,59.29804273004173
1880520660,59.269968113311926
2503329332,59.249938871678744
1434594472,59.233086916242385
1930240721,59.21947405720351
1878588223,59.17570773069217
1880470004,59.16717661721415
1879136063,59.13454041948931
1427685475,59.100065353750594
1434016761,59.05786991146456
1434320201,59.037374249280994
1879235340,59.03514467523722
1433682370,59.03337141346113
2501625547,58.99952880596735
1427764885,58.99015959011492
1879839424,58.94632363049434
1433654304,58.93262556673097
1879905811,58.75159084959581
1433635083,58.66430629482323
1427767664,58.657072259467135
1879231743,58.62740831412851
1879811777,58.624905208777776
2503853552,58.620100452783255
1434159320,58.58388487948208
1433855575,58.53233868093498
1434650911,58.507300152436514
2093974751,58.50609193172988
1432910457,58.482680462393546
1879863907,58.427132271900085
1434521743,58.241542670744685
1931617397,58.21589683351471
1427793024,58.196188618420784
2091238614,58.16364257223205
2093869002,57.95602389063689
1433849561,57.95208673273394
2093861905,57.8920700892368
2502457091,57.8642787015057
1933529521,57.845703170003944
1433303824,57.83084723542403
1930963992,57.7974606606847
1434043830,57.77421421485438
1879126180,57.70505634985332
2095379683,57.640316471436456
1439364292,57.63438431978998
1931671897,57.63341523581279
1433182373,57.615185267262554
2503914134,57.57966328271807
1933574590,57.542527626610095
1439486270,57.51040685397636
1439349140,57.487975873531276
1427893767,57.48135190553159
1878573891,57.47145733969279
2499639740,57.455886954505026
2499325834,57.42942854806804
2094616307,57.410453950417015
1434552554,57.2971827303939
1434492385,57.25421566576644
1433008470,57.23318405746761
1433499435,57.231104644362766
1439459363,57.1393255881914
1433087902,57.02637569193656
1929303875,56.98890319603232
1434501485,56.935494875632884
1879777144,56.91414815193425
1930148015,56.778979010930314
1433035470,56.69129401050518
1434706431,56.62198567323598
1434054744,56.57084432305752
1434037477,56.54710603864133
1930181620,56.476863967920245
1433480703,56.434717045136935
2091268085,56.33363420143557
2499596257,56.31841322786906
1879826624,56.27567611687258
2501070782,56.257155438107716
1932521922,56.24225529956265
1878592651,56.23925324574571
1432669377,56.23267930646146
1932605322,56.12063236155215
2500799591,56.087695907877276
1439407052,56.05140069432528
1879153000,56.05065197031399
1433950091,56.0451973128622
1434299874,56.037432339469916
2499376610,56.00177200126351
2501687305,55.96688973390314
2093889821,55.90136732730943
1433638014,55.8816598491593
2502355817,55.88142095545956
1932469323,55.8261193914513
2092776444,55.82062885252628
2091276944,55.81150484576525
1433136073,55.79216050940409
1880427241,55.746978367235414
1434452683,55.74548958579015
1930951374,55.69041533974606
1879174481,55.64988787133905
1432665233,55.57564061873997
1439433251,55.53545528969653
1427739495,55.48036608691008
1433262197,55.45631738294273
1439317363,55.34352933502794
1879851630,55.21341018298951
1433389131,55.16526732913596
1433738334,55.07885089652119
1434537702,54.97884999637993
1427721785,54.97856919517087
2091950935,54.95602627000845
1434527732,54.95027521470265
1932477845,54.943318043443355
1879772351,54.88998227447231
1432776161,54.86130467969562
1432761741,54.81051257988731
1879223413,54.79738352981468
2092091991,54.70158708532194
1433212801,54.688001637875374
2095426313,54.675960490414575
1433961657,54.65865103166639
1439518811,54.64660328602425
1933552790,54.563984709741874
1434014663,54.486108452274834
1930235327,54.47975685210895
2094636907,54.3875750734997
1879783257,54.31748224286914
1929308073,54.2887369495856
2500988907,54.28014813622097
1439434345,54.256621373606464
1433995350,54.25379377682228
2094662132,54.220655684083304
2501674540,54.14232635415304
1427733180,54.11442644957615
2095445444,54.067619280665525
1433116653,54.0390209127723
2501296983,54.001108192117925
2503683470,53.935215425826
1432805790,53.92588391143621
1433777772,53.90485861629035
1439423814,53.8487024218662
1434613061,53.714478426014516
1880514180,53.68632696949236
1433999762,53.61417247555341
1433188740,53.608468950784335
1433550811,53.5656323153063
1433063245,53.53127888222611
2092845117,53.51094747934085
2092769813,53.50018887055094
1433830517,53.45502904123412
1433971892,53.449729384484755
2501775247,53.432835392943645
1932459677,53.38263942156651
1879831652,53.26845832298349
2091992141,53.25886999676936
1931001827,53.24091188937105
1434498015,53.2393025872654
1432869167,53.22335498527023
1433472471,53.1884320859696
1433228373,53.099154918639755
2500448414,53.060452456280366
1427894905,53.0473419745845
1434419580,53.00753374643296
1879247165,52.966675766710445
1434692513,52.94248969414084
1434507223,52.829991004639865
1434476591,52.8277829641596
2500487533,52.82405510109463
1434551585,52.78966821886304
1434598652,52.76234460789011
1432871933,52.74013471112798
1427727480,52.60824135372415
1880514232,52.59137163811611
2095452030,52.57518789029286
1879912771,52.57437364109225
2093962317,52.57229668715168
1930243812,52.542220487137946
2500850970,52.47913367836316
1432602970,52.45843073425892
1434069935,52.285557558928346
1433471552,52.236716332303416
2502393684,52.19692157690019
2091258122,52.07941113338235
1932517893,52.04812569928911
1434092364,52.0432001186185
1931626865,51.99054912215493
1434451581,51.96093581730334
1879838604,51.917534815534076
1880540874,51.715485734331864
1930233195,51.685200704652914
2092899224,51.62911717158443
1879883942,51.56900617557445
1879878740,51.551737875330936
1879812475,51.523979314417296
2095378383,51.50359160308901
1427827025,51.41464392247957
1931622525,51.37299927941578
2500952314,51.35348276245226
1931015983,51.33930281884136
2501975964,51.30056831972566
2093945821,51.287453977152985
1433080745,51.22367708095197
1879202984,51.107848168184965
1433467250,51.10329850869231
2092953355,51.09456131918934
1433012600,51.055938526039846
1879874592,51.04623583169118
1879809257,51.04616485519207
1433593472,51.039482400306284
2501734700,50.90121487147745
1932618683,50.89924218354455
1427856044,50.88876851695687
1879799667,50.86539726205675
1434503647,50.83171127988992
1434197362,50.81367286529981
1433533977,50.752577744203826
1433344383,50.70001965300666
1427626355,50.62983386796331
1433510192,50.55410378110648
2092848943,50.55264253650498
2500775855,50.432047512676796
1879159552,50.39165772137068
1880485711,50.38610367340849
1933511237,50.37984469391772
1931593524,50.37579537660201
1433155985,50.30491794154852
1434057295,50.2155254950033
1931595361,50.17957943708207
1879902965,50.153657861082145
1433143691,50.089846242653564
1933518853,50.01356252215485
1931013757,50.012238687938314
1880516117,49.96162431493694
1931026004,49.926709942515714
1930185765,49.882181707340386
1433551501,49.857366820121406
1879238341,49.84345945275953
2501860217,49.82999614718071
1434567067,49.80684714300191
1879778684,49.80448370708334
1432917292,49.742498295261214
1879223201,49.730967122110535
2094618890,49.63248526149628
1433440645,49.5452972237442
1433166775,49.429552141337986
1934323297,49.38130735878744
2092974352,49.3464229157377
2091211512,49.3145082208823
1434629094,49.228807643158426
2503117574,49.19316742973313
2092880077,49.09804242555979
1433128597,49.03779000507661
1434490112,48.953551389233866
1931588713,48.9306216993863
1439442072,48.92215850062549
1427749581,48.85715420330519
1879232961,48.845124928478754
1433150711,48.74557522622594
2503467064,48.66295357961121
1439393620,48.65844285652329
2091220405,48.59670932665378
1931020000,48.591365109121675
1932611685,48.4873434309274
1878572677,48.443662121701166
1879197591,48.38161010064568
1434419602,48.28326204370896
1932433465,48.21449587152568
1880456560,48.20503791113135
1879903644,47.90293727560658
2501392185,47.84034570401581
1932448843,47.81663305352761
1434465331,47.74986346558601
1930983260,47.726815083137325
1439501521,47.569288624351266
1434095305,47.48573712507275
1932560435,47.469987765078784
1879818481,47.28625698858425
1427704773,47.12258488098267
2095448855,47.09698634541829
1933561810,47.09139828146344
1932534517,46.99210345720872
1433370203,46.85179720757089
2503113721,46.78378804723776
1433567930,46.73144800902763
1931003157,46.67900920198714
1879870634,46.66335115821774
1427798572,46.6169135859017
1933532717,46.61392999202504
2094641455,46.612534530408716
1933506795,46.46740612330172
2091182424,46.43020045979271
1934301070,46.34575374301374
1930985693,46.33514652222123
2502402680,46.20754987851824
2095466893,46.19383825840481
1439478962,45.97247063555593
2503895143,45.940350157868174
2501430820,45.9349967881719
1878589740,45.89712466335618
1880531947,45.869884497930904
2092764807,45.84946516262808
1879171170,45.79866525419328
1880526554,45.774486310511804
2503675373,45.75744996008808
2092769707,45.747036320003495
2500128114,45.70992631681084
1879125957,45.6511452280562
1879203167,45.56964724268528
2093971490,45.477309972899924
1934324777,45.439283236733644
1879910195,45.36527275704627
1933581927,45.36441270305367
2092783325,45.35907965474438
2502505194,45.342664598260505
2501517245,45.335039182644124
2500958670,45.33017245597718
1434210211,45.243807929983
2091284582,45.21560652080633
2499680703,45.19712554383251
2502659424,45.169648640849175
1432684464,45.067270643593275
2092922701,44.82898210487957
1433740551,44.753805141057285
1434320761,44.63857361835303
2501981947,44.62552292852427
2502991524,44.60220740308958
1434093142,44.60182540432593
2503254714,44.59588554060558
1930227151,44.56466609576998
1879824354,44.435340677913445
1439530780,44.41785132714113
1427807683,44.382860396770575
1433209532,44.34735920956629
2500846440,44.30039171401299
1879791924,44.23583038712858
1433502061,44.16950892087229
1433669240,44.113073460184346
1930927987,44.05439308325051
2092885947,44.008519919057896
2499268953,43.98441923436799
1879146145,43.93008970808964
1433688270,43.72774585524273
1432682854,43.72738786837366
1930939970,43.4672122969742
1934300683,43.439745272163925
2093069085,43.432065765116725
1934321753,43.42786477382671
2500623814,43.33517301513683
1931632767,43.09008636939543
1879249461,42.90336135203565
1931645105,42.85564570002087
1880446442,42.78374517672596
2502350611,42.71343294211831
1880519770,42.70880029942109
1879880930,42.68052503170729
1933585353,42.65254066603335
1433789132,42.527507337935646
2499553210,42.51585385844817
2502028124,42.46417386299208
1879774634,42.41385267884247
1434482170,42.38991688598813
1879904224,42.37584647412221
1427877127,42.31875332923612
1433022504,42.178514029877576
2503622612,42.139430501755136
2092922593,42.12744339884573
1434044670,42.11889248991179
2500972744,42.035526853028735
1434636581,42.02228476165955
1427839717,41.983621964962964
2095352907,41.979685924389464
1932623795,41.96679364823647
2092897105,41.85169445466335
2499229470,41.8249817554275
2092917182,41.74879062413918
1427624332,41.47501648855316
1433649001,41.40794514921503
1439558282,41.39988885509809
2094549997,41.23938383775972
2092942635,40.95630609564138
1432659420,40.75747971430407
1880458174,40.7445994546255
2502091393,40.73542277524584
2500759072,40.64980696594489
1878600597,40.626846880106314
1427648915,40.556107915909784
1432668761,40.55009289270962
1879163794,40.510514825379325
2095349422,40.50956863499856
1879881144,40.46449641435418
2092037190,40.3985828127354
1880533831,40.3767616595854
2094563407,40.34105584278902
2502308180,40.332727569676614
1433583394,40.29559907823274
1879863017,40.27607711286409
2503536890,40.19672043144656
1879769781,40.147969540835604
1433365913,40.09710320600033
1932595365,40.08332198389838
1433263533,39.94966168694938
2093955261,39.89390369898791
1432828334,39.84516844486675
2093085452,39.78533895296455
1879908695,39.67020780968653
1433706647,39.6395783414427
1879900895,39.547564885197936
2502541615,39.46339992106515
2096253264,38.93183068298085
1929317141,38.875948979470984
1433489530,38.70966521544196
1879138491,38.64302897608206
2503221244,38.51410227662531
2500232233,38.49033568341607
1439526984,38.435653790175564
1433057320,38.41768943283715
2499370034,38.25596246623278
2499284581,38.17151682306231
2503088435,38.15349015483144
2092840940,38.14310569787518
1439348691,37.853866119544655
2499854203,37.81095819133216
1879865537,37.791187075566086
1434731783,37.75845172563084
1433912694,37.67354456757949
2500943220,37.56116993285593
1434396997,37.36197681568427
1434444892,37.32164208666643
1433114135,37.20350820687662
1439397575,37.19383232462521
1432976944,37.17575499275472
1932527695,37.108777642504144
2092850682,36.97755007861439
2499248263,36.94065517071368
1880437881,36.69932402421779
1427662425,36.55145234491643
2503380130,36.084386611033025
1880457634,35.50641143956739
1433681503,35.41706925776632
1880445050,35.26844834938877
2092803963,35.08339191009429
1879194297,34.67290978088663
1434256870,34.5969647424345
2093072735,34.44530997999026
2500933944,34.284645729666586
2503665290,34.17334438886407
2500605093,34.11519869550458
2501131224,34.03434078243377
1432670765,34.02492682069265
1433958992,33.41438369531836
2503886211,33.25404116429284
2095412055,33.176751176358046
1433644764,33.17453974732344
2503779085,33.13890241289851
2092770183,32.98325440731069
1434427107,32.91447898783478
2092918757,32.82638562501525
1880509394,32.73840124555643
2503470310,32.659608741214235
1932482165,32.10018124947332
1880495091,31.937175424386666
2094675495,31.377255416310863
2092075372,30.973897313458185
1878579784,30.7866088914453
1433378440,30.694568009727043
1433818842,30.31992777074421
1931609773,30.290594396924725
2499718764,30.129496014772673
1879242762,29.992723787418438
1434192330,29.721238994680537
1433182957,29.60262331248632
1879188771,29.509509663230546
1879854952,29.268658516086326
1439548877,28.74867580219609
1433454290,28.31516877006245
1930228604,27.968984922198782
1932587267,27.58744677300238
1933589672,27.30207820719386
1879778661,26.902890774444185
2092982291,26.67233882309246
1930149375,25.375919388547842
1932629640,25.316513733632135
1930929842,24.560138269383803
1427802851,23.86288015476297
1878587655,23.805149791103627
1932518294,23.636128677630055
1930950275,22.728557720513713
1931622005,21.94669893541163
2092005474,19.025364137347335
1434452383,16.14963147766739
2093077187,16.084346875160545
1879231327,14.475135068938348
1930987015,14.323009195190826
2502356982,12.956353940482474
2499414650,12.133496165219752
1930198433,11.974733627609199
1930991543,11.965018516983173
1434155354,8.846026859082848
2091212702,8.452324093147594
1933495237,8.232627119313955
1930146071,3.4529143689210273
