user count in community:1395
Topic id:5,Representation:0.5697902818036025
userid,score
2095383675,155.74755431754215
1434635635,155.71555390295097
2092836355,154.89825659927433
1439597407,154.68095010222277
1434596923,154.6683125516103
2503180127,154.42427535651927
2502282002,154.16175746405202
2091216573,154.15813640671067
1930187851,154.01561237863834
2501868731,153.80641783348585
2501859655,153.77895658015558
2502635747,153.63361499405804
2093867465,153.49023494047108
1434430871,153.16869431164028
1931604093,153.16307824849437
1931588647,153.1316671306102
1931641727,152.93308011358326
1433264242,152.88439575098153
2092031893,152.87897729256807
2093061554,152.85240295365531
2500527117,152.8159381862496
2501417297,152.77193967339744
2500424603,152.67748818084826
2092857115,152.535968911866
2501567841,152.28990397003628
2500162972,152.26026923474268
2501670285,152.17990727110853
1879147780,152.1773447125335
2502731733,152.14650468964192
1880495633,152.13696513671425
1879167552,152.08829720267775
2499590433,152.07718338790977
2093002063,152.02144706768118
2095362597,151.99651004640185
2499232403,151.85648278571287
2499595081,151.7874095470017
1930199167,151.74056051853964
1878597701,151.64476120507112
1434618582,151.5723130385135
2502535787,151.517757228454
2503717070,151.50504959894658
1930207641,151.44249039192007
2503210297,151.43943804833128
1878603547,151.43353250970526
1880535341,151.43138277510815
1932448024,151.30716640622643
2501094995,151.29937949140086
2500211607,151.25557227811035
2499300257,151.19573243854188
2499631330,151.1799992924412
2502317682,151.1673901553928
1933593281,151.15308371080135
1933511405,151.1401500898172
2503892540,151.11965527950912
1432725934,151.09907351694912
2502378464,151.09002204781729
2502421872,151.04004958890778
1879189547,151.03910613257253
1932453615,150.93882482926523
1879160514,150.88885295112834
1879771370,150.88494904000925
1932638224,150.86783419239845
1930976787,150.78865134512327
2092938840,150.73450487703926
1930140941,150.7133280081838
1880476520,150.71219558219673
1931026637,150.68035098500303
1931688484,150.67538108081266
1934314961,150.64984916337522
2499282211,150.5777892848398
2501690592,150.54129736307272
1931658225,150.5385173688362
2092787267,150.5050643271785
2093007033,150.48540071655074
1879202681,150.46298009125118
2500327027,150.31835527723447
1879844673,150.28015142735075
1932505485,150.2371559978562
1932590597,150.17235597325705
2501703010,150.02556940441139
2091951267,149.97544880810716
2092863863,149.93535346892855
1879831662,149.91387964250717
2503851520,149.85713830830767
2499486102,149.78644651053685
2501894420,149.78110558566553
2502346602,149.749120632338
2499768852,149.74139798269016
2092879253,149.7363660260877
1930183377,149.71967460268505
1879135213,149.69375575695562
1929305261,149.68918796486005
2501963084,149.665567829063
2092825207,149.62826690384287
2501953781,149.57782653256592
1932620974,149.5772824125296
2092043787,149.57597245242104
2091269851,149.57112917656954
1880500567,149.53921983370833
2502469740,149.46972008501095
1932481550,149.41316511366924
2095384362,149.3902295649624
2096252117,149.26565544430073
1933585211,149.1983157654251
2092076261,149.19587628522285
2092908945,149.17791913818874
1930242275,149.10864523152577
1879156897,149.09186201973802
1433014400,149.0679085936306
2092000993,149.01619023726752
2503675931,149.0009539765643
2094584300,148.97460052600087
2094594650,148.97377420245897
1432947450,148.9723173657395
2093084625,148.96913844954062
2095410027,148.94070577538326
2503261990,148.8623525087984
1932606413,148.85463058111955
1880509377,148.8540645583061
2503202880,148.84028671745847
2092892851,148.8355510684515
2096271871,148.7966329310931
2502746283,148.779060153338
2499241432,148.7768910131034
1879856344,148.75569734291338
1879899837,148.73419335978986
1433658445,148.71012402615494
1930216252,148.6802095817733
2094667025,148.65757121061358
1880490507,148.63923921198796
1932466341,148.6025382014632
2499805230,148.57652389861693
2092089121,148.57007166651712
1879847921,148.51859512352536
1932629821,148.51720481539485
2092076503,148.50723128195168
1879886464,148.48000613247305
2500148685,148.47720871809034
1879217593,148.45409174108624
1879149213,148.4516166995291
1930981352,148.44808041553216
2094632757,148.37704377560985
1433135800,148.3594232748286
1427602503,148.32109504373003
2502322064,148.27926515563925
1932642990,148.24834881589325
1879833267,148.19921109509704
2092967043,148.1990784436189
2501166762,148.1917588706479
2499701434,148.11556346139815
1434138737,148.02091814831772
2094656850,147.89113314105836
1879894060,147.8420493984826
1880488485,147.84148318220534
1880483995,147.8275420334538
2503473880,147.79089681965277
1931602815,147.7781372142802
1932622561,147.72720467784575
1880529157,147.71446870253007
2500916822,147.7142841496339
1433430875,147.67699471344585
2503134067,147.65777142005012
2092922035,147.63019337273965
2093905824,147.58145680768746
1930992041,147.5753356451717
1433503065,147.44760694758892
2499218462,147.41008148336894
2503185300,147.31066725491846
1933579024,147.29646872469408
2501854321,147.29239909313273
1879803475,147.27166170330827
1879243697,147.2615665684721
1880500342,147.2229366853901
2501430114,147.17225826870163
1879777331,147.1641443749727
2092084755,147.09081404612817
2093011980,147.08559132445743
2094671381,147.07638167920757
1879826951,147.0695452735977
2092882120,147.0190757969208
1880456420,147.00394070938773
2503084312,147.00192811571617
1434197324,146.92950934102706
1931661997,146.87906117043582
2092080263,146.8618516395882
2095349894,146.86051572464498
1879793210,146.85040417757799
1432836790,146.8175531903351
2501665382,146.79730879055074
1427862181,146.78694012235275
1930982635,146.7848150538812
1933498845,146.78433981178372
2092763133,146.71988266081092
1879878254,146.70068090282027
1931673484,146.67827856318885
1880511843,146.63035502068962
2095464937,146.59550250488286
2501762335,146.5806269743772
2500612951,146.5181237062481
1879803624,146.51258156932434
1933514214,146.50447963619112
1433141692,146.4556177064587
2500973963,146.44644628942632
1880521735,146.43580071118885
2501950561,146.3533578151124
2502047610,146.33987789238364
1879797051,146.32176528142378
1931028313,146.31648309313164
1930993477,146.26623889970753
1933570794,146.26128236494304
2502648425,146.24771146238174
1433193614,146.24311884878097
2500421450,146.23147914463263
2499511530,146.199664566781
1930233401,146.1729684083806
2093915881,146.15218246157576
1930137101,146.1454737558714
1933565513,146.13833055873476
1879230497,146.13707811182078
1931592705,146.08911954430002
1930927003,146.0610342494273
2096272905,146.06042685605914
1932573783,146.0404790218246
1879148511,145.97125670005528
1930212753,145.94491171007522
1879800564,145.9429306603071
1433755423,145.93951574026985
1433639300,145.8590823952133
1931588942,145.8371260985607
1434508174,145.83495379398633
2499491592,145.81795102376537
2503414640,145.81243030496202
2092823411,145.79204191342248
2091956291,145.75869786347258
1434162980,145.75859345347004
1879790333,145.66624469198695
2503390892,145.64747797503267
1930148371,145.6430199591515
1433385627,145.63390407190067
1930247677,145.63251909151492
2499573570,145.6024860594079
1879232271,145.50636017977135
1879189223,145.4916068678668
2503056460,145.4871587187818
2091250091,145.47393729573858
1879184040,145.42462294958278
1434532894,145.4103693497692
1931006322,145.40410017977467
2500167733,145.3376351066606
1879147112,145.3254751762997
2094549637,145.32256800198542
1931638127,145.30637616207207
1434117060,145.2960747932362
2502478215,145.29296395890375
2500203413,145.279964078375
1930937742,145.1744253217978
2502349134,145.15797805554686
2091181103,145.15668255944385
1880527400,145.15132022452255
1933543465,145.11834955023974
2501810187,145.11728049855773
1879841014,145.08947802353035
1930954471,145.0875682404504
2502245897,145.07245368225168
2093018750,145.05108686544207
2501220240,145.05046147044064
1930246051,145.0116090986995
1879188362,145.01115392640386
2096247613,145.00379199150814
2092917647,144.84379774930812
2501716040,144.79010178001027
1432845141,144.73810411587104
1434744771,144.69923531648794
2503381431,144.64340485347026
2502371533,144.61980060812735
1878577095,144.60501626200573
1879840542,144.55727445640858
1879225737,144.5360399715051
1433245247,144.47269107817084
1433646922,144.41091209398743
1433875892,144.4051068966677
2503549720,144.39910661580018
1931691327,144.37789475647077
2503711534,144.3505615546789
2499883642,144.33359665116376
2096187871,144.317471876837
2091273977,144.3121837392208
2091235064,144.2847428026737
1879154673,144.26508026087603
1427851377,144.23722363159317
2503073171,144.20498028467912
1439498664,144.18757709988105
2094676253,144.15077144720473
2092877773,144.1163461700177
2093074877,144.0842862035335
2499655780,143.98502119589764
2502453835,143.9828533692886
1930196863,143.97637973565224
2092815185,143.9600888446985
1930978814,143.944562431599
1879856112,143.88170714397216
2502401707,143.87618871366914
2502498080,143.8704673009065
2502545140,143.83384476518393
1433390473,143.8321148096555
2501244310,143.82014961692093
1932438022,143.80531129983774
2092958540,143.79447956191314
2503916172,143.7828729646966
1933494711,143.77704509377153
1879191701,143.74061551776552
2499225637,143.7377364014392
1930983443,143.67781571136257
1433452523,143.6721134735531
2500895977,143.65985209165882
2503516244,143.61977109981274
2092883075,143.61013575201088
1931640135,143.57003018652955
2091230723,143.55403033992613
2094639653,143.55386075898494
1433039047,143.52269777233138
1879773543,143.49574569657963
2499257222,143.47498270970877
1433294943,143.4640135210712
2091968342,143.44896481126472
1932648625,143.40681528142645
1878575471,143.38833233352622
1930183113,143.34440426216753
2091208623,143.33303004240068
2093088457,143.32769186175972
2501248034,143.32701234946188
1880505975,143.3189406507052
1930226754,143.30274242484904
2501209115,143.30036390721799
2095451857,143.27656937059376
1878594043,143.25694017932688
2501947111,143.2506542207946
1930197052,143.23889561069015
2091953365,143.17625865140784
2500744904,143.17536446713717
1433578515,143.17466144349527
2091993037,143.1697694482453
1879911894,143.1574048954598
2501669253,143.14539432638645
1931617721,143.12585594523577
2094582245,143.10847948957147
1439502590,143.10770170405203
2502452763,143.05305512434853
2093917370,143.03361436623695
2503492265,142.98763395149857
1434491204,142.97480464835664
1879878010,142.93618152260763
1880456647,142.8866359106095
1930249087,142.84988519196912
2093027000,142.84425439795191
1433943210,142.81907099416472
1879795681,142.8173987056181
2092775241,142.81275630565003
1879159893,142.8067692243768
2092058795,142.80513480798436
1880502731,142.77265037115046
2499600715,142.69890058687832
1879796033,142.6625706620342
1880521572,142.65872619509355
2503768020,142.636694815839
1879149283,142.57820781764806
1933516751,142.5702546262383
2093050194,142.5404413342948
1879178187,142.51617471131343
1879172017,142.4798099771026
2500953042,142.46719893909963
1880461842,142.4250064822879
1878584127,142.40622638890127
1433830194,142.36179127826614
2092794503,142.33145797090054
2091239712,142.30920473784428
1880541425,142.25308843525858
1879223875,142.13910332127432
2501780115,142.11425353565375
1931600081,142.10980604808853
2501015290,141.98742025865846
1933540517,141.97418218991442
1433691375,141.9678119265188
1433601890,141.96288995815542
2503151560,141.92798967096454
1880497114,141.90826634070987
1929315913,141.9081698503325
1427855105,141.77565665813586
1434595863,141.72754585256808
2091973117,141.70825523891287
1427864260,141.68432657334523
2500117303,141.67100363993833
1878578191,141.65645835192984
2499498142,141.64707168184276
1931610907,141.61618724109192
2091996213,141.60051409430775
2501749142,141.5899947346938
2095453897,141.51808800505606
2499446312,141.50216961815792
1930174345,141.49028500597885
2091288237,141.43005007164527
2499540550,141.41865785578773
2502951294,141.40619110878026
2503134564,141.3671282100087
2095451137,141.3189318517
2093931387,141.27839367933467
2503427920,141.27705905150123
1930148957,141.21065044797305
1879855724,141.20594007734638
2501468972,141.18538596196024
1932440190,141.17800841734064
1432707775,141.13993916256285
1879887305,141.13064059486507
1433059564,141.1253263169754
1931615354,141.11671944234678
1880495271,141.11131819173647
2500465907,141.0949706673073
1880532087,141.05868388322483
2094605064,141.01523916920542
2502007812,140.96463159537984
1931695150,140.94243073199837
1878603625,140.86509280263806
2095437317,140.85700321196447
2499815750,140.85161241672483
2093876592,140.80126978127055
1930145571,140.79955457674527
1434278044,140.6741354301037
1433385411,140.67331658351168
1427836754,140.62651063553466
2091230624,140.617759606342
2092866367,140.61314625522593
1879793953,140.61197954434823
1930229253,140.6034071214046
1930984701,140.570618568661
1930970327,140.56853854280502
1879894710,140.56288789540136
2092868741,140.52294137676233
2091982001,140.50389344698357
1933531492,140.49420462279153
2092058925,140.43359358759312
2095422875,140.39473766545018
2095434001,140.38107832958391
1880481251,140.37268491799878
1879852660,140.3193579499021
2500413904,140.27883011750203
2092842911,140.2091770909624
1930177004,140.20421935529453
1880441331,140.203278148691
2095378004,140.17475437886674
2094582137,140.16573689390253
2499247044,140.07014115905957
2501005770,140.05717390913995
2095377410,140.02380343451887
1930226962,139.986060106225
2093860037,139.964731216072
1930196033,139.91351344197702
1932459477,139.8797975155002
2092017483,139.7233060729128
2503632677,139.65460210860843
1879838747,139.5924052610485
1931691605,139.54078521602838
1427722133,139.48401778532246
2501761493,139.43856936072268
2503506700,139.40738827223004
2503605217,139.36827787865894
2502656582,139.29352235614408
1434542493,139.27305163457046
1933522340,139.2507014092613
1879902582,139.2506955120997
1879882734,139.2378698951614
2502282840,139.19187146809557
2094568234,139.17380278279762
1931594537,139.10460167669467
2091199193,139.10352955068325
2501886724,139.0754503878612
1930170022,139.06937162579493
1930239843,139.0622997246857
2499476163,139.05595364631364
2500824484,139.0256930490797
2501728871,139.0060108791467
1878603172,139.0016971273819
1879813337,138.9747021569956
1434471061,138.94548194920213
2500809501,138.89975895559715
2502265414,138.89819610023807
1432645403,138.8176811457216
2092907515,138.8162898270912
1932629414,138.77267731285414
1434339160,138.76484498346113
1930215614,138.72167363698398
1434428723,138.69637727175717
2501491620,138.6719783717487
1930954015,138.65177253546457
1434301931,138.65126792637616
1433636373,138.6287472689973
2502231512,138.6255716679975
2092088127,138.62158522727844
1879169997,138.57096372616837
2502927371,138.54711597100035
1879773570,138.51138773065253
1879194432,138.48982410994572
2503385734,138.42805201798137
1930183927,138.36915777869007
2502326242,138.28772513458622
2499818804,138.22167755958836
1879146780,138.21155128213366
1933501687,138.14627650368334
2503819547,138.12704297597577
1930943243,137.93583106734656
1879189522,137.92791723507776
2094604510,137.92245531497255
2501262454,137.84556738299486
2096257452,137.83102738815944
2092836372,137.8181107661653
1931622151,137.74977700882727
1879843533,137.73353273146725
1879822001,137.7031326568875
1932611027,137.6963357343448
1434383341,137.68556780658557
2094687982,137.66334670966035
2503786723,137.60610046966693
1434642433,137.57540778195803
2092013871,137.55507802686458
1880526177,137.52587444094397
1932490153,137.49643292255814
1879214795,137.47164743954997
2092893880,137.4577287439781
2502168854,137.39979762615712
2503630092,137.2998144999681
2503520765,137.28503299761454
2092954843,137.2040410029318
1433032790,137.10031207238802
2096186462,137.01879838218196
2501979142,136.99577627010137
2503456083,136.89239438298307
2503629030,136.844362912299
1879775944,136.8134979002263
2500506442,136.70747765728834
2092894141,136.63876289515605
1932461261,136.61443930738193
2092886751,136.58590062114203
2096244485,136.58573663596871
1879912241,136.54923319096335
2502042364,136.49029192739337
1433442071,136.4864284629176
2094552514,136.45201726852872
1932641025,136.44292566850578
2501272335,136.43972346814775
1433025417,136.42629256235358
1933548690,136.373743812121
1931635527,136.36975689077957
1930994834,136.34613920059704
2500265754,136.32079672221013
1433207191,136.2897909951378
2092777021,136.27914131112996
1933511781,136.2464778039116
1879835940,136.19018024937847
2500851610,136.12660744585747
2091271224,136.11515281184586
2502948892,136.07676546213563
2499426904,135.957347088711
2503716041,135.95513129740812
2499212230,135.93437237072783
2502125320,135.8875953520514
1930148211,135.86450946981643
2095467261,135.76826152501255
1934306281,135.68656857212596
1434559071,135.6739677875089
2092866067,135.63423188296508
2092871577,135.62903855342654
2501661824,135.55043308007194
2094630197,135.4594835803115
1930148935,135.44714394075882
1930231971,135.36802230060118
2501578225,135.34227883780807
2500838150,135.3422659100722
1931617462,135.33599071134012
2502274783,135.32701982349798
2503841962,135.23650689334215
2092895481,135.20016038278968
2095400011,135.1768211564778
2501508910,135.1740729373958
2499701364,135.1691762936264
2502339012,135.131096105012
1931018977,135.12049890328467
1932499622,135.11225965738956
2501052660,134.99993458491213
1434599762,134.94951216823753
1434767884,134.93543321767032
1433697001,134.91934441911218
2499585657,134.817942954342
2091268024,134.81024345727946
1878587204,134.73747741604546
2091253535,134.72878621479018
2501254685,134.72203804343187
1433781027,134.70316066581347
2503700332,134.6791174523082
2502788671,134.67517425458834
2501978697,134.66103245268914
2096227567,134.64180596184724
1879823803,134.62102240490972
1933541191,134.6134747988876
2091201194,134.57794020198784
1879189555,134.51694879961926
2091955353,134.45948111455286
2500514233,134.45093835293804
1879854537,134.42221693146126
1930940712,134.36544681837626
1433066175,134.36055227277652
1930940603,134.34356469264915
2092999530,134.29763754746796
2092914461,134.25956665419162
1427672811,134.2482674033242
2501573564,134.23911559775124
1878578874,134.1425489063004
2502291050,133.89550725494908
2499670265,133.80756986405115
1879808512,133.805255676123
1931618645,133.71504337133672
1880531015,133.68993919814295
1879816440,133.67001210849645
2092019887,133.63236462110302
2499458864,133.58630555060483
1879824454,133.58402821708293
2091204570,133.48868425605707
1433302311,133.4536939375552
1879863864,133.4380135726298
2094620071,133.42404579294904
1879899142,133.41405361610435
1879176623,133.29484741372215
1879165430,133.26977044697824
2092766250,133.26823758540667
1879866563,133.18794716095871
1933518550,133.13129650448226
1880472232,133.0635096619091
1931010185,133.05201266575384
2503655660,132.96895639092503
1880544120,132.9634387366495
1879172691,132.9449150911803
1878587053,132.93389685347466
2094616277,132.89800336660224
1930164693,132.88061020323664
2499453160,132.85888617597718
1880473641,132.8119253322457
1879154335,132.79663016525166
1932541354,132.7456495306486
2501517224,132.710859219564
1880504634,132.68944895457398
1432637681,132.68044341280634
2499716555,132.67637784343648
2502267942,132.601202510871
1879872130,132.58778520622602
1930945727,132.56007147117836
1931639002,132.5440505331793
1878578405,132.51772658041367
1879903312,132.4946679821246
1880507394,132.36317329835745
1433277003,132.27170688918974
1879855071,132.24159525283858
1880445213,132.1862724419174
2499651060,132.16082854440276
2502980641,132.14430048099
2499529310,132.1021404050271
2500243340,132.0879077036128
1930973711,132.08324985078832
2500561363,132.04791086877802
1434206133,132.0041135766108
1433162625,131.95339168961277
1932633181,131.9403793665603
1932519405,131.89867199575548
1879794900,131.8689795654452
2503779154,131.7362529605152
1879878690,131.67347692515992
2503868812,131.60672774208666
2091237282,131.575084191657
2502267454,131.56951245356996
1932612563,131.56719438095075
1880427754,131.4486382002459
2095346133,131.44491362293834
2503130940,131.3649730238114
1427772923,131.24995338024908
2502082510,131.2383650360849
2092848075,131.23559273554406
2501179443,131.21810013206724
1879138273,131.19736151727793
2500298964,131.13510669484455
1930217913,131.13476937387802
1879184551,131.1338877752886
2501802401,131.1310447136053
1880536880,131.12711107296363
2093870940,131.06560512659846
1879183555,130.99524614704345
2503129437,130.93964960023058
2503303150,130.92692773385107
1433546934,130.90803944912793
2096236307,130.90350635992135
2094694375,130.88362092656243
2091225392,130.87278218013992
1434682553,130.83213538810222
2503702802,130.600812070264
2092022200,130.48252150451236
2501957217,130.4388345485523
2500845293,130.3977077006422
2501412210,130.24029945511055
2499488215,130.2132825481418
2503523992,130.14614668037694
1880454443,130.13514081910205
2092018555,130.08996852099628
2091199825,130.07215856760573
1930241843,130.01124156575509
2092064013,129.97243610856063
1434720681,129.9426214288875
1879208353,129.9277628365816
1931643020,129.87181960355989
1879780801,129.86467309993503
1879836104,129.8458205068754
1878601460,129.82816258689357
1880478483,129.82280724314893
2501899404,129.808345236554
1879888392,129.8011447042982
1434068273,129.80016288231386
1880496345,129.61447398351572
2091188577,129.61163216652318
2091949710,129.55248401477255
1879890132,129.50550228456146
1879909085,129.43470842919896
1930994542,129.34003765542604
1434531197,129.22107360637457
1879182725,129.2191663197646
1432633995,129.20403821552947
2092087163,129.12989865164934
1879843095,129.0472998824464
2092928521,128.9883154365645
2501843601,128.94466161867197
2092937533,128.87503047821028
2091957401,128.87397657259393
2502086472,128.85829745432687
1930172151,128.76060391649565
1427652811,128.731882529958
1933516660,128.67804655344838
2499330552,128.6470591351357
2500390413,128.57086980038198
2094640780,128.43671197314646
2499416981,128.41065716335643
2503251084,128.37580177858945
2502113181,128.34902543058521
2502215800,128.33521049473424
1879206022,128.31035906527507
1879217103,128.23742483585767
1878597327,128.16594756628456
1427864823,128.1567708188389
2501456512,128.14711047264822
1932548213,128.0990385849003
2095366027,127.95487594296903
2093858032,127.94320983319055
2501833491,127.90619018379165
1879861984,127.88117430112544
2095461623,127.64069886063852
1434384562,127.61440030185086
2091253857,127.61230318101731
2095392045,127.60947744596295
2501120651,127.54484321808037
1879154971,127.46187768054567
2094597364,127.41803580789299
1930947453,127.37605362808677
2499823914,127.276512051503
1879815304,127.23846287985756
2502802372,127.20236546271751
2096207725,127.17805310228566
1930955204,127.16837393303476
2091262507,127.15041654239201
1931665035,127.11386553735065
2500895150,127.0681516208702
1879146547,127.03046813291166
2502481820,126.95113861559716
2499732414,126.83812595587163
2502105703,126.78214901523005
1930203374,126.77701752536983
2093011210,126.73468615933587
2092752310,126.72799768367035
2092773853,126.72668033663606
1933543885,126.67924416502642
1879889052,126.6603740072938
1433630363,126.64321776329989
2094643294,126.41684899473664
2501034280,126.366616718911
1930228001,126.35630919307721
1930152335,126.1928935253191
1880495650,126.07553628041472
1433168190,126.05341907864947
1880538765,125.98763558742097
1930215635,125.92475919597707
1879125695,125.84052976531811
1879147434,125.8156038275222
1879220197,125.57520922848714
1434495821,125.53940407873226
2503282622,125.5094485551224
2091210382,125.44517585743347
1878580747,125.33101784743748
2096208345,125.19893700919515
2094564307,125.17197788112767
2092861690,125.05312800782741
2092804167,125.05248634010898
2095364133,125.02225759878782
1879152944,124.99175929844672
2095416015,124.97942387059132
2500959423,124.96908303292724
1930975947,124.94435064157638
2503892845,124.92971360797911
2502502294,124.91177342777576
1933510183,124.89966741646828
2091194191,124.85511783142275
1880483660,124.81947052139779
2092848397,124.79282158543982
1878603877,124.751165403275
2092878885,124.71318973829507
1434476403,124.62904499738603
1434101331,124.36974922617279
2092984265,124.36659401445489
2093962521,124.31439509015125
2093911634,124.29647658840472
1930203011,124.28446470373834
1879156917,124.2789299920032
1930989237,124.15104623760607
2502599653,124.01359535268179
2500453793,123.80177309636719
2502529801,123.79815808358997
1433960787,123.79583385390094
1434190651,123.74637830575368
2093883525,123.70443985904373
2503233495,123.65017601145544
2093876511,123.62758838176582
1880526614,123.60715829096004
2499291103,123.51837243674586
1930992352,123.4961742265779
2502636654,123.48329447961338
1932591405,123.42980107031433
1439659294,123.41078053323156
1934297007,123.39677902943444
1931602441,123.38110439884429
1427816602,123.32813018876709
2502076602,123.0374663602012
1434474163,123.03168235603177
1439514351,122.98655059280303
1880511241,122.92638426173477
2500127067,122.8556209618958
1931593950,122.79519968208199
1931686503,122.72521171853474
2499249480,122.70572057741467
2501450034,122.68770831430538
2500289660,122.50369133769938
2501965344,122.44146420091651
1880511160,122.4133730768111
1880517807,122.33949956404925
2095346027,122.32171074050781
2092049037,122.26760598275247
2093080013,122.2632460856472
1933575795,122.21627719871299
2502318014,122.19139508132153
1879840017,122.18383472743142
1930170175,122.09408427269224
2499497915,121.98548822897918
1932500973,121.979107174665
2501763224,121.97004130129787
1932476351,121.9333957294019
1932590544,121.86936563669317
2502729377,121.83943771106863
1432603415,121.80346696264262
1879187432,121.75533795907043
2092925490,121.74500416440212
2503887320,121.7076580116662
2092834487,121.69625158322583
2502093972,121.63740404159866
2091961791,121.52097638874908
2093042550,121.51223424184957
1434342830,121.46610448791016
2501356707,121.423587859308
1880483700,121.40447675001155
2502775600,121.35086200239145
2092781801,121.35051057444174
1879894654,121.31272513038513
1931625055,121.20379012098539
1434558484,121.1089928957121
1879800233,120.95145212855034
2499576032,120.91654284129898
2503362361,120.89463986799842
2503060941,120.8261222497522
1931028312,120.77360641404532
2501063052,120.7465927126634
1879237643,120.65236453075221
2499459190,120.63340959677136
1931662031,120.60929105925858
1433504873,120.58484928559811
2503374124,120.53084964297578
2502123624,120.5049935804259
2093050600,120.49273947071863
1932623811,120.48789170942639
1880526357,120.14364837658685
2502245990,120.14345571265603
1931641962,120.06189607743939
2092959707,120.01339216481401
2500221872,120.01285149110562
2093960770,120.00899631218988
2503618484,119.97678339720406
2093086613,119.9723154537883
2500119065,119.92281087079856
2095412565,119.92117566228553
1931608954,119.89266640029528
1879227840,119.76399781585316
2500104713,119.7129107551342
2499783320,119.70218521565474
2093047690,119.65680250567121
1880433130,119.64953680834854
2499257907,119.61213105849811
2092951443,119.54924650325671
1879150325,119.47336316699659
2502183104,119.46986240252451
1879788453,119.3223482441983
2501155181,119.31892306438122
1879911255,119.31407901103235
2503653185,119.2996657711367
1932499717,119.25265668257097
2096222302,119.23956776867684
2501286622,119.1967716228072
2093970330,119.18690015765226
2092926813,119.16202112943749
1879845685,119.10700027977926
1933600554,119.04247926980253
1434641584,118.80692892600688
1931012001,118.79300931652095
1934297260,118.66060379112095
1930164047,118.55401186295121
2092860551,118.49376389245832
1879836837,118.4410877223934
2095382143,118.38992843832511
2499205031,118.27993266647319
1879161280,118.26268063248699
2499302703,118.25578892902864
1439482372,118.21961655970848
2503329080,118.10919018876247
1930969434,118.0353624359137
2502332847,117.96854922835143
1930219773,117.94711880254013
2093937187,117.89305134170773
1878589487,117.76768551613681
2502313740,117.64793216691614
1879818790,117.62228865095435
1931664044,117.50868091018769
1878579845,117.41649084258417
1879130510,117.4048437508282
1879802075,117.40190978990083
1433570441,117.22323626806816
2501937211,117.20361390659892
1880508490,117.10293042952163
2501404785,117.06872733421935
2503371853,116.96219061039785
1880479131,116.89632866129679
1880507833,116.84449280267226
1931017420,116.77455070954619
1879796645,116.71939858897295
2502277934,116.71358142186186
2093923470,116.68641954838336
1879870332,116.64895643382872
2502237647,116.63449858222886
1879769624,116.61040824774405
1427591573,116.59660062982375
2095409990,116.5429211409952
2502694877,116.46418672493044
1879814690,116.38055977893747
2093918845,116.339913121026
2499305347,116.31914997658214
1878574214,116.26219556150694
1432702731,116.05703213550638
2503722825,116.01288398736553
2095393265,116.00841633980666
1879241701,115.97192878694564
1932601025,115.95321098052439
1433703774,115.92539785278503
1931636617,115.9225625837247
2501241902,115.7045044057371
1879811650,115.69758087933715
2499874662,115.68737375405108
2501216275,115.61447711912304
1931001297,115.60175853623528
1879202085,115.5418304042868
1879248523,115.53904516404567
1878600987,115.53378689920024
2092997547,115.38913278947042
2503570454,115.32327246720197
2503382911,115.2984388188881
1434350237,115.2854799122019
1879877182,115.13774779187055
2501977282,115.00598165004084
2503819890,114.95370790014155
1434636037,114.94741156871206
1433133782,114.88863162143842
1433859440,114.7353088997921
2499299800,114.65689305947002
2503619083,114.46930973701313
2501308223,114.46205282921444
2093089071,114.4191204294885
1932504094,114.31790877175432
2502636050,114.22560246230533
1931619820,114.11947690221604
2503273750,114.04021665560276
2502486533,113.99513270878751
2093896111,113.97324776708236
1432640924,113.93121186086516
2499531205,113.93090067516124
2092948962,113.89890367021692
1434130427,113.86848083038237
1879836814,113.85444439801901
1879811890,113.85139957974465
2501296824,113.80165407492899
1879168147,113.77405123663345
1930986841,113.69543403974751
2096230544,113.69391524496746
1930959933,113.6344466293696
2093980440,113.61217459726323
2503187830,113.60259311819205
1878596164,113.55204539295815
1879208903,113.30911337545902
1880436792,113.29240216893574
2500266087,113.23170048774901
1879811465,113.2064778831093
2499543057,113.19298510262237
2503275000,113.18562586540519
2091237704,113.15218236230606
2499655133,113.04166794698489
1930175854,112.94055456145868
2502943682,112.76412058169603
1439321142,112.75182901475335
2096270973,112.6746213340314
2499206293,112.66823493238806
2095352751,112.6087223784162
1879780590,112.5995568442839
1879137674,112.54593597862497
2503608270,112.44243101567092
2091265383,112.39991512507697
2092860614,112.39234892058408
1880511635,112.29146118848341
2091223811,112.14811640538302
2091948333,112.09137645633218
1878598662,112.0859880652138
1933519420,112.07177569160875
2093023244,111.98539671340025
1427751365,111.96848655816027
1434314877,111.86405450450903
1879202903,111.8158567803945
1879896024,111.73664412200742
2502296224,111.63106540566392
2502376575,111.61032021017448
2092771202,111.59226548390684
2501183215,111.52511706177103
1933555950,111.43672181744655
2092841470,111.41342935130085
1879810662,111.33144140728744
2095432621,111.32541613331195
1930147935,111.31774446939117
2095350585,111.3156744716805
1427784422,111.2059909174539
1427620683,111.05610588097251
1879203352,111.02803712867171
1930970155,111.02052781695707
2499230603,110.98480811026762
1879835704,110.94774417415246
1931629201,110.87472404035485
2093922924,110.84091078714891
1879237145,110.71315379620057
1433246401,110.62696404462812
2499382070,110.4777613354812
2093990220,110.46445452445978
2092912684,110.3906846876406
2500793294,110.3821244847961
1439358383,110.33284490132698
2503197992,110.13576441818181
1933546200,110.12204485410378
2096243505,110.12089483570261
2093907945,110.00876041719945
2503052112,109.97398278424865
1931001041,109.86997898031895
2503538754,109.85536354589473
1879823771,109.80182699111884
1932457174,109.7805742785985
1433583043,109.70894095204828
1434618061,109.65764672096971
1878587037,109.58862096124841
2502235563,109.50248239427162
1434222243,109.44469822073313
1933597771,109.23521211544015
1932567225,109.14370918820956
2093009913,109.01815612568858
1433991732,108.92058511157015
2500848271,108.86462329672278
1879194397,108.81732647705716
1931607622,108.77810802602015
1439599741,108.696166067809
2501369984,108.52236391632805
2095413343,108.50665156360057
2095352311,108.1145832947141
2502985382,108.09148572291055
2092024830,108.06839318351082
2502501430,107.98718817232897
1879776741,107.9617310791767
1932535815,107.83456996585087
2091963553,107.82953837237787
2500916855,107.69832680224432
2503539557,107.63718104465968
1930940280,107.56708201231825
2095439572,107.4109855965899
1929311842,107.2132687524202
2092970917,107.15198595836178
1933521451,107.14571095954219
1433800261,107.13359415676268
1879832213,107.12670871671718
1879224677,107.07600223204417
1933564375,107.0660940853138
1934307130,106.98823772818032
2503922830,106.90157910857337
1432684130,106.66704289946166
2091278312,106.53620137978567
1930166677,106.39668297512532
1439411820,106.35221980211716
1879217553,106.29652024226544
2502168522,106.28351095130293
2503244174,106.23860350938392
1930181673,106.16257945648101
1880452565,106.14735968904272
1934300257,106.1385713360247
2502858837,106.134754624762
1434250440,105.92505393123764
1433075185,105.90333832699565
1932463507,105.89951787467959
2501775000,105.85571420275033
1434258574,105.5515441269753
2499588640,105.50363306363845
2502287237,105.44446926401994
2500933895,105.40508873534526
2096200262,105.31987453501361
1434470915,105.31835814022412
2093049863,105.22306905746537
2502545480,105.04858212287695
2501287882,104.99141383974722
1879782824,104.8082618481884
2501326262,104.78278816729271
2499763604,104.6434358622488
2503718010,104.53645494844092
1427886984,104.53055499054807
1879774842,104.37272952261766
2500980572,104.30613654849948
1879833644,104.25093687064633
1931670162,104.17266862097662
1934319970,104.02724049949668
2501848772,103.88389515157841
2500910092,103.8097737976187
1879812770,103.67246992393733
2502571032,103.35249825725103
2501198700,103.26410831625039
2501276130,103.1794988531409
1931648893,102.99027496084805
1932563855,102.9058573015118
2502617040,102.89550244585196
1434221201,102.83268259513677
2095429141,102.69197725905829
2502635175,102.56304917786461
1439369912,102.3992342820542
2500431790,102.34565692242354
2501083502,102.27610255830906
1879884063,102.25492613408132
1880513295,102.16984860103989
1933587081,102.07522780043733
1931617017,102.01616412442534
2503500327,101.91850674059292
2502445865,101.87974516006716
2503876297,101.83479492602122
1439414435,101.70342583947348
2502505582,101.56189684872828
2093946140,101.55622532933
1879893545,101.45256503874035
1931689031,101.39020835384677
2499633757,101.32397135108556
2092767931,101.30240234566747
2091984675,101.29389488401122
1879214501,101.24567030860693
2500809400,101.08107098000237
1878601291,100.90558291253673
2094584252,100.7154951329536
2502219574,100.70834002882926
1933514080,100.67290987787021
1930933573,100.65614095575964
1433881343,100.65233658421393
2501969262,100.4582783632602
1433733834,100.25085430531422
1930226091,100.20394308371384
1879773321,99.79606607223957
1427654367,99.20759247045062
2092887923,99.20208372822961
1878589562,99.05058196751847
2092971594,99.01785842667579
2501044013,98.99519813188633
2501788375,98.85023916549247
1879908023,98.61251426747198
1439483001,98.369353885263
1434096183,98.28624302620024
2093952365,98.26828256925592
1934303255,98.19108855822579
1880518163,98.18283928791773
2500736950,97.2483502705106
2503261852,97.22815988511482
2503260092,97.19069676892693
2499206154,97.08295581902655
1427755310,96.94043959933133
1879200495,96.8279722112845
1879795914,96.74430074362796
1433739244,96.2539349711803
2499393542,96.06887646915966
2500304223,96.00276698360119
2502308657,95.94984109192548
2095336380,95.80426616140099
2093930581,95.77199165669593
1427689630,95.67367199465545
2499671352,95.63857681702252
2499655397,95.59266920803357
1879902430,95.52450378970997
1434764827,95.49018095031418
2502520590,95.32687431090014
1432804503,95.32603260224344
2095353173,95.31163953504019
2093045167,95.27760802313259
2501409150,95.13092796610329
1933595357,95.0850658106651
2093956967,94.9528880456488
1439427684,94.87756803357661
2094641831,94.83504950077382
1879814304,94.81700812701943
1879825524,94.77808784011307
1879798201,94.73806638339627
2501512930,94.54740051558308
2500270590,94.48299775037543
2094656613,94.41983389169373
1879151463,94.13296348405194
2502987530,94.11446056057731
2499885794,94.11300515004055
2095399191,94.06990999404712
1879183745,93.70432867689036
2499282703,93.68852741338421
2499500162,93.58068231953044
2499313540,93.45767122176933
2500409523,93.3344314429448
2091963423,93.22079888577557
2502634473,93.1346034562354
2501049334,93.0358441831896
1878583483,92.61827899760794
1931636420,92.60334084471602
2500594534,92.50999943577538
2092054787,92.50342881801402
2499802124,92.36682019417881
2094612804,92.35819225178389
2502238784,92.32977324708595
2092886003,92.31312656779816
2501235352,92.00486215474915
1933492860,91.96188773454246
2095370287,91.92430946723826
2500410693,91.8207987125717
1879241994,91.69084245182906
1880485512,91.59570115276355
2502985532,91.52480945395132
1879771185,91.30471259835271
1930156655,91.27051879834441
2503465050,91.17479379776748
2502662673,91.03331019666005
1879776943,90.9143574083122
1880488220,90.66273188636767
1433313887,90.65525011604984
2503368450,90.63290946928461
2503257965,90.60591281313556
2499323777,89.99465014992903
2501268972,89.88737822100369
2096268040,89.78062773080724
2499530091,89.76073274274333
2503143945,89.75625896375173
2501984814,89.7493262991601
1879865277,89.74031140959853
2503792674,89.68091769124709
2095453584,89.62705754668478
2503833490,89.58918106483603
2503725854,89.58880742539529
2501883342,89.47040874490072
1433710197,89.35265375185917
2499704044,89.10284871918336
2501387574,89.09189717819424
1930166371,88.95843429124484
1878598725,88.86082267711127
1433466075,88.58106090886875
1934324887,88.53446336528384
2092832394,88.48337218532602
1880448233,88.39919682378934
2095419411,88.25620235312248
2501305902,88.14765707020041
2499459012,88.1109196532995
1934324013,87.97013873479808
1930954185,87.9501661324767
1434597257,87.58522023490204
2502849382,87.3003262004642
2500869874,87.01807900920082
1934319431,86.5506319199862
2502802233,86.28532469543482
2500174963,85.57203803252956
2502844741,85.28225342593933
1933501874,85.28172224476452
2502114942,85.16085305837095
1433714624,84.39691995447076
2502073357,84.3595954840108
2092055271,84.34082124765588
2503412784,83.84916135672599
2093958040,83.37449311830488
2501791630,83.36578920126833
2499470433,83.100402880412
1932615813,83.06495114365939
2502590442,82.99612119591505
2503584952,82.97731450534172
1879172645,82.55016965896081
1934307945,82.44683845771428
2500325924,82.3369497173434
1931690022,82.1637269310879
2503573112,82.08919663436728
2503638252,81.76021629557034
2501465292,81.49676956306939
1878584871,81.27262954924947
2499552123,80.7035192158621
2093057597,80.28416570341462
1930950261,80.1853223986326
2095441474,80.06841490367476
2503588050,79.5681371987305
1879149223,79.45623517006635
2503380151,79.23517877313583
1932460174,79.1811605944652
2503772045,79.06477842988733
2500157837,79.04151030591565
2095468603,78.82132366793553
2092846763,78.54980105324414
2501207730,77.72422768422807
1879778934,77.64024345500773
2499729510,77.56529277401438
2499606560,77.36794119805309
1878592084,77.25157227208095
1433201810,76.90814135982455
1879853294,76.6420026515299
1933510842,76.62939509945211
1434432584,76.62559425631896
2499619937,76.34797699858842
2091253151,76.01483927530856
2500414825,75.19299267760962
2093929672,75.13391524494324
1931658407,75.08803306423307
1879888574,74.90754500062131
2502913592,74.51743410368786
1879791133,74.36327512180326
2500971053,73.45091959942675
1880529565,72.68336540333296
1879768393,72.20062237522905
2095350227,71.66939456287882
2500106844,69.93991480452055
2501479774,69.48380213350337
2091222152,69.44889634099745
2095407205,69.10104532255866
2092040984,68.80311106551196
2500440344,67.94234346937293
2501169814,66.88051259539412
1434199920,66.49381015202155
1879782090,66.48557552165367
2502914017,65.95820354698813
2092026823,65.0173683801292
1930966252,64.17562310710659
2092779621,63.31032952080438
1930169244,60.66435991112704
1932495682,57.37557718717123
1434452880,55.36573558750721
1931006080,54.87859394370541
2095384984,54.231496014913404
1427808664,53.27395162392495
1931005652,52.96590730689073
1879858124,52.17325858779147
1433562390,52.10646620182091
2499252035,51.10475312963769
1929309083,50.30199000712231
2092872161,47.620490932992865
2092888355,47.22693695242686
1931639655,46.16206887501767
2503296557,45.48950234038494
2092856594,41.925139804164836
2503153094,40.615774523012675
1930234011,38.94181075215201
1930227130,27.909913530920957
2092011654,22.557538006177055
