user count in community:689
Topic id:4,Representation:0.64340328648262
userid,score
2094627935,87.65783321628996
2094673267,86.19946919849274
1434581652,86.17282490630068
1930173631,86.1497258692775
2503210194,85.87554848858855
1880471054,85.66477145371505
2091959265,85.62038526041252
2092890127,85.3473981763371
2499678684,85.33686480562639
1930204877,85.3353152609663
1879192935,85.24497881810714
1880493903,85.09218830981915
1932580627,85.02972933902676
2502149597,84.93077353592592
2092937872,84.87359822138848
2094699383,84.76907883437713
1879179653,84.75724673157585
2501825024,84.72212831992576
2500467523,84.63794874984559
2503747125,84.5714954084413
2499531142,84.50165517989005
2501807717,84.45864424201648
2094564717,84.43674032337098
1930189230,84.4032270849614
2499674857,84.3020374537651
2092951260,84.28256727617942
1930145462,84.26584623033212
2502701871,84.13286780906365
1879858742,84.1042272768543
2500313667,84.09357923709332
2091196300,84.06017959364162
2092882334,84.05137857035913
1879172363,84.03228652750416
2092879140,83.97374308695174
2095392941,83.77678866410345
2503457482,83.74795987260626
2502886265,83.72039517100198
1879801145,83.66320519250574
2503583964,83.59531478575026
2091258865,83.56466125804069
1879832175,83.52959910885096
1930243914,83.3808774114359
2095377207,83.33364249189428
2501233234,83.30155094509793
1932444720,83.18086513010813
2093860541,83.13168147362691
2502132763,83.11596031506217
2092932207,83.08140066433727
1880481584,83.04618893233898
2094579473,82.99352032738645
1433077095,82.94821314698468
1879883790,82.72278402535385
1932543735,82.68230330855094
1880495234,82.4811735568458
2502186100,82.46338963203176
1931693192,82.44315728034607
1880469415,82.43474825916358
1931588805,82.41241972322455
1880471224,82.40312723811606
1930187510,82.30613778408956
1931024295,82.26000397093799
1879248323,82.20043293048465
2093901271,82.1966913968257
1879792035,82.1674060110399
1427772955,82.07973753275321
1880456667,82.04662407336284
1930940482,81.9918597566142
2502567325,81.97856375916453
1879146065,81.7914394219997
1879843121,81.7880495609929
1930236895,81.73699733119356
2092022860,81.72993752641212
2499650720,81.64256824460014
2500108472,81.60238361460989
1879197517,81.59748088119579
1930171180,81.57350635152778
1930960724,81.55973435134842
2501600630,81.50618899229936
2094657533,81.48340750376852
2092075317,81.45741797563836
2092063881,81.42696736109447
1434670014,81.4185590802172
1879786531,81.41285261739247
1932518693,81.36307775877667
1879855174,81.32737246833429
1934295297,81.3243403541683
2503719755,81.26479822150877
1434682307,81.25078043390585
1933498127,81.24708854899954
1932505922,81.23935758453577
1934318625,81.1690173833534
2094679125,81.16619418282433
1933514202,81.15372757214372
2502773247,81.1487779890961
2092802794,81.07313560258397
1879132660,81.07025664237304
2092833523,81.05291882995884
1879163861,80.9673886164851
2091276900,80.90551072704947
2092915727,80.86702730937982
2094556274,80.83321895370464
1930141335,80.75892755191377
1880437117,80.69951073494165
2092958110,80.63520346631299
2095430460,80.54306088753383
1433648293,80.51792499376471
2091968752,80.50502421845907
1930185973,80.46202507047771
2501519087,80.30544968418988
1934299325,80.28735861054334
1932637814,80.21520351313325
2091998140,80.09724861754184
2094636725,80.0873463972465
2092090004,79.98999513837568
1432681345,79.97301841865342
2093077203,79.92635635109184
2501916985,79.85284277061444
1932518852,79.77019782772379
2092910584,79.76815758874768
1427583973,79.73685925802519
1930996373,79.72701895782635
1929306871,79.70967427178253
2091993834,79.64707662233022
1879131453,79.64407128945872
2092773100,79.58851352304369
1879862882,79.55681436957332
2096273465,79.48353493593133
1879201637,79.46968837731932
2501842837,79.39569795404506
1879161394,79.37052526023203
1930167294,79.330560423253
2500986093,79.25304301522738
1434394701,79.20352705955166
2092848203,79.19278300601597
2503596362,79.16874692923847
2092845305,79.13487863730147
1933587957,79.12063129831658
2500306681,79.10570342739405
1879783317,79.05737557024008
2094622895,79.04523423298498
2501661277,79.03941086692328
2095399291,79.01385188957303
1879199307,78.9726267240298
2092797621,78.96647894572013
2092878423,78.83561210113736
2092842021,78.76483864631238
1879884032,78.7448862766684
2093057384,78.73855136498855
2501896081,78.6963647489447
2095495454,78.65407676509014
1932516144,78.60442836687851
2500389553,78.55659813718385
2499275172,78.47704753079496
2093863851,78.47413249034173
2499437350,78.35868114189641
2093070470,78.23063324834257
1932461307,78.22550469482063
1879775220,78.21500879790581
1934312535,78.17013316908617
1930140851,78.06162462180578
1930217094,77.8307730687151
2093932195,77.80736249570366
2095342411,77.76552547545174
2091998693,77.75498226533361
1934311132,77.70138018234586
2093932767,77.65935797223469
2499533087,77.54373605331985
2092930242,77.3203935259152
2500347237,77.26910441003879
2503674523,77.16704425451326
2093973217,77.09507312836355
2093012983,77.08946260547546
1878581055,77.07991408562845
2499817550,77.05328421013456
2501357973,77.05260182039711
1930215862,77.05051303035532
2503587865,77.03861843474598
1434152683,76.87395204402948
2092902285,76.81101987993983
1434271175,76.80130639193851
2095437083,76.51789149061005
2499669922,76.42063860391933
2092835073,76.39811403570043
2501551951,76.34279277996797
1434624975,76.32131368534458
1930235983,76.2405511224654
1880530042,76.23164182047248
2501497311,76.23075042276044
2499819592,76.20557693191341
2501964965,76.1581716721657
1433002360,76.1169709361387
2094658367,76.06740710999601
1879163237,76.03678174827957
2095452301,76.02766609818948
1930152042,75.91083176658887
2094660043,75.90607454009564
2092810204,75.88578903220179
2092978174,75.88550770953064
2501881030,75.86249134531214
1433821847,75.79110582626582
2093942435,75.78161665469895
2503664383,75.75176365584306
1880483524,75.74957977709943
1880493775,75.61257430991307
2500876904,75.57271217310088
1879785390,75.56514753694951
2503422932,75.53442653593989
1879179857,75.50797704371425
1879156962,75.5007756014702
2499754113,75.40539056525957
2501206273,75.37736259913886
1879778060,75.36585565802034
2501242995,75.34980168237108
1432678663,75.3443978684181
1932457121,75.3137745167072
2499819090,75.23501198471283
2499283755,75.11289146591736
2500934104,75.03693081977079
2092826104,74.99531383357825
2092890450,74.96519785557152
1930159575,74.89080408470538
2503619391,74.88633180366874
2092820072,74.85817016796531
1434681592,74.73677278600505
2093966733,74.72078141326992
2502304037,74.71158204335377
2092872947,74.69752894954539
1879166025,74.69701037100258
2094590024,74.68830271922796
2503262895,74.65177326259595
2094677502,74.62525862690049
2499255987,74.6072118819927
2095447640,74.58343705264244
2095421932,74.49779642576691
2092858593,74.35274353455145
2093080813,74.33105325558688
2501262112,74.25983096174116
1879214117,74.23714029398317
2501722664,74.23560897118023
2503116461,74.21825687835496
1434531724,74.2144404583611
1932512645,74.1807374835954
1932460691,74.14433024740475
2499845773,74.11381506078705
2092871904,74.04929329810732
1879235833,74.03873272413601
1879823515,73.99405743619376
2092968710,73.94758873944015
2502372834,73.93804354482171
1427683692,73.87068921139624
2499282852,73.77265361217161
1434546357,73.76932659085311
2095407751,73.76906357154981
2093884592,73.73571784882057
1932640544,73.54694081278208
2092807483,73.5253935914127
2092013854,73.46117280786586
2092946140,73.4424443284174
1879136023,73.42528420009106
1879125197,73.42111496179987
2093088695,73.39680630072363
1878580627,73.31570051438243
2501553183,73.2869267419161
1879200853,73.26699925814953
1434596990,73.2122683393816
2094634373,73.1332156681162
1932516241,73.08027785701547
1931024700,73.01988209675349
1879903837,72.84627348585506
2091253160,72.8232061342892
1933581934,72.79882591213294
1932494680,72.7344125320335
2503242393,72.72366432883274
1931646127,72.62102637171863
1880436467,72.58868260963139
1433508693,72.40957826854405
2091280821,72.34036357534684
2091995304,72.30917157044945
1879849525,72.2727935113872
2092017370,72.22595923669253
1932449565,72.22335370947881
1433646900,72.16904407526717
2499657887,72.07022648743191
1930141602,72.00771549151159
2499262997,71.99373942365868
1930186825,71.98318596170448
1932642635,71.9545001186668
2092870637,71.94931038469703
1434014573,71.91334588047972
2091185220,71.79314651686377
2501428564,71.76155056861447
2502744111,71.73779985727103
2501315432,71.6313243824936
1879238233,71.55763099139105
2499785027,71.3021937288161
2091959542,71.1908413546307
1879148865,71.06691738301103
2093886055,71.05350403982352
1932573863,71.00486522648849
1932518997,70.99531453764725
2092969524,70.99479466654387
1439456073,70.9702458237945
2092069681,70.9243398550725
2093040277,70.83203506821573
2092793725,70.73043210379831
2092878961,70.70980088467955
2093070951,70.65472947961125
1930978365,70.60961249459133
2091189990,70.39808486882511
2501195984,70.38369027092455
1932493667,70.38264418476821
2503811271,70.2040188334271
2500177344,70.18820029263287
2503767182,70.13954830100671
1933597017,70.09275313929383
1879154000,69.93089613665045
2500910552,69.9270742709084
2501523005,69.85366003583148
2502024280,69.840983798904
1433300844,69.65683450635339
2500956394,69.5826189773104
2502594271,69.51135244206321
2092953250,69.51106600586822
2500984840,69.472949569859
2094596284,69.2959062040261
2092781660,69.22434849231236
2092789777,69.12715015465103
1432604335,69.01047162564375
2501633981,68.94626972799283
2503907305,68.89494719514138
2501550985,68.87630478110373
1932627221,68.83882202101861
1432960257,68.68937879385082
2093064587,68.66534472903679
2092062134,68.61978928037115
1931619017,68.60406730701293
1879829837,68.5620765918073
1930179205,68.53192267749985
1879160480,68.38516062363875
2500383502,68.24873462429625
1427833624,67.98698785877508
2501211582,67.80499284404671
2499647033,67.79166266382452
1932435117,67.75373073131891
2093930331,67.71456750436839
1433125275,67.65841974700018
2502816970,67.57852298266286
1433872814,67.56308667367155
2502422823,67.50122719079785
2093964404,67.354852139103
1879811190,67.34002435590543
2499546363,67.20216518732225
1434419811,67.17910294581773
2499703897,67.1316485911335
2502497955,66.98348016183604
1932633150,66.91229581727627
2092881510,66.84105101190367
1932625125,66.81456397527128
2501426235,66.78777565514432
1879158251,66.73160721090908
2092782055,66.72898783523229
1930182993,66.68771592821606
2500947195,66.64373533782515
1879167711,66.64126786741801
1931673893,66.5437209870319
2092034780,66.50225184504998
1433290767,66.44095367737316
2500363464,66.28926204966173
2093942545,66.10932624481185
2092816615,66.101968238532
1878587424,66.05415281201627
2503665815,66.02262553918739
2499474805,65.80448314922751
1434698690,65.62379277237156
1432682655,65.55829334457714
2091204850,65.46298097446144
2499502237,65.41564678878785
2502623215,65.28344060421473
1932452212,65.27509639193924
2503056380,65.24500589238149
1930154224,65.24040666045227
2500384043,65.21919663539994
1433050905,65.08804531105504
1434422064,65.03185751601488
2092766115,64.95153171337492
1932525815,64.84193528488707
2093878380,64.78881530335967
2093087820,64.6534930739432
2503900537,64.59609482577356
1434105404,64.5869627699121
2503230862,64.51812605856098
1930150582,64.43437821378912
1880540274,64.33889017279097
2092842951,64.24571093105595
2094570007,64.02053307609758
2502005027,64.00576206197509
1434001361,63.97366476460597
2092838991,63.87712363317706
2501525920,63.83651972655256
1434701290,63.722862011264354
1878576610,63.54387028419787
1427763725,63.53710709078263
1439542342,63.489357311577585
1934297917,63.40499917166104
2092992887,63.27612830390451
2092034272,63.171091953404215
2502644795,63.12562546721558
2094550853,63.02280839867624
2092042875,62.78615328639093
1933512482,62.54768506312386
2092926527,62.30869240275666
1433914252,62.233421293258665
2092082904,62.02047500808522
1433349305,61.92658598553172
2501207662,61.87749165780275
2092892323,61.86356439560278
2501424261,61.85678647601005
1434195145,61.8564778946607
2092833500,61.83148669070476
2096255647,61.81064736367642
2499392765,61.752683985920804
1931680373,61.58520569696685
1880498892,61.49982005321644
1931622663,61.41870930715225
2092891304,61.40653899251659
2499263467,61.26056942061446
2501749561,61.14010960540967
2092067604,61.089690473596534
2092792003,60.976608546412805
1879191967,60.97284122058917
1433579780,60.88322168183862
2093012963,60.60979792196554
2091236677,60.48840157453153
2502154492,60.421242886193475
2503784342,60.40382145186517
2501780563,60.39971423876586
2092785022,60.337611928514676
2093077621,60.30179154238203
1879793064,60.13903636742649
1879883780,60.051209220507566
2094604503,59.91757913660868
1931605047,59.91722639053106
2092928542,59.814484744230946
2500242072,59.80948225538954
1932648021,59.79907580797292
1879166217,59.76774301742775
1439499065,59.616068683188246
1433091910,59.480758101084284
1879883090,59.340186961255895
2093082187,59.19064025347311
2092801984,59.166427058370935
1932551005,58.98519792224094
2501544902,58.8992504398954
1880477991,58.80432412762839
1880453451,58.62448610476842
1439564002,58.55236406829346
2500114681,58.50851325916549
1932619445,58.448159645142404
2092015310,58.080808029314774
2092956663,57.96360781147132
1932529017,57.87819796529401
1932637635,57.77634780938905
1434682527,57.66835200978042
1931028632,57.51121368291885
1932470910,57.34715223681856
1930961211,57.32874026535708
1932516703,57.31055183038642
2092965600,57.30353770120685
2092844294,57.118682946869455
2092775787,56.90224849159772
1434174565,56.83293510695392
1930949574,56.69591167765852
1879173663,56.593436161646586
1879905741,56.368330893575894
1879224385,56.24376578507166
1931593835,56.1438812330543
2499709700,56.062651845493654
2093938124,55.778922261951294
1929313661,55.71135379127994
2095363683,55.65014725451578
1439647563,55.58188312052861
1934301022,55.464127489094615
1434373103,55.25806550887498
2501378220,55.24874330691274
2502575951,55.065627164857105
2092926083,54.912528007629504
1880523550,54.52246515598939
2091194375,53.87905103027734
2092990863,53.79954312512787
1878574661,53.49984829762251
2093021794,53.36328713889333
1433451200,53.27613028767337
2502123412,53.119636087589136
1932484777,53.07240092612671
1880461271,52.95571371136534
2503593514,52.81848174067652
2503806417,52.62841310679971
1434667501,51.94769943396604
1434609220,51.69182462212242
2095420657,51.56110826596268
2499475165,51.129934515347564
2501680833,51.03215426043728
2501875722,50.91285723293755
2095354125,50.902396391848164
2091202565,50.749803677172125
1439333891,50.60907469229327
1433831743,50.51211445316303
1932546171,50.39330927821246
2092976763,50.38715391986411
1878600965,50.341035044160996
2499614332,50.2226101147441
1879854067,50.0678320829159
2092015890,49.758716262965336
2500339397,49.70973659121664
2092841441,49.509389158379015
2501492734,49.42344998574417
2500532662,49.350838085432656
1433153413,49.308781007758085
1433878912,49.20276756220498
1427799307,48.99627880322867
1879835922,48.831144415205515
2501159582,48.56088731139879
1879130915,48.5233112022275
1878578622,48.486393733448665
2502641794,48.406386188380914
1932640903,48.391270089076855
1931696994,48.29758388461352
1930249613,48.256408666235096
2500446523,48.234208966242
1879179283,48.08073686631428
2503321694,47.87194325616397
1930935654,47.8130880189206
1930929972,47.65389428937213
2503161037,47.6527787163891
1932643402,47.63445177370342
2094607472,47.35712515137395
2503757252,47.19669651798553
2095450512,47.167416041284824
1434029642,47.10992518982678
2501165172,47.061013016006775
2092018050,46.95707060828528
1932441711,46.73363754421619
1434301724,46.42351632939885
2095380191,46.03385594255867
2093088981,45.92814745756899
2092953222,45.80771341894857
2093907865,45.621422290829976
1931006451,45.51247888749955
2095456105,45.25932182209783
2094609673,45.213917519528216
1930152110,45.200889504569496
1932488864,45.01717647910394
2096204654,44.98835293465444
1879890800,44.790236980860605
2501839464,44.49148657462554
1934311812,44.32319224091649
1934302773,44.29444057669597
2501472264,44.19960901248105
1434350942,43.87366913107253
1931006864,43.8602782776908
2092876343,43.852966107401045
1932564172,43.80476789678465
2092939025,43.246837495011015
1433471202,43.24412810819346
2501280794,42.6619975523975
1930183645,42.63619793105615
2502398787,42.58416613062094
2502930392,42.47832296461183
2093965473,42.35540126132855
1439504291,42.34809279093154
1930935141,42.27760078275341
2091224171,42.27514308663408
1934319807,42.07317870620321
2093946072,41.929360519818275
2502945472,41.66236697155337
1932627363,41.36433061772382
2499526674,41.22459429419971
2502951552,41.098131524921115
2503363640,41.080647510024626
2093019674,40.99271510041843
2096239854,40.96722922185129
1427860251,40.73798471271227
2499890140,40.54768417006213
2501858094,40.527423787622574
1434110137,40.50249926331737
1879198933,40.35657689868231
1930160470,40.28225931207981
2096245027,40.144280793715886
1879812715,39.939475507490286
2091219345,39.66072446052993
1932451642,39.54213625446748
1433103593,39.36155326818679
1879211747,39.26890755639581
2501489740,39.20450740531452
2092816452,38.801196071961634
1931597893,38.46026150989067
2094554303,38.38942659033075
1433622504,38.27716986174952
2502285065,38.234515974846175
1434205013,37.684614364858994
2499565314,37.609520459785635
2501149557,37.523548878805684
1433652352,37.135102794741584
1439334465,37.04188497888043
1439607235,36.92600079147088
1880480387,36.76484743893385
2093058715,36.63785982466144
2500224242,36.19197784665194
1439649647,36.126778961131215
1439510575,36.10006353094267
1432857914,36.03687774796401
2502960784,35.68158590872179
1879834327,35.669067090785084
2499806153,35.29104808162866
2499645421,34.954209331941335
1432627840,34.89207788679853
2096191031,34.889163536889285
1879847140,34.547833306183634
1879872574,33.639469471160204
2091969220,33.57717651418921
2093908291,32.790273184345835
2091198542,32.76623352683101
1879885040,32.41569172205642
2094550217,31.725679728020275
2502045415,31.451646748583595
2503469327,31.416154812726298
2499612703,30.97416888806138
2502339380,30.88877252904133
2502951581,30.201056590579284
1930162204,30.158635212915012
2500280402,30.150164813024464
2500710612,30.017514475509067
1930927103,29.392391603612506
2500852943,29.18657443242821
2503560303,28.902783181853344
2093051244,28.82372537777499
2500241993,28.45889993388082
1427668517,28.354274490334756
1932610242,28.261790171844662
2502915650,28.1921252354606
2503201077,27.654333240959243
2501534095,27.24785690631465
1433119840,25.685880431330396
2092771564,23.848627418767396
1932572455,23.24164874260737
1934304161,23.21487740072498
1434695170,23.071540431372366
2500245295,22.39228508320583
1434526570,21.254990844534337
1932565187,19.95850280166605
2093872135,19.469247809566557
1879154265,19.14034285064829
1879171703,18.730886010158354
2092882033,18.39275472427578
1432862417,17.441083544741854
2093071201,17.344574955196087
2501499422,17.29027511069844
1930152361,17.079912827058553
2095337601,16.882770565281916
2092844674,16.767830954103133
1930186570,16.636727682993058
1879825677,15.733681041322537
2501479393,15.174897402111695
2093975224,15.069931937011804
2096222114,14.779684936365962
2501855275,11.278224844509912
1432689460,11.01846542114552
2500672331,10.766600843477038
1932497115,10.72433951221244
2501621927,9.175617266716284
2093071285,8.526122407837576
1879144275,8.47791072590734
2503742561,8.295280874201403
1439369701,8.047466959365075
2503272264,7.607253494928794
1929306775,7.139207655440476
2092936351,6.939237050727987
1433211285,5.598829804080797
1427634153,3.9210893630898402
1934312014,3.705792900518065
2092025545,3.6775952007929136
1880495803,1.5194296990052598
1930157224,1.2424404550455
1934307703,1.0121174107660278
2503354812,-0.28765336091390703
1879133713,-2.391307944567629
2091258130,-4.652595852459336
1879859157,-8.032712571888554
1931594502,-12.14527350895053
