user count in community:626
Topic id:5,Representation:0.4788068381498604
userid,score
2500922755,43.51620604895267
1930156691,43.165361708540374
1433577781,43.14722817372971
1932521945,42.853042026640985
1879778774,42.69435683235059
1934298875,42.452490239607876
2501594203,42.42167908364934
1930951603,42.412998005727424
1433027131,42.316799918180116
1434527361,42.284752219439646
2094575812,42.27110870978941
1427589977,42.21189621187821
2502030691,42.15029068200334
1427778110,42.1072240598516
2091201847,42.00713293993282
1434465884,41.94610182635836
1932578071,41.9135807021167
1432660452,41.7702972033588
2091229303,41.721278437460484
2500725931,41.693275240627585
1434476397,41.56397011638187
2094696577,41.54692282746878
1932465310,41.54564251349996
1432659015,41.51184810362441
2095372073,41.440089390216855
2092876611,41.40539197649485
2096243060,41.365921906193286
2092936192,41.33510551981307
1879846724,41.238309372772044
1433329774,41.20592597472776
1434032063,41.071215923909
1434019230,40.97906663703265
1932603692,40.95624816377689
1933493623,40.875033279606136
2503193011,40.86230247458011
2503768927,40.8607873053331
1880433261,40.83931487588504
2500739710,40.82320700974107
1878577927,40.795209570722385
1434025824,40.78627564924962
2501597622,40.75048987549816
1880434772,40.73517924338451
1433621423,40.62022435136426
2502041342,40.612755604171525
1879899610,40.54136715236913
1879143033,40.52669192352908
1433392064,40.52403679252662
1433469242,40.48635011768025
1879137553,40.46188087544255
1932609990,40.45592552971199
1879912115,40.41088724410632
1434188551,40.404856263864026
2095450235,40.4020565270253
2094638767,40.33895102536749
2095429191,40.32360642387515
1434093435,40.31187038762514
2095425921,40.31017616174479
1879794247,40.300550508500024
1434698981,40.29598927154166
1439375430,40.285121696746515
1879130384,40.25968568021464
2092053352,40.235433140738245
1433417000,40.23268899435945
1427733671,40.1721669543549
1932640877,40.167246199812915
1433135582,40.13906607900097
2092832452,40.11028317591896
1433595587,40.07785450954674
1879912515,40.06276784616133
1433068453,40.05233272672003
1434447024,40.04919794221641
2092913191,40.032841468176414
2093966992,40.02510942906581
2093941090,40.00295432710691
1434434457,39.99705086832705
1879826700,39.98611684475365
2502175770,39.96184547394284
1433539910,39.94135337711818
1929305951,39.93454697623537
1879823544,39.86856922519305
1879203193,39.836716605729094
2501698604,39.80039246612091
2503292310,39.767764111051804
1932634004,39.722076625827526
1879900432,39.702634798557646
2500151964,39.69085050758208
1432645435,39.64686419435251
2499294700,39.6049775177973
2499289927,39.58494421119624
2502136912,39.55677091312877
2093959933,39.493510356242375
1933591574,39.46720632512994
1434381404,39.44695336090869
1427790270,39.41176721731082
1433406647,39.409802969580404
1879831393,39.393374377809714
1934324023,39.380444337551914
1433323862,39.37430188851962
1880519952,39.330877957149845
2501819795,39.316822554599504
2500730630,39.297589816051925
2091278492,39.26572999189225
1433558991,39.25755630674522
2500215957,39.250725884763476
2503349300,39.2423987518303
1878595455,39.236977095903406
1433105404,39.22879778258609
1434538050,39.21237086095392
1432981687,39.20913836441659
1433797363,39.20044492631953
2501835982,39.1658860714379
2502575757,39.109042391739194
1433876622,39.09334293729496
1932617447,39.09147003207734
1931029102,39.06843249047375
1879224927,39.05552422256324
2091972360,39.04923515602112
1434475192,39.02239496216263
1880497214,39.015123716084645
2091219055,38.99701119043689
1432850304,38.97703790685459
1434145857,38.96012273550069
2503759152,38.94221840081913
1930211501,38.93457275560537
2092063477,38.93298586908678
1932493733,38.91638541437789
2502148720,38.89987170624103
2091197675,38.87981897330265
1933567327,38.85429064410958
1880497674,38.84133854317639
2502212212,38.82634357856258
1879774433,38.791075711495004
1433399202,38.78361257490659
1880472962,38.76068200652506
1930200011,38.75111071712486
2501529640,38.70889399095659
1879804595,38.66567324225883
1433726903,38.639287411769764
1931621805,38.629338193610295
2499739493,38.589383579209496
1932455451,38.564882026034795
1427603960,38.55355087289923
1433346527,38.546897180670314
1434694457,38.535511183333846
1930165005,38.53265587721898
1433219794,38.520776374074664
1433210013,38.513082890716205
2503094822,38.45034038878085
1879168807,38.43737574242156
1879866267,38.42769457925812
1932563445,38.42090123497113
2502075067,38.3859088203906
1439332807,38.37335476605636
1434477690,38.33128927004732
2092082117,38.32771092054711
1930929097,38.32352125283867
2503626845,38.319716160440386
2501307115,38.3028818520204
1439558741,38.286945579630064
2092057382,38.278778387817425
2502170977,38.20466045539895
2501275014,38.16780183249055
1433003823,38.151600473360254
2502547051,38.133635300239916
1879870794,38.12508793481386
1434339064,38.12181832148772
1433669217,38.095991963495386
2501797422,38.065258312711585
1433311821,38.06126856493741
1439541671,38.03311764972335
2093092247,38.032351732089246
1433397405,38.03147783047954
2094610225,38.018714445634295
1932533012,38.011309029415116
1879156082,38.0002246913779
1930994640,37.99926227282099
1878578683,37.98797144457901
2092937727,37.98101606661805
1434173303,37.977931835462215
1931592161,37.95986214492375
2091986991,37.94913400947989
1879887034,37.94501261313419
1879244523,37.93020304494778
2501324422,37.90666563486822
1932581550,37.85561359590041
1434650910,37.8302347060611
2092064654,37.82856197756031
1434746781,37.8255163684321
2501620755,37.821650968069726
2499247624,37.80482899646455
2503589981,37.8025759423946
1880523237,37.79681933726303
2502096164,37.76953457627102
1433953135,37.76939068189617
1933538050,37.76281579763782
1434528151,37.74202365094458
1434533667,37.73056225548231
1932542115,37.695475745039154
1878582611,37.69401284141192
1931674885,37.6841536798694
2502353873,37.661511191818
1930224192,37.65745937757732
1880471021,37.6366020490758
1879805851,37.618110585243734
1878592112,37.60529200455483
1432614015,37.54219394273992
1432655664,37.51974399538934
1427844971,37.50198860670787
2092832314,37.46799594738466
1880427971,37.39510064319649
2092844735,37.368518112703576
1879843593,37.366873942888795
1879848010,37.36350600959297
1433358522,37.34524162547855
2501955052,37.33763748967259
1930153433,37.259210451835905
1879799467,37.247466008654314
1932596437,37.24518376603391
1434402060,37.23564527977331
2096212252,37.19085584380279
1434098305,37.18291777040631
2091288534,37.115480044027365
2501738297,37.100464110122246
2501232520,37.08871567579679
2095389374,37.059011858787045
2091200190,37.02737009892571
1879199815,36.99505526226695
2501302705,36.99012584311258
1879856592,36.98419730468949
1439625305,36.96133715870222
2500319487,36.89339901265383
2500922980,36.86679518843416
2094659371,36.77459830385343
1879813517,36.77337839682837
2093857044,36.765633453743725
1934322592,36.726670945284866
1879811951,36.72248112860013
1433718850,36.71881802135943
2500856790,36.69690920898009
2500234743,36.68717277821206
2091950140,36.666882078283535
1879811593,36.59720196722404
2501848827,36.58090501950648
1439435961,36.56881543284395
1433800415,36.54812391469653
1879827145,36.52617999487349
2502725855,36.51868472074227
2500886690,36.50953014313776
2094553640,36.4855262131294
1879784183,36.45062943442499
2502355462,36.411586261505676
1427733943,36.39755491213847
1930170433,36.378373500822825
2092008871,36.36768657865318
2092959164,36.300180230050124
2092972025,36.28914249742732
1433158862,36.258892171006195
2092856627,36.25448589879392
2501149044,36.184876093241506
2503750192,36.183659969803244
1931646514,36.149692534462105
2094642871,36.13665753628047
2502366982,36.113005499829825
2501931757,36.1082987422381
1934295433,36.0939691942702
1878592497,36.07069652445058
1439503732,36.04292889691114
2092040310,36.02683154489434
2499739313,35.97928580772931
1933521107,35.96866357263494
1878603280,35.94896648369855
1879848425,35.93619981233933
1879131197,35.871018266648335
2092008822,35.86460566808414
2499331070,35.85671798812102
1933574671,35.852615782882715
1878592051,35.82944714767996
1880525774,35.795701182470616
1930245727,35.7696055879152
1931646933,35.69153846683782
2093885885,35.65395935641055
2500334647,35.627562163021246
1879835951,35.58681693159452
1879905425,35.57938812939364
1433605720,35.57148040513648
2502495642,35.52485505016736
2501068090,35.519631393326314
1880494727,35.50076519983923
1932499902,35.34655371717149
1434160330,35.31665122299871
1433973177,35.31456844500651
1433386572,35.26519313976092
2503117425,35.22959436383485
2091266807,35.21587639151031
2499677377,35.168827816502976
1433408435,35.15047510650558
2091973345,35.01869278300274
2092043054,35.008198125256236
1932518390,34.994153624255645
1879871012,34.957030087168256
1932542262,34.91747734009577
1427823420,34.901315289022634
2092008882,34.88278312764748
2503846912,34.84876873933174
2502041924,34.80236866037956
1930146545,34.7790404439835
1930241761,34.7622250794859
2500147711,34.74365193855065
2095431923,34.73900506569237
2502237927,34.73787074665966
1434134055,34.65078500310373
2092930844,34.6273076154011
2499245363,34.61820892197732
2095373041,34.59534118290951
2093922584,34.52453800719121
1933515570,34.52014529297199
1933524122,34.43959498942382
2499258051,34.43252078428786
2092885581,34.42893026278122
2092763127,34.31918186466723
2499240954,34.25306851978949
2092037512,34.22018175324272
2092826704,34.219109576672366
2502956792,34.200086209005036
2503520814,34.16803754343482
2092819681,34.13571729520717
1439464677,34.10293703936947
1879876034,34.09670067543487
2499317145,34.0695880751558
1427880974,34.038383410123856
1427723110,33.97184420580795
1879155741,33.9575014093224
1879903894,33.937386156421965
2095379051,33.88768817184536
1433574121,33.88326409820556
2091236781,33.81171082793133
1880532903,33.74776035837603
1879801550,33.73828753439011
2095461312,33.718467630864296
2503318490,33.71733261128875
2095390855,33.65313215095231
1434409692,33.62439885537107
1932506565,33.590248061452996
1930984042,33.51947916047903
1931022777,33.44674502665157
2501007541,33.39994418178715
1879229867,33.388829616334185
1930153461,33.38595033484733
2501861542,33.38105744622387
1879803764,33.36770311966825
1932430441,33.362663948595085
2092806310,33.32277501255092
2503326951,33.31207233330821
1932461857,33.290374078453446
2502453420,33.28379308900678
2501960571,33.26171095056087
1879126040,33.194150028123886
1427874617,33.13895823096414
1933550393,33.09108884680522
1434740355,33.07778560974245
2093943487,33.06718540918564
2503325382,33.06562102834942
1427756644,33.03726439664254
1433575931,33.03187999432335
1932450387,33.018223792998896
1427733824,33.009216131475235
1432641281,33.00532818036035
1932596071,32.99855276628334
1930192881,32.9736101736489
2500702935,32.91813068387852
1932643682,32.855154557447314
2091220224,32.73116858054504
2092960804,32.72638824807586
1879209727,32.65282421068001
1879856931,32.60671078517566
2502839362,32.431750004634026
2091239674,32.390344008641016
2095355697,32.266952779567156
1931011424,32.237243153079085
1433874220,32.175562464926614
1931026877,32.14348819721618
1879792804,32.13153865998822
1439318215,32.12033984061205
1432854021,32.117009944590926
2093924425,32.082902306844936
2096214577,32.069296550308394
2501576382,31.98804943825191
1930189870,31.97873427648386
1929307921,31.944498558745323
1427718637,31.941978307991537
1933598391,31.90934261793635
2500139662,31.90587251723678
2500438354,31.88516061648545
1880518477,31.85330096579076
1932637202,31.852333569606216
1434437727,31.78438881228282
2092787927,31.74655340944775
1433060821,31.716753210983505
2502024915,31.686312402962393
1933530970,31.668586543561947
2502657644,31.60980212784801
1879223171,31.598886060050898
2094687144,31.4881138598126
2502758985,31.449521998778387
1432680574,31.443293946746238
2501573462,31.42401843158887
2091271812,31.339939160688353
1933513673,31.315534505290035
1879829492,31.23815770517956
1930951112,31.228967184883384
2500196971,31.221056378038423
1880451477,31.218308350791734
1433545233,31.158783493601796
2092832282,31.157247953609403
1434186564,31.02624460424725
1932532430,31.011565623784723
1433801845,30.968787014671463
1879128453,30.945041140831556
2502433147,30.942234215318905
1930969701,30.912934872255644
1439337172,30.884138127403116
1433882174,30.874375064562138
1930190197,30.862741677574146
1933516683,30.834386175040716
1932448480,30.833876593455646
2092794291,30.804107667111573
1878583133,30.744390664274214
2503819321,30.74187204575123
1434684397,30.695839533739896
2093019022,30.67835138997678
2091975984,30.645901192562096
1433387177,30.614929793676254
2501857814,30.601371109819514
2091261752,30.601370296535766
2096203175,30.569699133447337
1434492110,30.564601787919372
1931594822,30.552294520869744
1427683122,30.509519295434348
1879128247,30.470668979555768
2501334994,30.468234009446203
2502561930,30.3554917347737
1433940047,30.308843640258218
1879127255,30.24895662221592
2092956573,30.16042985450794
2093087137,30.118889182185036
2502611431,30.065219860188755
2096220847,30.057694879693603
1879801771,30.036460427108818
1933583520,29.991364114144037
2503245374,29.87600697520104
2095397813,29.84291524367596
2092911407,29.81261424285725
2501849394,29.80960121137853
2093024797,29.801081812463107
1433621275,29.79725542368326
1931623927,29.67082501762005
1434339604,29.669780336333513
2502430597,29.592863666817657
1931688225,29.592327405575226
2501446557,29.502143758039693
2095418863,29.50108826665115
1879901184,29.39887609646123
1433294104,29.373722789428015
1879842345,29.36833762305402
1433804711,29.34822391824098
1929303241,29.274337907561165
1433951991,29.16765869400925
2500308852,29.135967891054932
1432974172,29.11322377217723
1933565760,29.088634777588194
1434170697,29.000368106106347
1931023450,28.826799581768014
1931007435,28.80113194272977
2503275533,28.79755958046456
2499366054,28.789882392424047
2500456320,28.724994059599933
1930247330,28.692284105153476
2092066125,28.663774607684662
2092065617,28.564771864503683
2092769611,28.423034337942884
1931696954,28.376232094376963
1434686293,28.34182630364467
2093042013,28.27723777596197
1880512835,28.237302817396163
2091981394,28.234408361475456
2501609115,27.91713129228102
2503105092,27.89853634370108
2500852682,27.894360259963044
2095390805,27.882895893695988
1433105571,27.794565455808517
2499652350,27.768404498301887
2095399965,27.752829323201528
2096191577,27.689774169980335
2094669205,27.668923517191743
2092020381,27.50542161786693
1879187112,27.49226799574392
1879826137,27.364392747103032
2093951330,27.348436283572628
2500277503,27.2303938208158
1433616141,27.175451205242357
2502468280,27.139771244253627
2502243282,27.13433433856716
1434533641,27.082214656796
2501592432,27.04455773330125
1879796834,27.003114899129432
1879878294,26.785144612210203
1932585507,26.779622053175334
2092773250,26.77935623850871
1933521190,26.77568831866823
2501729401,26.768295316109974
2092043451,26.70035184766192
2503528392,26.67386417922103
1879138105,26.66490946828304
1932579397,26.600849197122443
2092083520,26.598874110943065
1433453934,26.49565132765127
1931685142,26.34781296742911
1433640483,26.277545763535127
1432847273,26.215708581425698
2096266562,26.086619256278084
1934315214,26.013160689740264
1433187183,25.94974618971625
1433428644,25.77237220189289
2503175015,25.74650837024593
1432716392,25.741620144922116
1879857292,25.710506053519566
2500819390,25.684121395611943
1880513392,25.6178679931314
2092857993,25.578496136678243
2092942884,25.289924757565615
2095448302,25.28539379798809
2501423727,25.149995803732637
1433185493,25.128818892965803
1434370320,25.094168002534484
1432938931,25.088318226690447
1879137877,24.68105305295595
2503472355,24.543735688937453
1439545517,24.497356165643325
1433033357,24.454111041652176
2092005470,24.18910648469669
1932652601,24.176791209166357
2095402962,24.151889765161236
2501901683,24.119143792434365
2094561684,23.898677937557082
2501336704,23.87416100464612
2500767104,23.7903519162178
1434056841,23.752745706050458
2501958674,23.57775292791076
2092894567,23.45049259436444
2501819262,23.384786535155392
1933497437,23.230503060983924
2094632575,23.206462279104723
2500337507,23.182797532917267
2092944212,23.12438082181938
2503365964,22.97903082943314
2502859782,22.958748586431668
1932653043,22.88056005132752
2502068343,22.862170364855828
2092814124,22.80072046278328
1434429255,22.686593741637108
1433228131,22.650181551377084
2093050347,22.645466287812944
1879231473,22.61983513314007
2502881181,22.589026411038475
2092898682,22.580205990623828
1930201220,22.51149713313878
1434371363,22.42288954564805
1879241163,22.418432968655114
2502515742,22.415482396934056
2501610264,22.07799385618221
1930214507,21.948886977801383
1433962217,21.718386300982495
2500608922,21.547932250653627
1933554442,21.535444896740053
2503639857,21.51600982951751
1930216771,21.359645327020296
1930938195,21.351581093490527
2502049053,21.212209841016925
1880444193,21.104504682705922
2092760642,21.09663310462302
2500862077,20.98145125407674
2092792555,20.64243211866644
2501075082,20.622009864536665
1930253787,20.59038752065153
2501761580,20.569286492030304
2499601542,20.523023274854882
2095443221,20.257270375310117
1434383565,20.144602271339085
1879171767,20.09118947554736
2501004413,20.06238342684828
1929310913,19.7337825248194
2093984407,19.624297984578632
2092769907,19.53715535851867
1427828665,19.510038398305213
2094615401,19.137758913939642
1879201087,18.757101613948908
1933517253,18.632730986394304
1432873234,18.631088522423234
1932462110,18.449615440218036
2502320960,18.38625803984998
2094671105,18.230983155151307
2502367615,18.15694879957116
1933510172,18.092438901572685
2501435522,18.0897260823525
1433416121,17.927335767381617
1932479042,17.278489685807372
1879132153,17.092805506311933
2502022563,16.93960023623342
2501573822,16.70046860685711
2502989862,16.61164806062999
2499508827,16.42442281261146
1880519110,16.351298902224674
1879768667,16.342983120318138
1879850863,15.81063963271835
2501601853,15.671513924260259
1932474750,15.591786700902754
2503059394,15.516792553072522
1434273035,14.489297988330682
2501786493,13.43526552416476
2502895714,13.34093823070094
1930182094,12.460554976799992
2499281044,12.26897511264618
2093081852,11.509814443318191
2094664670,9.945421501941967
2093920205,8.817297808290906
2501476241,7.953637252894018
