user count in community:441
Topic id:5,Representation:0.6159579686344955
userid,score
2499784602,60.44217124207765
2502447625,60.122766399328185
1879142512,60.081241611412274
2502796770,59.9761338602667
1933539462,59.84737533096202
2096234531,59.814897810964645
2501412120,59.80158155078706
1880441582,59.66839033052845
1433543690,59.66599236982812
2502831002,59.6034436484641
1880500503,59.55292656730883
1933525097,59.462214127740815
1880447703,59.28328120079736
2499860350,59.14478156525321
2502092911,59.13404424679227
1930221823,59.130231113930535
1930928551,59.125985252064304
1879867475,59.10789812480984
1930172281,59.06655392783788
2501953380,58.996664540817896
2091216905,58.966250416429105
1879822043,58.91985158120491
2092022550,58.8631231527928
2500811717,58.81044528964044
2095356013,58.781868103975505
2501976375,58.733186546778974
1932552691,58.721880551278524
1433693345,58.72008328449634
1931029115,58.68831443193913
2502384194,58.6850855533
2503739834,58.68338080760506
1931632375,58.677425282830555
2091269033,58.63995515213196
2094643512,58.573719714480525
2502260182,58.570620187860094
1880477391,58.553023222762285
1879791684,58.54795339450264
1933503817,58.53092605956832
2502200612,58.52070449860075
2501018897,58.468716201469825
1880492085,58.43857959095105
2502124400,58.41475990259791
2499254732,58.38830373125279
2501822880,58.34104783301158
1879793421,58.33856132796921
2499445673,58.275190936044
1879774782,58.234160825349264
1879190432,58.21157676250166
2503480454,58.19412463144184
1880504970,58.15460658326939
1931639725,58.054969547579184
1931026657,58.04814297671804
1434310311,58.017429989516046
1930226141,57.96070920560844
2095490667,57.932876097724076
2499835172,57.8999869291321
1880541811,57.893797037051485
1930138105,57.78739027728282
2503795060,57.75036306609028
1880488212,57.75012233891685
2095355117,57.74025354407418
1879802911,57.678702705321285
2093884365,57.67043150410048
1931006010,57.62938724976603
2095488793,57.59629441199697
2503183434,57.59413115288543
2091191752,57.55057504613001
1931675414,57.543527020022715
2096201044,57.521779544061495
1931635213,57.51537098196526
1934302332,57.51039337700792
2091997493,57.5060342960676
2503922934,57.48978412992626
1880503815,57.483500615474945
1931670954,57.462642292239764
2500114310,57.4363827588507
2503212142,57.43338264878582
2503823792,57.40694913503323
2502675011,57.40451597531673
2499573814,57.37807657806716
1880479792,57.3165157252153
1932635287,57.28622758159145
2094593570,57.264089896402545
2502089410,57.234938863620805
1930949072,57.16902700381176
1434285184,57.16881872446086
2091986543,57.14915505371675
1932430190,57.13245174360873
1929304267,57.12780015667363
2501952420,57.051406000867644
2092870902,57.046641346087334
2092815533,57.01846605105905
2499578592,56.98661157028109
1879141490,56.984018703704166
2094674662,56.95257347323835
2500780277,56.94682652853011
1880540863,56.89095418894368
2503418130,56.88917909579786
1932507002,56.87778047162163
2091203791,56.86797995048187
1930187045,56.82831276483504
2091966895,56.82375280132326
2092998467,56.76429667951778
2093883721,56.752757513834716
1931028585,56.751859794989656
2502139984,56.745947548397005
1933544141,56.7387082507422
2091255017,56.73186595622278
2503647720,56.73152680859644
1439368315,56.70784764772977
1880530875,56.66340600141291
2502861624,56.64855187912038
2499208964,56.599048646734154
2501745235,56.578427881959655
1434226220,56.514543462526845
2093878794,56.505982088033065
2092754465,56.49795662222891
2499480580,56.40849095183328
1879227165,56.39494676822244
2500884924,56.371279614454146
2092056530,56.35033617716495
2091256321,56.342323209339526
2502137600,56.335036003685694
2503656442,56.29675977428242
1879140324,56.199572108058746
1880476694,56.182712365541605
1879867287,56.172466604268074
2093898481,56.168770616405126
2502950784,56.162816507560684
2091248795,56.15034912864259
1434176520,56.099379167221095
1880475223,56.02897968908485
1880538272,56.02290509247666
2095483775,55.98534817568476
2092874561,55.96042512324067
2093954513,55.88731406446186
2092015653,55.877929705000895
2092882041,55.87762984731457
1879896341,55.87612391262415
2500600360,55.743867150042846
2500562923,55.69118871402674
2091205603,55.67446475947134
1433355884,55.59221246388486
2503781934,55.55454934248508
2095422492,55.549951520855096
1432703867,55.53391437674852
2500200731,55.52159175530046
2503801560,55.44094821912623
1930224053,55.41323015706616
1930254163,55.38238835514893
2091949687,55.377960168511976
2095382730,55.316821141653605
1427743413,55.289875592502796
1930971677,55.25697730150371
2502107100,55.2533842010935
2501862952,55.216647544112746
1879189505,55.18643793171371
1933537260,55.175171789301885
2503800525,55.074832608255505
2503066120,54.98432151048126
1930985463,54.94881376109275
1930186197,54.92628992846214
1931002392,54.78435442130927
1932453091,54.77021598137772
1879808471,54.710181716013075
2499721744,54.7078445615147
1880477263,54.69245861929394
1880531513,54.687855678685224
1930238760,54.68562181995213
2502269002,54.64308285706862
2091209730,54.59778760659961
1879778215,54.536475891543716
2499276117,54.497858011247644
1880513753,54.49487249073408
2501492133,54.42651653588875
2501320521,54.409572919708936
2503002652,54.350809433059645
1879812904,54.338583993930605
2093917913,54.29310631696026
1931692594,54.23928273255527
2092815833,54.22171548445789
2092921772,54.19378579436392
1879246974,54.11735035109228
2093950760,54.08527439584581
2503004920,54.07013808795945
2094693872,54.065189860319904
2093926101,54.02253560423034
1930190333,54.01365305646282
2500759554,53.930800373745825
2502125414,53.89841249871292
1930188835,53.80304519279341
2501972754,53.79480519185061
2092864520,53.77138915442637
2094593862,53.73330117215
2502094112,53.72259052482419
2094697551,53.68295776926885
1433770634,53.673532428163234
1433033120,53.66454690399902
2094611334,53.630024111098415
1434307661,53.59530525666822
2500829892,53.59301521241974
1931645525,53.51741487464454
1879893423,53.51333318847625
2499772550,53.44719755059192
2095432555,53.43764902389003
2499255137,53.33326102633348
1879216587,53.22097121485062
1932554282,53.21557150840856
2091268515,53.132952167163765
1930165571,53.12636146495072
2503383480,53.11736056611168
2503731217,53.06139716304315
1930979700,52.970896657728375
2092954573,52.96471399544976
1879191524,52.95679770061244
2502438443,52.79506361420878
1879175861,52.65285134002488
1934313423,52.631536428010754
1930948532,52.619843197823684
2501384551,52.575296264605875
2499603604,52.41151481871588
2502895320,52.390836367477874
2502577127,52.32431258585498
1879153543,52.32146955723402
1931013371,52.25599068999945
1934304752,52.162527789447296
2093048151,52.11791362119366
2499380584,52.03701310772484
1880429174,52.00923797181401
1879142951,51.98473771622219
2095425003,51.781922402329904
1878582551,51.7791114935432
1879136677,51.70229107974139
2095339303,51.60365641594553
1929304691,51.52070901845828
1439612393,51.462694691922344
1880425242,51.413174478313294
2093978042,51.362866863738226
1931618811,51.355805580557934
1933521051,51.35241833812375
2500340490,51.32234683058587
2501590725,51.17632288016556
2091976697,51.17204137089728
2502742444,51.15575239049766
2499731124,51.09872016438464
2499238152,51.027176446701375
2503390092,50.860715082847435
2499398920,50.830955198718264
2502352790,50.79166753349721
1439545701,50.73094140808026
1932651784,50.6883417686117
1879865350,50.44913952855944
2095401971,50.42918064825976
2502030823,50.40603266478421
2093950000,50.29002164939299
2503769820,50.21279045534478
1879141082,50.13092700087962
2095351923,50.124808573597655
1880504282,50.01900297749154
2501282543,49.771684905406666
2501332567,49.74798335559058
2501324530,49.636559896353326
2501172514,49.621817417127836
2093053971,49.55542513229619
1880438121,49.54566675038614
2499269440,49.535029851097946
2500625945,49.52968810056996
2091278557,49.46169741254333
1879201371,49.376361768674045
1434245380,49.31330574515022
2499493190,49.25829137680679
2503760761,49.256566436590774
2502934610,49.152909952227795
1932462435,49.151392821512886
1930163130,49.137200975602205
2501895521,49.13542746621287
1433903955,49.131698392331465
1934295907,49.06078389915922
2503472983,48.953764050654634
2502933294,48.908751273204594
1931589911,48.858858245717435
2502085930,48.77634669199063
2499290604,48.74970381393999
1880434252,48.74850138924651
1931003797,48.691882333321985
2499311944,48.61704198340709
2091264563,48.52498792745788
2092014177,48.39426886351794
2499378250,48.32207949210175
1880438737,48.28421429483071
1931676065,48.28397602237367
2501161275,48.26977331145052
2095456460,48.2279640709316
2503110377,48.222300504027
2499388704,48.126070707016815
2091982500,48.11926834525429
1878600102,48.107263797302636
2502850240,47.88074907798846
2094694511,47.863969452171176
2503575883,47.86187443622195
2499756682,47.857501868375856
2499242150,47.82490214645804
2499314952,47.802637989451156
2499706400,47.79988260865579
2501277372,47.79734842543274
2501479484,47.76976183725277
2091204184,47.757120419713054
1931021683,47.75040849010832
2499865192,47.74108309723647
1930949627,47.594246384233685
2499525472,47.5754561051023
2093018290,47.54176424718261
1879192483,47.28091147924484
1879214721,47.19099538301112
1932562641,47.18513683804411
2092063834,46.988436309421665
1880438257,46.95650978198654
1930944447,46.914837300078354
2502551467,46.74427232522234
1433144307,46.69159669356869
2499761712,46.53544271148108
2502449081,46.53115594302443
1930935560,46.5010516267395
2499593254,46.49116708750878
2502099493,46.444358559457605
1433803721,46.305469330129526
2501550442,46.20062024315571
1433219630,45.94614481718565
1879173404,45.90687143137103
1932589155,45.7595078837134
1930212347,45.727635782573664
1879234225,45.710541434750866
2501846864,45.5155779139695
1933568853,45.35630418890141
1930211353,44.88279558630159
2502365680,44.863637777883646
2095391001,44.77856878662594
1878581697,44.59285478364478
1879858492,44.52830700243484
2092092917,44.44543775764124
1931644470,44.43718668629591
2502823810,43.98422936865861
2503906995,43.91703004052759
2502349657,43.8457319078596
2503648694,43.74460515343683
2499323951,43.70634754741979
1930935051,43.660594477034365
2501896357,43.58304614515427
1880526407,43.441627591870876
1879830417,43.42405942667241
2502871610,43.1682842315593
2499535565,43.02966199258071
2091990075,42.476899541266576
2501558693,42.44443755866713
1879842675,42.15029813178902
2501221147,42.08203716800818
1879243473,41.15009993328019
2502756675,41.02816903596148
1879862297,40.98822675699621
2500320512,40.96962676859761
1880451972,40.9187189539014
2094677064,40.509549505587415
2501134382,40.48329350014729
2501429182,39.866892031629746
1434682201,39.845072107239254
2092070251,39.64966266863387
2501024594,39.55464924502729
1932596207,39.51225912555469
2501807622,39.27580311653757
2502154412,39.082772478528575
2502398367,39.08276093834126
1879881704,38.6992202565561
2501573235,38.566864942048774
1930930473,38.542430688907636
2503763283,38.16092845672642
2503608340,37.332129040870434
1932625815,37.0793252176159
2500945574,37.03094498831758
2500881744,36.82302236094516
2503678080,36.67740598003244
2502736185,36.48791171730338
2503901890,35.79317360039064
2502712034,35.757075604471304
1932602235,35.69264551130759
2503382054,35.691150692623346
1432820162,35.627439540034665
2503038084,34.96989682318518
2500108750,34.703138732091915
1879226021,34.585655169009605
1879768300,34.37958906298654
1879865887,33.690471087355284
2501303174,33.35638669696377
2502926130,33.32934337313851
1439408702,33.220956158786784
2499522487,32.942708846989824
1879822355,32.60761009122417
2501130577,32.4822361570705
2096259373,30.878930806881538
1433639712,30.397218697464783
1879823051,30.152041751009484
2500896810,30.02352826837421
1931021600,29.94623124032271
2501624163,27.870708399643448
2502564430,27.304214382041035
2502088490,27.19024200468486
2502518690,27.180347374944184
2501604981,26.75459297651532
2500128913,26.55417043329202
2499350100,24.978539300547705
1879798084,24.577296157683215
2499644360,23.533222487107658
1880460051,22.801246804006766
2502146670,20.903713830670743
2092820933,19.679051003582384
2091270412,19.327649259887124
2095476407,17.716174873303572
1880532272,16.77496157383782
2499519152,15.697967573313761
2501040410,15.152808340964317
2499247720,14.603739194586588
1879809035,12.287906571429595
1933558965,11.55838939540252
2503434493,10.673888190158339
2499308220,10.38897353568554
2502371055,10.299660716575321
2502537130,9.634188505366645
2500284384,8.998501723209177
1931601770,8.981605041440963
2501782910,7.867769935414039
1433718202,7.455540204411338
2502861462,7.322335368524891
2503908500,6.281169942819586
2093949481,5.4636162746527175
2500134344,5.222365628050997
1427810841,5.047728976760095
2502163757,5.032371838702425
2503901374,4.7114766587886345
2095376487,4.583704671168216
2502532600,4.1120914042888534
2502610444,3.1256107194642304
2502161500,0.8997483507851853
