user count in community:355
Topic id:2,Representation:0.3227502394727255
Topic id:5,Representation:0.5270615761412135
userid,score
1879189664,45.463504169297146
1434181010,45.147208851925946
2096255124,45.11445626344514
1929306943,45.09952357382511
1432700083,45.00967980185484
1930155057,44.945862204012286
1931007300,44.643215324397914
1434607403,44.50096208554416
1930966635,44.36783382860585
2096226142,44.35049492079061
1933513103,44.28063527013307
1931006501,44.26741682654456
1931688451,44.26347269982002
1427876533,44.25715173102013
2499699754,44.239440234503746
1931668753,44.22224101426134
1879802454,44.16668315429051
2096268410,44.06602667881928
1879779734,44.059454033831656
2503756910,44.00028908596982
2500173540,43.99255120804235
2096197135,43.94449054872357
2503131957,43.93312055596662
2499862680,43.92245221515698
2092037064,43.90885130165873
2499449840,43.885148768302344
1439621463,43.87761700179372
1880504602,43.84341264790954
2502329427,43.781719286347304
1880532340,43.76639035968766
1930988207,43.75634411792648
1433346464,43.65903992415233
2499631990,43.639886302527145
1929305094,43.638123598836266
1879137984,43.63603387523516
2499292140,43.634169227389016
2500386357,43.582861485051026
1932465142,43.54233217417652
2501397475,43.51119116629982
1930163967,43.50979305979871
1880463174,43.48588502728853
1932512871,43.4427366948606
1880518521,43.38006987002632
1880470220,43.332075342457955
1880541534,43.27603019935614
1879787132,43.243406244063436
1434424903,43.20655489089488
1433804030,43.17431600910171
2091185112,43.12125054793877
2499517262,43.10847386646954
2094648494,43.08975619432138
1878580004,43.08157119858542
1933543481,43.01274018844296
1878585863,42.958786327012575
2503885802,42.93609794863586
2093950825,42.89617507537349
1432612943,42.86997696842778
2094604053,42.78152281427019
1439411150,42.740352972892126
1433368312,42.69460233461365
1879861654,42.647640147726335
1879829462,42.64763558593186
2091247595,42.63958408367965
1931017850,42.57513502935553
2502495632,42.526281052429496
2501973681,42.490244837329556
1930941090,42.47612240789887
2500919280,42.41712799895727
1879885270,42.40659779165126
1433582422,42.3274088325082
2092835431,42.23739170552653
1433297062,42.21641366516964
2093019367,42.19774724408043
1931664742,42.17134554890391
1930961223,42.14211728261085
1931695724,42.11905025039437
1930215441,42.117071654437304
1880476692,42.10461549665867
2503453451,42.08976470825807
1931007301,42.054003601638854
2091187603,41.98464182561595
1434553561,41.967072345598424
2093882975,41.934007859475315
2502280120,41.90746563471173
2094639977,41.84658786841451
1433474031,41.8251548325626
1434380940,41.79179191546073
1878575957,41.752958089805944
1930953321,41.72182192570373
2499762930,41.697951311613984
1879140955,41.66077522236622
1439395165,41.652348444260895
1930943517,41.645624289713766
2502048872,41.637997012140346
1931651651,41.531492908587566
1932441291,41.525905269508584
1878596620,41.50739691645062
1934307022,41.46308027944852
1427592465,41.45160437027373
1879896272,41.43339411259777
1434235581,41.4281553995406
1434224355,41.42086712847149
1932489642,41.4024590053211
1930233795,41.34910258302121
2501749652,41.343701974860394
2500261152,41.32523957573734
2091251351,41.30706450958447
1880482667,41.29320718204966
2499558370,41.29147130890415
1433625632,41.28299456957138
1931005191,41.23151152238218
1933564873,41.209059571458056
1930964107,41.17405783488063
1930963487,41.15269492057394
2502214751,41.07231012317591
1433287292,40.88539026281475
2500961214,40.849063975175596
1879906982,40.76829290288098
1933502711,40.754914404094556
2501783424,40.73216809719493
1433791590,40.66175822188866
1434000117,40.66028864151593
1933505705,40.588178392398746
2091961550,40.547381971752785
1879143117,40.50954630565316
1930999725,40.492822992146394
1434544513,40.439061585535185
1880471322,40.4128156651066
1880513994,40.41201267861068
2500551200,40.388635730795116
1880452447,40.3800689437692
2093902504,40.32826542938268
1930182033,40.32040446101472
2500636463,40.27940298968176
2095450703,40.20616030443284
1878594701,40.17442865806116
1880505410,40.13729187299649
2092851002,40.06608809806859
2500249442,40.03012933675849
1433955482,39.99807046701831
1432895575,39.964233096162886
2092032314,39.96121769352627
1931600284,39.92658737719351
1930168055,39.87957180670638
1427791747,39.80616164099027
1433993833,39.77992900176229
2503113282,39.74688069147772
2500566270,39.7384337562236
2502462454,39.73103077658724
2093886667,39.668121040924206
1879894863,39.651779461969326
1879856934,39.64006115871459
1931006257,39.63446936760296
1427593641,39.621549016162476
1932501041,39.49479253142249
2092935932,39.430940423929215
2503721670,39.414654333778955
2091246713,39.23825947833681
2499575284,39.14716123105371
1434731981,38.99234383230923
1930179873,38.972347481087716
1880495925,38.96255173242942
2091244587,38.95797811369117
2499327250,38.80075805486024
2092007395,38.775762479353766
2503875614,38.77284335263466
1880454912,38.768845149597894
1879144040,38.676800493772426
1879168340,38.59030308996942
1427875813,38.55678238259385
1934302087,38.489664896401386
1931674021,38.471016427178306
2091240091,38.440330884212884
1879158991,38.42129618977992
1879829767,38.36881237703436
1427840352,38.35167083004618
1879781372,38.28630601668417
1433053694,38.25509681519297
1879138212,38.24578666199538
2503610712,38.14973337612871
2500416025,38.13283260048367
1933508182,38.039450228711075
1931661347,38.01442165801641
1931687151,38.00118287134846
2091963181,37.99629125199
2502141592,37.98200011162314
2092928664,37.88799665043943
1880426505,37.79472624216315
1933525284,37.695960275188355
2501164590,37.64023353472953
2092093090,37.434901547689854
1879199765,37.37145052664826
1439414705,37.33661054778348
1434414634,37.291627831567986
1879180713,37.2765653200407
1930219040,37.21655673730183
2092016123,37.19817726520671
2094583363,37.14583981966996
1930195304,37.13553539807038
2503628434,37.06824818646229
1433827742,37.04113336833106
1878598573,37.011942489381006
2091962443,36.996790512170676
1931602755,36.98945943079612
1880534213,36.92833714986108
2499396327,36.87535884631295
2094560175,36.873308484243324
1933571484,36.784578517785434
2501406364,36.764454576821905
1439440182,36.702864647245654
1427675612,36.557837544191514
2499680563,36.54787115509594
1930958893,36.393397898233154
1433546963,36.379967374454736
1934296252,36.36457178076872
2091260015,36.34521353989645
1427603313,36.33571925601974
1932571185,36.23194915135132
2501906010,36.16424608418111
1879140622,36.15664283428274
1880444560,36.10524314911027
1433557323,36.06047630418538
1427844833,36.022504720862045
2092069217,35.85250391997744
2499501600,35.82833425227274
2501922932,35.826537214501215
1880459573,35.74964459698429
2092919360,35.72779888471374
1879807672,35.65153883397227
1427899751,35.57412690002485
1434513973,35.473188188532546
1933513035,35.43321497563804
2499628723,35.42051643782108
1427688265,35.35773180912951
2502119500,35.346646206854025
1933496913,35.23476817920182
2499480615,35.226552830907046
2499302000,34.991540426771465
1427815721,34.80896708436383
1432914911,34.78858908658333
2502546630,34.760257695677836
1880485342,34.675137269063235
2500932124,34.668216609654124
2092944627,34.663363160345206
1879847753,34.34699355203013
2095404921,34.265156829079515
2502597690,34.215482350691246
1439462111,34.07074228268363
1878576484,33.94659667445523
2499283687,33.91198338603496
1880507825,33.90994996632462
2502511822,33.61105495909601
1434560371,33.45571731994595
2503797092,33.451655212176895
1879131770,33.13445350338249
1434710283,33.09768737185804
1879776463,33.04749332661376
1879860741,33.04352304913652
1932444564,33.02558323777632
1930981623,32.89038895154165
1879848477,32.83849625791477
2093058397,32.802821892172716
2093943865,32.716699509089636
1433223142,32.70383924973422
1879232284,32.58843772595871
2500567790,32.434618960399455
2500276083,32.18687536467472
1433336350,32.11973965824485
1879870725,32.11953733284747
2503489135,32.100063251183684
1933597263,31.959594608641265
1433464033,31.918707864793383
2501472364,31.887356737325167
1433779463,31.638704701265063
2093078772,31.514046422120302
2095344835,31.454178467012817
1879795645,31.42248531139976
2096265992,31.048839650457374
2500726200,30.978324735040864
2499292994,30.971973163011857
2501771443,30.95905466050914
1879830405,30.7897549283175
1929312651,30.781761043570103
1879879570,30.67022845088785
1432695027,30.581373562628436
1932496987,30.313293094414306
2503440444,29.95817319917706
1879896344,29.884730223549433
2501601525,29.856832450001484
2095400833,29.647788399521502
2502953594,29.629161377093446
2501252530,29.41042249530151
2501647282,29.371391249013232
2502559843,29.35300646702937
1433386395,29.342458503605627
2503191945,29.31671020869504
1930202261,29.289734612207397
1434555724,29.179497730536475
2499297514,29.147462761575305
2499318605,29.091122300576274
1434631637,28.957296185766754
2503158854,28.660436539530533
2093991275,28.43683714460917
1434308324,28.4168249883052
2095337017,28.284747541613378
1433123075,28.16812944147877
2502130825,27.737552909664984
1933549103,27.54553733179855
2500295797,27.537150379939565
2093923390,27.51336854138308
2503595267,27.417389978627504
2502988502,26.956018059265112
2502711275,26.81345819696377
2499589844,26.69880800069202
1433725465,26.650765333215794
1427722075,26.513681417064298
1439613093,26.386553335922112
1932513065,26.347447375342803
2091224802,26.291734956347803
1880532331,26.208930043026598
1427654820,26.160232199176864
2092091040,26.139616291838013
1879889292,25.909063059196725
1879788780,25.338230586936593
2093899587,24.63625233903901
2503617072,24.627858736510863
1879845435,24.61811342622371
2499264150,23.206936358503494
1879812094,22.63496694880324
2503662834,22.576778241741792
2094655804,21.928955507779182
1433596734,21.923942022493726
1879881264,21.72526228863712
1930938675,21.338742339276543
2092926037,21.330293414606356
2499412541,21.304788266796358
2502248875,21.247939190420045
1433512494,21.193218011759797
2092858922,21.121968751856432
2500584133,20.671323201718273
1879893354,20.29949088824745
2499362737,20.278887866310153
2095452473,19.217829631759955
1427679360,17.950580090092593
1930138130,16.881543015786427
2091183732,16.17911078856438
2502079777,15.967525565535334
2501706055,15.652996311472169
2503346200,15.232820015605572
2501052531,14.913757333703433
2500263481,12.941686404301182
1427592210,12.755225564391994
2501522141,10.478188547670884
2092774860,9.47660489050558
2501980387,8.587963608286246
