user count in community:311
Topic id:5,Representation:0.26033076073942163
userid,score
2093089440,6.851829089806662
2502154014,6.775432125265028
2501330450,6.748924287681948
1880543673,6.742436484584301
2093889411,6.741730378457675
1879891652,6.739856869416291
1930195061,6.726944982570009
2501409341,6.71397113117757
2501840167,6.6894802823970325
2500642921,6.676168671750512
2500735704,6.652541976246052
1930983777,6.634681452881025
2499630991,6.629605527321067
1931589695,6.612493376998105
2092857225,6.611508019774194
2500241810,6.604138647354955
2503671800,6.5845103875197335
2499273574,6.553693050370721
2502932734,6.550500008845576
2502976484,6.543488088908314
2093056013,6.531076753377768
2502344812,6.496739448136557
2502367794,6.492630294621156
2092760521,6.488403005416901
1930182193,6.471683340226932
2091962437,6.4651572670967585
1879246662,6.441883473096066
2501495104,6.426139297033876
2091253811,6.4249858996284255
1433678592,6.423552420990712
2503361553,6.411599195413723
2502448472,6.409001943769549
1931008895,6.408994525196816
2502484850,6.401776080817575
1879195423,6.401009385144692
2500370072,6.399911580508616
1931018942,6.3966720908829116
2501062180,6.389534959634447
2501365061,6.3794606091796595
1879794645,6.36665872406172
2503491790,6.355763123019994
1879141267,6.353591769148727
2502282900,6.342767937118146
2502116391,6.334061159057256
2501743942,6.313790924152994
2502374653,6.313104898382827
2502484114,6.304801863755931
1878586892,6.297604007631887
2499623642,6.276314744977166
1434587547,6.272698860736045
2499276040,6.268079227330569
2092756445,6.266630836351931
1878583253,6.257389712131945
1432895617,6.256035793363941
1433121964,6.226016540139569
1434397371,6.213767768598751
1931646097,6.2049529324820805
2499385204,6.20075325818273
2502695253,6.199841458037417
2502383232,6.192822489747859
1433281792,6.191605989956173
2502018237,6.186332364315481
2091963713,6.1642479149644
1879826574,6.163424990353631
1931659025,6.16041640554807
2501625731,6.160335740244499
2500125562,6.154442545717796
1931617953,6.153217816336613
2502150940,6.149530758362338
2499511232,6.1416325495235045
2501214202,6.105626884489033
2091194817,6.101887368150029
1929304783,6.09261405083386
2503257202,6.087917939186413
2094690595,6.080788015329405
1930150663,6.070282388813212
2500344960,6.062857380947024
1427801217,6.058736889781437
2095468132,6.058366890468901
2092051533,6.045524845591022
2502261835,6.039093989282811
2502609604,6.025453391311631
1879777241,5.996880210513324
2503283747,5.964360465664608
2094636912,5.943180898195417
2501995297,5.940561509067591
2499487050,5.940162286925613
2503168190,5.932165210194085
1931666125,5.928003385746002
2095398862,5.903870473331833
2499597587,5.895618512473225
2092809433,5.8948409041612155
1933506255,5.8900128653636425
1433320585,5.865140208852542
1879217220,5.864945655353568
1879149994,5.861984067665605
1879856732,5.860722241544436
2501179192,5.855330120093715
2499636982,5.847342610111559
2499568820,5.847194744737181
2094628125,5.842364348537407
2501834312,5.840869689928017
2091949285,5.837431039738179
2502206924,5.832161232498383
2503376934,5.815995521737086
2499301005,5.8125849900586
2094624744,5.8095849766438645
1931645613,5.808570655271511
2093930480,5.803689934265213
1932529823,5.80250005445933
2499706644,5.782880300228097
2096270713,5.771995224706259
1880520612,5.733030009523925
2502035333,5.7271103310057345
2092877171,5.726488796269297
2503819272,5.710719241324204
2502045177,5.702971795149559
1880517155,5.70092633584061
1879823955,5.6981580786356485
2502212964,5.691900289896653
1930179660,5.669311344109617
2499233225,5.665206410411073
2502208162,5.661412066891538
1879234541,5.638018283001253
2499367001,5.634820034419696
2501678964,5.631009790640629
2502957240,5.630734983185257
2499506874,5.608999967016107
2092902691,5.596593576319197
2501547482,5.592940450398048
2501742310,5.572325221958802
2501951010,5.571909047166557
2092016803,5.51926624403731
1879897133,5.513365916466354
2091284584,5.5088828713595746
2501233962,5.502991036044378
1879903732,5.5017603889170905
2094677051,5.496072634570947
2093878710,5.485592217350641
2501702960,5.483280151462339
2499886517,5.476391024312248
2094604660,5.475362595719018
1932604581,5.470924265113066
2093010572,5.459732551518456
1434634947,5.4586035062011575
1880514172,5.448111928653257
2503075752,5.440596983246011
2093035280,5.437127862073836
1879901180,5.426681494671379
2500674190,5.420191941085327
1932571975,5.417642051201581
1434434673,5.417241623816921
1879166473,5.386707835802205
2094578173,5.365169546824113
2503891514,5.363526124710997
2503409892,5.310110330278269
2502196083,5.299106071823123
2092085424,5.289566809358866
2502270430,5.261011802815015
1932580917,5.256528414281268
1879788995,5.248734736025107
2501797185,5.242622254115781
2501417192,5.233405484527055
2503127092,5.228520677104267
2502584224,5.203296519155285
1879768950,5.193897986827918
2502014644,5.177262659766656
1929313851,5.174536834820118
2503101400,5.1478846209955815
2095364637,5.128407738390975
2501601321,5.126691784881156
1930161347,5.126078895249841
2502098144,5.124311233481437
2096246144,5.121485894272355
2499256983,5.09131929417357
1879213657,5.088223787846288
1933503461,5.084340557803761
1930930335,5.082248043128799
2502524632,5.07867399266482
2499658284,5.076841430985185
2091229994,5.072564566661468
1931650313,5.056855746951656
1933536007,5.052143678951594
1433267413,5.049710050653325
1880545253,5.04893910663243
2499205004,5.048141338880323
1930957921,5.029962401042487
2501868970,5.026205900441907
2503276922,5.021531810569274
1931638677,4.996898141025013
2501315301,4.962676620270702
2501419345,4.959172461951184
1879895110,4.958174326593332
2499406734,4.9282401704038055
2500271721,4.848569139166664
2502789243,4.845259254128716
1933526775,4.835796767669326
2092782931,4.805731441194811
2500235942,4.797816487124198
2091246527,4.793260908731352
1434304963,4.7766864061438055
1929310631,4.773425625184626
2499760704,4.769497927475994
1433471714,4.757815422932177
2501452932,4.752388492654422
2095336313,4.726859382831143
1434238083,4.715161547247906
2502954552,4.710244050736547
2095459650,4.684720858638406
1930198115,4.660111593126442
2499462271,4.608247426726694
2503262324,4.572817609429693
2499255871,4.5725285377132145
2503048671,4.564350503966378
2095365674,4.5448266268528394
1932576243,4.539750920188147
1930977571,4.537622232639481
1879132110,4.522448482732778
2096199184,4.486620741056091
2501655165,4.475689883863837
1880534100,4.472567832373371
2500253040,4.445301114983025
1929314135,4.440216471444113
2092954041,4.4388025243969365
1879151613,4.42544863415249
2092852711,4.419401399627439
2503706070,4.41342004072683
2499313213,4.353050460452468
2501465580,4.349230363537068
2501060657,4.347919256390977
1931001532,4.346855099414257
1930158277,4.331109789121947
2502735804,4.316662494619515
2499229015,4.300733101656367
1879843694,4.296495459204905
2096237952,4.28038699271173
2093085227,4.249650605256956
2093000111,4.24860468400602
2503607053,4.242214643783313
2500202173,4.218615786826439
1879773915,4.216572834644564
2092006852,4.187206928246633
2091271790,4.18235048889125
2093897572,4.172765453666259
1879199300,4.166852105142068
2502013235,4.160624645015867
2095408541,4.142480967780284
2503549912,4.123447422432063
2502247592,4.116333514200576
2500597742,4.115280150051576
1880489702,4.111761415886723
1930195414,4.104856242467362
1934294445,4.10120092017232
1931639887,4.089657427510859
2500532595,4.061536437823837
2093906944,4.0323619793517205
1933512572,4.0002191309072135
1879246941,3.990305077589253
2499806932,3.9492863952770803
1931026823,3.9305878894579735
2503131707,3.920572260352966
2502109890,3.917187838680771
2503883795,3.9075528368129655
2503785175,3.904904830656809
2500230182,3.8836832088458944
2503119187,3.8442380972675165
1880465640,3.8384144374072586
2501409934,3.8269216513059243
2499672211,3.8240259753937944
2091184385,3.823710334960987
2503127493,3.8196730915235615
2502164570,3.7975997996602544
2499600914,3.796263554380156
2094559110,3.756466190209354
2091223454,3.740512923302017
1931664345,3.695308261938345
2499223904,3.691493749205978
2502467922,3.6746959575052567
2503547500,3.6358546726378265
2091974890,3.618244450275092
2501876201,3.5739266818113964
2501775670,3.540111231644974
2092893471,3.4504273845924174
1933520017,3.4487946543088603
1931595517,3.443222338815877
2094565175,3.4184363578287384
2093040804,3.3273591034731567
2503030942,3.3131232438952543
1933585575,3.2413802500327615
2093889797,3.240981069881199
2095403957,3.236898569357906
2501008625,3.1605061797123577
2094562654,3.1038647178140195
2502781277,2.989346443569054
2502949832,2.9159108398163394
2499257642,2.8892002597615867
1934320773,2.8727915263428008
2092016511,2.819510554409326
2092076237,2.7909667942490914
1433801823,2.5321636158718652
2502353354,2.4211763998368405
1930220275,2.4112610284499985
2503167024,2.109527156180311
2502397640,1.9835434483828887
1930930971,1.957578539911957
2095365521,1.8616118711027212
2501665430,1.7055277668126396
2093072075,1.6029463777857496
2503420091,1.5346429032303415
2092092363,1.4363709111810579
2500238875,1.148521021754187
