user count in community:1029
Topic id:4,Representation:0.5152056829479283
userid,score
2092858435,80.2168717229467
2501471075,80.2047646429352
1878595471,79.85485267790179
1879888110,78.97385502962081
1932489561,78.72862892047006
2499238983,78.4830889993619
2093064853,78.43664652186469
2499552207,78.37605208731101
2091188353,78.3545174681718
1880443787,78.3286940851364
2501355724,78.31537500705429
1880483700,78.23747436923784
2499762194,78.19569725108973
1879791133,78.13142930221551
1439377233,78.08222713018623
2501311230,77.96082950086766
2095352751,77.74127113990362
2502313740,77.66949991859694
1879202085,77.62128191526837
1434094101,77.52993515819196
1930168374,77.51541582435473
1879237145,77.50772790179606
1930979633,77.43119377444307
2501599404,77.40710160057311
2093011210,77.3782569318093
1932510763,77.29242031531963
2503554092,77.25096647795857
1931689215,77.24119867210885
2095394617,77.20578847135755
1879161280,77.19488652806818
2095392243,77.15442938153195
2500102042,77.06106523655117
2501016970,77.04413698625044
1932457174,77.02431287970627
1932505457,76.78691734746066
1879207707,76.75234198673041
1930152301,76.7215067743683
1879811890,76.71678550802743
2092761487,76.6746483305261
1434432584,76.60307933215175
1930940280,76.57667915270723
2502932442,76.4995838154796
2093080013,76.49834964914966
2095412565,76.49651498444548
1879807244,76.48032597877561
1933549545,76.46126521673685
1433199633,76.43062202007796
1879811465,76.41633756906324
1933494805,76.32925934670979
2503692947,76.32553179675631
2093981553,76.20063492803682
2091201120,76.11931200775533
1434350237,76.05708457396182
1879815904,75.90709193156322
1879891071,75.7949437101386
2092019875,75.78638932355837
1432640924,75.75590467508405
2499531205,75.75334348384
2501820991,75.74582109812872
1432959657,75.73035167870388
2092937533,75.70146979307711
2092878885,75.68346793700196
1931607622,75.68243154247675
2503076984,75.68092481462436
2499291103,75.63184177474696
1931588940,75.60596770526612
2095409650,75.5752990501895
1433101515,75.4502044488845
2499826432,75.33781405567902
1879248523,75.33359895615467
2096208345,75.27011446980678
2501098453,75.23509315553304
2501149074,75.16444343851245
2501800415,75.14173134539946
1930992352,75.12112173409639
1880495650,75.10901791954763
1930937403,75.10544073206272
2093060064,75.10173627814184
2502432240,75.09219515784916
2095352311,75.08424274914096
1879237643,75.07810912247858
1929303183,75.03917784865925
2499581512,75.03705745957859
2501661824,74.94837694202975
2500900994,74.93438758375781
1930148543,74.89307445885254
1880454443,74.87836165593576
2091975120,74.87488495153508
1879149390,74.86616170579809
1880481975,74.84702343537421
2499543057,74.8304885741012
1434474163,74.80482509527717
1879794502,74.79155837589497
2092752310,74.69767170314704
1931025780,74.66386324143012
1433991732,74.62837392543497
2092912684,74.61130973947499
2502676583,74.58924051300451
1880527951,74.56982044900617
1879156917,74.5476527097322
1427652811,74.52774578297253
2094684312,74.42536362645679
2503922830,74.39994937700791
1930940603,74.32655163033422
2091210382,74.2840416822615
1879176623,74.2083522671708
1433546934,74.19181743527707
2502887135,74.17526613023374
1932563855,74.14491032786093
1879214501,74.06306896767758
1930203205,74.03845314014059
1930150194,74.0384092994402
1879831903,74.02281255392846
2501937211,74.02032215810348
1934319970,74.00933990856912
1878601002,74.00249668146533
2095433443,73.9961206774477
2092848397,73.89851437817711
2092800062,73.86775633070631
2092931571,73.84099739744627
1930961914,73.82371618765539
2093086613,73.78032286618215
2502291050,73.76978761390282
2501802401,73.76727501585394
1878603877,73.73709897783374
1931610084,73.70547229860382
2499308242,73.64792695956892
2500243340,73.64530189212662
1880468610,73.63793950077525
2092082737,73.54778765644403
2501447114,73.52895959853045
1434452880,73.50162027764928
2503315264,73.47964188946816
1880511635,73.41577041260044
1879206022,73.39541249846341
2501686583,73.32396847575254
1931020402,73.3043147145663
2503774534,73.27653920105746
2502332847,73.27544109474327
2503374124,73.26183082775258
2503626107,73.256006949333
2499382070,73.2214682120261
2499833534,73.1956995824228
2499257222,73.10617839252733
1879796645,73.04002249868817
1879811650,73.00621655344494
1880439310,72.99686762335541
1879154971,72.97575747010333
1880427754,72.95612754628199
1879169507,72.87196612522028
2499283287,72.8584200038144
2503743230,72.85770967214923
1879182725,72.82241506326784
1879843095,72.76559197443827
1879179333,72.76445288196268
1879125695,72.73311308594087
2092777021,72.7134257163538
2501843601,72.69797426680367
1427864823,72.66945135402017
1879836814,72.64879869059183
2502403510,72.64569856373772
1931001041,72.63057172184857
2503362361,72.53113290558399
1930973980,72.46952722486785
2091961791,72.43878931509877
1931633804,72.34704608449033
1932556122,72.32431983596614
1879808712,72.30493402155135
2502326242,72.28988227737466
1934297007,72.26045504903058
1879176952,72.25523888585813
1933521451,72.23552773294324
1879243184,72.20619645658242
2499299800,72.18472397487706
2503380831,72.15517047370162
1879143971,72.06230170194661
2503778574,72.05991683158145
2502146201,72.04688190549842
2502245990,72.04201849536531
2093967565,72.02546856459261
2502723321,72.01964304855653
1879208903,71.95286695017653
1880536181,71.9522680637667
1879877182,71.91604901627618
2092954843,71.89865906413577
1931617462,71.88270442905409
2503768161,71.83784323611711
1880531015,71.79552173700498
2499588640,71.77337011983255
2501728871,71.76735892752626
1432715841,71.74966732957806
1880508490,71.59508152175616
1879152944,71.57391820593601
1930949107,71.37576766888176
1930231971,71.31943249493435
2499488215,71.3117586393881
2502397084,71.27258383003513
1879800233,71.25831409944213
2092026415,71.2518101029437
1929315913,71.23853941077272
2503534702,71.19896191180916
2501450034,71.18083916269794
1433467521,71.17310888305197
2500289660,71.16116259345722
1932476351,71.10280815107684
1931012001,71.09690183368457
2500465907,71.07626379078144
1879222605,71.02316329756569
2501169814,71.0115184420459
2502208634,71.0021736005649
2091973117,70.98600229774844
1932653744,70.98175928999193
2503456083,70.94899981736097
2501040175,70.9345305586615
2499296120,70.90399922028833
2499499890,70.89853483152493
2499458864,70.88996265490552
1880526177,70.85910993323077
2503371853,70.85529144760494
2093946140,70.7604824448139
1933564375,70.74058073633609
1433697001,70.6973680814854
2501690062,70.68844802866205
2501456512,70.66913723368337
1427772923,70.66436784107081
2092992673,70.60537970842995
1930954015,70.60185920642846
2094632982,70.60044287557086
2501761493,70.58162321624145
2502858837,70.55998189614579
2500362523,70.54745894435042
2093056471,70.51222225488112
2095422875,70.4976112649663
1879836837,70.48115988284032
2501008205,70.45986792453358
2502542662,70.43249176317268
1932514924,70.42321399798811
2096222302,70.29238834611232
1930174271,70.28059324035344
1434383341,70.26150628509443
2503872484,70.23086608696438
1931001297,70.22642352171677
1880479131,70.1947634690353
2503373132,70.16524642573857
2502802372,70.1546142961768
2500390413,70.13319105500545
2091199193,69.95804714056622
2091982721,69.94519426861342
2503747972,69.91755080913566
1931686503,69.90448583792697
2500848271,69.84728784941132
1879786804,69.84554043636108
2502277934,69.84287649077855
1931636420,69.82224498087334
1879792694,69.74783486839414
2503187830,69.740077785414
2092928521,69.66928357537604
2499605735,69.64358408195146
2094623015,69.63736885962747
2092895213,69.57847233904438
2095467261,69.5474009778603
2093943622,69.52498146082168
2094564307,69.50539969268262
1930966252,69.50211496390834
1932440190,69.47241364973104
2503034700,69.46643298003765
2499371070,69.46516147404573
1930169244,69.44046712120824
2501979142,69.41262110381179
1930200207,69.39249751852861
2093977123,69.36035348895884
1930968441,69.31903964248424
1879243697,69.20829483872386
2500433831,69.1589852679134
1879863864,69.1338581784117
2091947402,69.12667563027924
2093960557,69.07609706851564
2503638610,69.0735923232313
1879172691,69.00922636446417
2093960770,69.0028473476907
2092080070,68.98028111308535
2501503601,68.95257839260441
2502318014,68.93259344638308
1932541354,68.83062530738198
2502529801,68.72114757909989
2091988012,68.717146515363
1934303325,68.64990118430096
2096279842,68.62902301196993
1932608894,68.51555394076641
2499416981,68.48822994969588
1933518550,68.48213779349605
2095492575,68.4752673957049
1434304104,68.46764721192415
2500972741,68.4583733393237
1932591405,68.4464060216711
2502386213,68.41836558648136
1934298653,68.39959236764405
2501296824,68.37836005408792
2094558563,68.37114275567446
2094584945,68.36456386497278
2501745474,68.3462558212079
1878587053,68.33734157958382
2501241902,68.29184797521023
2093940160,68.28614419441175
2502159035,68.27708101464138
2095451137,68.21419363571445
2500744904,68.18861722925946
2094643294,68.15950906387965
1880478483,68.15363925795988
2091957401,68.10075257364849
2094686062,68.06511779990042
1879881134,68.05927478183607
2500221872,68.04456502631929
1930216045,68.00213748584987
2500746960,67.98442766186707
1930928765,67.96947664639418
2500916855,67.93473232707623
2092997547,67.88601437682857
2501230707,67.82779655254639
1878584235,67.72844130013827
2502125320,67.71296729339247
1930975947,67.6864609046241
1879154335,67.58227845053744
2499284220,67.57693451096209
2499223451,67.5612495805103
1878580747,67.55396238129471
2502943682,67.53891307141569
2092926813,67.51775050308154
1879157904,67.51724170709933
2500399293,67.48976118045896
2500838150,67.47210945248614
2499249480,67.47143492399763
2092896782,67.47098786737676
2499729902,67.45941810430864
1930249271,67.44991160958463
1880490001,67.37054219929917
2502469740,67.36815275596595
1931643017,67.31626464332015
1880473641,67.28618171501878
2499576032,67.26052908502004
1879909085,67.23757668221187
1434068273,67.18867115471583
1879823660,67.08188257106104
2092860614,67.02959164832058
2500869874,67.02327704760512
1879829071,66.98514247962883
2095352591,66.92794588065222
2502980641,66.85578579902585
2501621443,66.8392860016388
1434250440,66.82487354821836
2091237282,66.79034848407552
1433603200,66.78232322711611
1932490153,66.78036495732994
1934319462,66.74914252937033
1880504634,66.71622575111337
2502286981,66.70438589380255
1932639853,66.65554231804208
2092965332,66.6159940278245
2093085411,66.563722962877
2500640503,66.48708529988673
1879780590,66.4857155734061
1933494711,66.48416187458325
1932438022,66.41368897187124
2503025170,66.40582024466086
2501143594,66.38958823579206
1930192312,66.38347405737153
2091278312,66.37407579050947
1879178394,66.37000386686775
1930989237,66.34012704348697
1932627120,66.29907167730023
1434339160,66.22698820406224
2503564650,66.22396750886797
2502339012,66.21774850349804
2503382911,66.21276387804615
2093088457,66.1508090607942
2503700332,66.15041766997841
2096253487,66.14541148569214
1434471061,66.1400625368654
2096236307,66.13930024602543
2095392045,66.13779290268504
2503722825,66.12535437273813
2502183104,66.0761191705436
1434384562,66.05522057781229
2499396915,66.0168211434165
2502582172,66.00213024699711
2502636654,65.95829783006035
2503786723,65.94160700563604
1931006080,65.85135090616683
1931588942,65.79940944347288
2502528323,65.78221578633554
1879826951,65.77336992599959
1933561165,65.7516105330982
2093911237,65.74998164616886
2502107004,65.74226107243744
2502296224,65.69103901702476
1879244284,65.65573276945096
1930180330,65.63031842917438
1930247677,65.59208727647156
1932634055,65.570911096431
2091223811,65.5608295214243
1934300257,65.53940343944849
2092932582,65.52844804993349
1434531197,65.52512045430582
1433859440,65.48990164532134
1930973711,65.46609280866427
1931616884,65.41945925621543
1934306281,65.39563467311072
2092786760,65.36858576002537
1879147434,65.36229449567186
1879207954,65.3490548810453
2503506700,65.30286741276927
1930986841,65.21605147737368
1879889052,65.20643402467122
1933516751,65.15065791349433
1433442071,65.08047266986406
1432845141,65.06723903626703
1932623811,65.04830706569238
2092766250,65.04789212917024
2502617040,65.01217858609793
1879224101,65.00992055206642
1878582487,64.91540765395007
2501044013,64.79523949480755
1930984701,64.7323760568346
1879150732,64.71793883822647
1434278044,64.71181625865817
2093001787,64.70738816794555
2501854321,64.6967800219125
1931608607,64.60309207601169
1932629821,64.57787240697073
1933569752,64.53042369140567
2094616831,64.50415432672966
2092894141,64.48269777854621
1932483774,64.44381869333591
1931691327,64.4423281692142
1879795681,64.4384967876192
2092934154,64.33824933284224
2501209115,64.30677030661037
2093929672,64.28993116434032
1878586150,64.28768671103244
2503632677,64.279303196121
2500150361,64.27013900219667
2092080263,64.25855504556075
2092990864,64.09934943767935
1931664417,64.06801475635774
2501886724,64.02330685260395
2501120651,63.987293523750004
1434636037,63.98488013613751
1879911255,63.978185711915415
2093042550,63.95429988440716
1439482372,63.93032122741676
2091262507,63.87336413251455
2503320787,63.86810386099789
2503887320,63.86187063703527
1434206133,63.834454755339486
2502267942,63.82189406885671
2501643600,63.80065795889656
2502319740,63.66305956822401
2091230624,63.64245194962401
1879840945,63.59583010204905
2096271871,63.54617297722977
2501499373,63.542852467365236
2095368807,63.51874092856704
2502581142,63.51102258758328
2500612951,63.49957300957034
1932573783,63.46300322464186
1879156897,63.43782262681751
2501957217,63.43649818340804
1879802412,63.40146254838877
2091951267,63.356664619619394
1879842813,63.27512962096325
2501573564,63.26930884212708
2503655660,63.123950786392676
1879894710,63.10766828344468
2092973252,63.066259842821424
2093074877,63.047779981961625
2091273977,63.02623076178793
1932606413,63.026114478074035
2092948962,63.016750764497665
2091194191,62.82664144021502
2500327027,62.822400848659285
2502113181,62.76772254098709
2502042364,62.761707522147795
1930954477,62.68581431346061
2502130954,62.68309876230238
2092895481,62.65765447515624
2500453793,62.64573573992021
2499434797,62.58804830958701
2501412210,62.5724880195374
2094649620,62.54424114248127
2503605217,62.54206294469114
2501015290,62.52681677530397
1879149283,62.50947999175753
2093858032,62.49448067520419
1879776741,62.4864246529116
2095444641,62.47950359670198
1433025417,62.466781306897545
1879138233,62.45685691529234
2499772990,62.44544664278116
2499206293,62.44337957821836
2095439572,62.433922936961515
1433755423,62.40768762196574
1879214795,62.39084449793909
2092860551,62.331704522356866
2502282840,62.23856392300081
1879903312,62.23716422736992
1879833267,62.15447044413555
1879850674,62.14503219337877
1439659294,62.13516607087839
1879780801,62.132744351170274
2502636935,62.109954100384435
1879211333,62.046628280628475
2501197010,62.04166036500479
2499225637,62.022825370321335
1878597701,61.9777523085622
2499259942,61.95456863602876
2092866367,61.9537276824917
2501780115,61.92072612386197
2091268024,61.894111067848804
1880536880,61.86105455456206
1932472671,61.84083767449039
1879227840,61.83729562963744
1930939077,61.81471916706718
1931640135,61.8074118391755
1879835704,61.77802108542785
1931589363,61.776144685634826
1930991267,61.77388634470085
2094597364,61.716246436609374
1432603415,61.70318047918736
2095398655,61.690594198224275
2503151560,61.61388933667488
1933493590,61.612632980859836
1879832213,61.48406891014913
2499828202,61.47979498954434
1879822264,61.42776541135769
2094669691,61.41287409278603
2092773853,61.38194113652172
1932582351,61.360936581929344
2500736950,61.320412225825145
1427722133,61.31878947201088
1879773570,61.31736813327364
1879855563,61.30063348253174
1932611027,61.30058615899953
1878603172,61.22792745701612
1879177281,61.15375786618722
2503073171,61.14882890119636
1930940712,61.105528176836536
2499712482,61.0923374403478
2502292901,61.0759346243837
1930246051,61.06387313790009
2499247044,61.04642679229523
2093042637,61.03063264573815
2091186777,61.01101400614475
2502636050,60.96317543040195
1432707775,60.96083285443986
1439334713,60.91825185094814
2501244800,60.91796089682986
2501326262,60.91756476081014
1879782824,60.91705089253297
2093057597,60.910137070771114
1880533182,60.8850638720311
1880507674,60.88317409987647
2092076503,60.8731945450011
1930241843,60.85928824294954
2502617454,60.758367134178705
2502110792,60.73515992894389
1879813337,60.661564154555656
2092007703,60.57653063673709
1427732714,60.56372604733457
2092080571,60.55906439494058
1879825524,60.48000446386534
2501987473,60.47959772323798
1434293665,60.45462119468955
1932555224,60.44639474926203
2091949710,60.43807770941337
1932461261,60.28837544863299
1931656005,60.27699818617356
2503129437,60.274125150469295
2096271540,60.26563584705679
1427595804,60.21616393403977
1932531327,60.1923810608408
1433352803,60.173129286129445
2500253524,60.16613575135315
2096227567,60.135526896050415
1880526614,60.01152651674917
2094612804,59.96760368485857
2503427920,59.897580848679304
1931600081,59.854553181635666
2503862154,59.85184383225585
2092918933,59.83409002140507
1433177945,59.809059139334465
1880518571,59.80480885090508
2499716555,59.68686174325653
2502105703,59.68007986129351
2093943574,59.63240146154401
2502838235,59.626093824614465
2499302703,59.44516512346011
2501418171,59.38969948272704
2502481820,59.38426657030229
2091981662,59.27375490374973
2501220240,59.210318759185796
1931594537,59.18774906862626
1879791237,59.183486155820454
2092836372,59.17238316315978
1879895723,59.17103515871371
1879845685,59.15285077273698
2501240590,59.132809134593025
2092993380,59.11168637246475
2500219720,59.110368567304455
1879773543,59.108142368020985
1932566195,59.065052589135085
1879787050,59.05695729682808
1879130510,58.91969514617838
1433936424,58.91553182407187
2503869741,58.909707552052986
1931665035,58.87280620080006
1879847007,58.80515371317107
1930197437,58.783447684760546
1879839430,58.715012007173634
2499305347,58.635159112889546
1932506461,58.60090138400381
2499255770,58.530680186194076
2501063052,58.51999166015221
1930212161,58.46338857466509
2503056204,58.4581866110933
2501287882,58.43715865976221
1933555950,58.38506833671523
2501573705,58.31998030635327
2502459502,58.29299247530499
1930933573,58.01013950566084
2093049863,57.98646292052769
1434760937,57.979505313987026
1433630363,57.97895557346491
2503006452,57.836756041517845
2093856124,57.8073884041472
2092776380,57.77198136577961
1878592094,57.74111100857867
2502123624,57.73437410946125
2499205031,57.71274937550193
1930945727,57.69994232352337
1932568195,57.681086602652364
2094656613,57.653343390284526
2499230603,57.651590026230636
1932651147,57.60359317294851
1433733834,57.515917036227954
2503921877,57.472562952891096
1933600554,57.40087217135521
2094668963,57.15918526956872
2503793365,57.121344024574434
2091271224,56.99408695778053
2503100674,56.94517087355015
1930969434,56.889084594828
1879146547,56.8695763196146
2091186947,56.86300052112976
2503523992,56.83367449225321
2503779154,56.797533669257184
2093009913,56.780854192345444
2501677534,56.76210307989201
2501320055,56.69237292794726
1931608954,56.680529647204814
1439514351,56.676869384826276
2093956967,56.65787807493887
1880452565,56.63423336816631
1933555542,56.62722186125528
2093072843,56.61295071009349
1934302351,56.60099887571379
2503261852,56.47945614764265
2092856014,56.47162168565323
1878589562,56.430150345131544
2502217212,56.42038018071798
2095350227,56.395042610436974
2502308657,56.357088698356016
2503570454,56.31462088258228
2095429141,56.29667175587484
2094633064,56.288684921500256
1427689630,56.276802766196944
2502246510,56.27004543117038
1880513295,56.2057800499352
1879175273,56.18137628190527
2500266087,56.16111755012478
2503242567,56.13983489813875
2091997783,56.117603722962805
2500202283,56.028122563686715
1933501107,55.98364696364027
2503009400,55.97273589792865
2500371823,55.93976522924144
1433570441,55.89395183414301
2502775600,55.88059919047343
2500793294,55.79209367989977
2091197315,55.71544998748041
2095399191,55.681403514849904
1879847252,55.62773359900297
2501404785,55.60026744562702
2092902047,55.50150804928844
2503826374,55.481329223796116
1879171031,55.44328265509044
2092038522,55.4279981150005
2093866991,55.42658904670775
2502267454,55.388027658729264
2092032733,55.375320212864644
2502096030,55.35912973633754
1879181184,55.20379311405112
2091180663,55.2034173798951
2093922924,55.18146517735978
2499591744,55.172721754470516
2502781272,55.06796855147579
1879164957,55.050946871674974
2503665651,55.01423634813305
1930960880,55.00812379809813
2501978697,54.995670566292205
1434687635,54.91862998723201
2094672883,54.85727021936769
2499330552,54.777653462238064
2499655397,54.7233249076288
1879887370,54.69352099450786
1433452523,54.52144722723475
2502376575,54.41604075036251
1930946377,54.415412410732436
1930993880,54.40906139322151
1880545253,54.335461333968325
1930959933,54.3236222905824
2499655133,54.31260508922907
2092886003,54.276386177657145
1879859474,54.24015642092281
2095422180,54.237685929582874
1439375154,54.11249987529485
2499441582,54.09260143550805
2503707324,54.08218987409894
2502129845,54.06693915295196
2501749142,54.060166913911665
1427611500,54.0593786852443
1932460174,53.90572147205218
1878596164,53.88418537681339
1933581352,53.85839150173707
2503819890,53.80920048624152
2092060795,53.78296231557065
1434235361,53.78220970751389
2502510802,53.68587452023287
1878584871,53.56730954575726
1932612563,53.52515140938496
2095336380,53.498298171948605
1439358383,53.46866360399413
1932535815,53.45780593728156
2503718010,53.442271455932335
1432637681,53.393977609631065
2501226367,53.26691948669812
1433466075,53.260311782637835
2501163810,53.24439382202924
2501409150,53.169182720487896
1930950830,53.151372117554864
2092799007,53.12527752830341
2095370287,53.110399877236944
1930136852,53.04293299720423
2092817663,53.029013900646646
1879798201,52.928564257742885
1433277003,52.91758173525543
2095340617,52.878160193966416
2501876944,52.87675984516
2093945075,52.84681916038457
1930934351,52.78889081721593
1879814690,52.726978933946405
2500102190,52.676935567409735
2095416015,52.675476510462204
2093969754,52.64749169160952
1933575795,52.6203029149311
2503096674,52.615539294258916
1879866257,52.612070400277794
2503197992,52.54455084586406
1433313887,52.53580735156304
2096230544,52.50420055793244
2094634993,52.48312589151104
1880483660,52.479062744651465
1932504094,52.47833377447382
1931679275,52.42105412374956
2091950073,52.41148256258318
2091225392,52.37475455316537
1879853294,52.34098097621929
2503404540,52.32482103307569
2503244174,52.31773708085537
1433871525,52.26088081363802
2502520590,52.2404376102843
2095485540,52.183979007131015
1433061381,52.12626592942833
1433263520,52.080971535377216
2092058544,52.006736610865595
2501981947,51.871657029082776
1427705930,51.78423793279729
2499645960,51.750589398113675
2503719523,51.680967977243526
2094687982,51.67335848036363
2502505582,51.64281836792346
2092853552,51.61793067241547
2502367164,51.61575790697448
2503833490,51.61511456129378
1931617017,51.527814744542354
2092781801,51.44126668712871
1931672455,51.44105360546653
1879823771,51.432427940110394
2091253857,51.36756834095362
2093011495,51.36488976226507
2092840745,51.30313630875649
1878601460,51.30250829762447
2501065732,51.24836865385652
2501199145,51.23296824057115
1932601025,51.22489481594391
2500325924,51.20136968771853
2501729072,51.1791204282313
2502035962,51.113754225695104
2499313540,51.10075470761978
2093896111,51.0874915512431
2502260081,51.06152617302759
2501775000,51.01044320035832
2503744012,50.92315802131103
1931003510,50.86394472939882
1433523485,50.84008833141131
2501276130,50.78952614665603
1880533831,50.7679992224041
2499798530,50.75261222279819
2500103064,50.751115062134225
2503273580,50.694677707617856
2092064384,50.59584410699511
2503608270,50.5933241290239
2501788375,50.5666587857956
1932576243,50.52080065271007
1879795914,50.48352351093941
2500809400,50.47996827953387
1879163794,50.453778726087336
2499624740,50.40449822012788
1434476403,50.37928446470889
2499257907,50.37236013406876
2093946341,50.33737255967501
1930939857,50.2859493831835
2093005667,50.20262513215505
2503125171,50.1511260846865
2501969041,50.132173963565855
2501722000,50.10851924797451
2499244132,49.949906140783085
2501183215,49.93540381158168
1879906943,49.85184667174531
2503520765,49.786666590303824
1427839717,49.73570316319009
2503275000,49.70718982300903
2500829670,49.6980139614821
2503273750,49.677950956724835
1434130427,49.607996549375585
2092021475,49.59588618557412
1433589300,49.45993887873945
1434731783,49.2695967088629
1933523414,49.127913107722804
1433881343,49.101463715772596
2095382143,49.05498754852597
1879800210,49.02291482661783
2503500327,48.98261389102369
1932600585,48.942340321446004
2093010643,48.88719178704312
1931649310,48.88209685135725
2503052112,48.866737640253156
1932582531,48.812773535631486
2501651352,48.720933599759604
1880488002,48.6844578066369
2502635175,48.56132273708556
2095365654,48.5205689140203
2503160971,48.4531738374503
1879889037,48.41993502456352
1427602581,48.36392743498272
2500296344,48.33476955927207
1932567225,48.29426066191017
2501575212,48.20364969012223
2091186867,48.162970039742795
1879149223,48.11029372459417
1932611685,48.08914335179268
1434597257,47.96794497912482
2502093972,47.958313913375704
2501883342,47.93986793906904
2501652962,47.850822606618905
2092806583,47.78163621749426
1432682854,47.760922480590764
2091188577,47.67559089412123
1434043830,47.67074263493763
2092885952,47.58764130761402
2095358872,47.531311266274294
1879224335,47.51841136705538
1433714624,47.41789061405522
2502951294,47.13221460291948
2499500162,46.99721405707072
2503573112,46.72007820467965
2500212595,46.71880365100375
2502486533,46.67601953068046
1433593472,46.64955320015689
2094563407,46.622405244995235
1879159263,46.59981231636369
2503368450,46.576182748351656
1880520612,46.562473468482025
1434342830,46.55129638890913
2096268040,46.50117357276493
2093923470,46.361959049455905
1930201942,46.277629250392685
2093862715,46.26200658558885
1880488220,46.254672631661315
1434095305,46.18582948877132
2094576674,46.18055849540479
1930927987,46.12032653232332
1932499717,46.100191802624785
2500293600,45.87784647082253
1878589487,45.81762677575458
1932463507,45.54658726678598
1439478962,45.49865804836138
2503876297,45.4631206676991
2093918845,45.418148786144755
2502501430,45.40010591853504
1433706647,45.218877073509006
2501409181,45.2071387296098
2501835781,45.124537684021156
2499489561,45.11694936830505
2503439794,44.91286548938185
2503931750,44.89319505533318
1930195303,44.88346691735809
1879151463,44.752438059070556
2095413893,44.74996168783889
1930156457,44.69033929246194
1933570641,44.686950995394916
2503419273,44.60360214854326
1930964653,44.549787875978176
2503538754,44.54840331690856
2499667832,44.351963754579664
1930954185,44.30007168721769
2503892845,44.139959168899075
2500174963,44.0795140219929
2499370034,43.89089858155366
1427816602,43.87643354321735
1932545561,43.536172154470904
2093952365,43.53139900180655
1933587081,43.52561813268085
1931658407,43.30847268048296
1432633344,43.254489876685895
2503619083,43.069717667090536
1434470915,43.004968667743796
1879881144,42.89947024851187
1931630260,42.89721936788215
2499259304,42.76554289015433
2503282622,42.73346363593723
1879217220,42.69338442999248
1880517807,42.66833980095995
1931625055,42.61552843577693
2499689664,42.44452737207392
2093866724,42.424074619783106
2500980572,42.08951033794729
1879771185,42.071418765712885
1433177313,41.99363205859969
1930147935,41.967449840658404
2503442302,41.967053605478874
2503653185,41.954109063413114
2501590787,41.802565991487775
1432823653,41.795512864474915
2095341063,41.69822110484347
2095434701,41.65703450127397
2503588050,41.35351058021567
1879802973,41.09078447847108
1433133782,41.06563750171612
1427820455,41.062242514222
2095426867,41.02194546443419
1879902430,40.82731166563526
2095482085,40.7641399337568
1930998551,40.713450634975686
1433302445,40.683574241282194
1931642065,40.565904440597805
2499462271,40.5463859059333
1879858124,40.54324308932565
2501419345,40.52538486057346
2503770674,40.364832748483366
1434204871,40.35701045225916
2501095202,40.04114684060694
1879238252,39.90043150830803
1879200495,39.85594424920229
2502792727,39.81809872317742
2503048671,39.73496938744086
2501358252,39.616907171695146
2093053935,39.60833196460946
1434221201,39.437201608161764
2501052531,39.142742626665225
1932479880,38.97864093911642
1931658935,38.73289169345698
1929314135,38.57366026702644
2499405205,38.55640250821351
1931022664,38.54142301859832
2093905673,38.51469396465711
2092922897,38.44848075954541
1932614251,38.37447903003118
2499802124,37.81235063686139
1879247017,37.77303084906941
2503143945,37.69491176527133
2502073357,37.6593931937488
2091990522,37.50741677656034
2092922107,37.41731227917193
2503584952,37.330875152663104
2092939025,37.30226198653164
2502490110,37.0641867524056
1934303255,37.01994526187928
2501155181,36.90531054732433
2092925813,36.839784602216426
2503396477,36.24471486927189
2500886690,35.782557971198074
2092911407,35.59876282245578
2501409934,35.37152313527055
1930142043,35.25611863492082
1880448233,35.061754580614476
2093019674,34.637124335484316
2503114182,34.24391850982761
1439411820,34.11351671045658
2501532360,34.02050661090406
2091223454,33.74933493447825
1933530140,33.21601978999003
1879782090,33.11240209794687
1931679390,32.796449255219024
2501089503,32.286155211125475
1932540173,32.23889258908916
1932488225,31.678482782515477
2095407205,31.43961328898737
1930172982,30.687051703468143
1434601634,28.93262474904415
2093088981,28.57885281136423
2500948187,26.80096821790548
2502358664,26.553332317438347
2503757252,25.031781089909973
1879872574,24.628464241948056
2501732960,24.341380978331006
1931006451,22.67453707843142
2092842645,13.578011094540425
1439408447,2.077858324269207
1434387020,0.34541675307351927
