user count in community:490
Topic id:6,Representation:0.4513224916745494
userid,score
1930996373,27.32374972847159
2503489135,27.251231831421634
2502711275,27.051178467402785
2502953594,26.993856256255484
1879786531,26.989976774595608
1427828665,26.871502870200054
1879845435,26.7941873673547
2092773100,26.733121092862355
2501729401,26.689056501148677
2500108472,26.564546736053227
2503059394,26.489469835597838
2092969524,26.26269137691179
2500584133,26.2452454626986
2499508827,26.235591081771634
2092075317,26.186852483568725
2501664181,26.06151746401429
2092935932,26.052301005839226
2501426235,26.030727631884698
1427899751,26.018029301051293
2092928664,26.017392674637907
2499283755,25.995482846008898
1879847753,25.951223428189365
2091196300,25.90151181624482
1931003663,25.787742410231942
2501601853,25.758391326693342
1434698690,25.60985233353639
2503210194,25.599142386781203
1433827742,25.588028275239605
2092858922,25.585251428200397
1879232284,25.554968314864237
2501492734,25.52304270012066
1929306871,25.430371283032912
2095400833,25.384937686021274
1439440182,25.382207689766172
1932609990,25.365907411982608
1932625125,25.365213040015814
1880509394,25.292431171152224
2499412541,25.285314218487045
2093884592,25.263929065585707
2503596362,25.177147950148015
1434273035,25.164318993025248
2502960784,25.12737113836679
2092926037,25.113793821119813
1879883790,25.095159370442175
2501706055,25.050602329143803
2501882615,24.915413855331604
1880494727,24.84502680371303
1433464033,24.84087025286291
2095412055,24.837151769771197
1433191674,24.81020865756955
2094658367,24.806100088649064
2094679125,24.7964212784297
2092919360,24.795017133012095
2093899587,24.77786498923643
2091220224,24.609786010934172
1433596734,24.602441432331172
2092782055,24.55144711298474
1880425273,24.427081844811255
2093078772,24.400640752205067
1933503670,24.391967010024125
2503583964,24.353511308787464
2502132763,24.336141532652768
2499501600,24.315966618501275
2502186100,24.312204569404727
2503767182,24.307171788244666
2092990863,24.28426338979924
1427679360,24.262050323916835
1932479042,24.247232798586577
1931622663,24.21193031950341
2092958110,24.209606158422268
1434560371,24.171297319398576
2092032314,24.15613773223692
1931644470,24.117148435938976
1434394701,24.09239489374357
2500986093,23.945103122712567
1931693192,23.922916109932586
1879893354,23.871708847530204
1880495234,23.82577662974636
1930185973,23.80065494230492
1934300801,23.79901937459067
2499414650,23.795728324981887
2500276083,23.75756104131808
2499268953,23.74666806688047
1879167711,23.71530818682094
2093901271,23.711941495578927
1879896344,23.649021513574652
1433057320,23.634187833929705
2501749561,23.613806609969732
1879829767,23.598815905416323
2502075067,23.587053206415472
1434192330,23.557612551145578
1433287292,23.500080158874034
1879179653,23.485648499866876
2093943865,23.470596748316748
1879179857,23.46286315897818
2501262112,23.438311385318748
1427592210,23.427812936428108
2502657644,23.40564068152672
1930929842,23.40141465819057
1931011424,23.335203289522532
1930215862,23.302458107038273
2499650720,23.248716891451334
2502988502,23.247768607439742
2499628723,23.246678604494996
2501807717,23.245104778111628
2501242995,23.22894775806834
2094641455,23.223658424793946
1933530970,23.1728220320726
1880471224,23.164921655158626
2093019367,23.16356802255258
1930234011,23.13292148946714
1930186570,23.07388850337405
1439318215,23.051877890180258
1879214721,23.029199172428676
1930938675,23.025544272581232
2501315432,23.023303907016203
1879796834,22.983305290103416
1930960724,22.929993567874416
1932518390,22.89437830288594
2501825024,22.890589933665233
2093938124,22.842858476424368
2502028124,22.836637276900507
2093973217,22.829830401002273
2501601525,22.785236300957493
1934318625,22.68659996583474
1932533012,22.65028725741876
1433215263,22.63980934195635
1930214507,22.61314142201017
1879795645,22.596847960094212
2091975984,22.58115423309765
1879180713,22.573596869249524
2091998140,22.565243329813708
2092848203,22.54716623993478
2501896081,22.473722161469833
2094657533,22.469708854309726
1930189230,22.46459493714119
1427791747,22.436337985198694
2092797621,22.41853735627849
2091961550,22.415994697602592
2501472364,22.405157426858036
2501479393,22.37231924769413
2096226943,22.364102534782884
1879158251,22.34709373462099
1879881264,22.319826020804193
1879125197,22.29828067261163
1930141335,22.296285288805446
1879136023,22.295658369082016
1879813517,22.285972502271857
2502725855,22.278201003905746
2500448414,22.192591015387638
2092016123,22.18261825886346
1439499065,22.15835016886407
2502951581,22.15663206136101
2094556274,22.150649096114762
2501522141,22.140837540239893
1930235983,22.095827394090794
1879143033,22.015677707420387
2503718475,22.01299554490068
2092890127,22.012534195522658
2093991275,22.008521258217918
1427722075,22.00236734025731
1932513065,21.95986916154631
1930155057,21.936678861350597
2093058397,21.92942368296977
1879163861,21.924462518384072
2091988133,21.917974622308304
1933514202,21.84496537315714
2503595267,21.839657688928074
1930152361,21.8154420473143
1879158991,21.799525133695248
1433797363,21.791338807923125
2499531142,21.763513136960356
1434188551,21.754604317328916
2502141592,21.66384227674589
2501534095,21.575513262261346
2500363464,21.552625152233272
1879807672,21.548098211592126
1434631637,21.4995110747144
1932636863,21.49105849422956
1439649647,21.469625432247508
1880459573,21.468560794116556
2503296557,21.448078523288412
2500947195,21.404420356054246
2092810844,21.386573763951933
2502079777,21.38081354793483
2499771952,21.37484031857219
1933591574,21.327746805508752
2503158854,21.301655045513733
1880457634,21.29758295517348
2501221147,21.183325013846
1879211747,21.164265672381298
2091218615,21.144886124181877
2503617072,21.102671110150762
2092766115,21.00282421008663
1879793064,20.98482245525216
2502449081,20.98214269486137
1879192935,20.96887597508213
2499589844,20.96824142198792
2092833500,20.91578640444369
2092069217,20.915558035182613
1932450387,20.898803630715822
1930236895,20.81890825369669
2095399291,20.81080246552311
1879128453,20.800598930272834
2501573822,20.791291976780297
1879776463,20.789471837153712
2092930242,20.7455086568107
1930214863,20.73851191880576
2091185220,20.724143731142522
2092876343,20.69420600396178
2094655804,20.643512011897847
1879214117,20.598824572882382
1434308324,20.587710875569755
2093885885,20.552515119150303
1427583973,20.526842373411593
2503453451,20.515058761034876
2091246713,20.505959362899052
1433557323,20.46242273022322
1427815721,20.43690087358119
1879143117,20.42590245422862
1879860741,20.41890213144043
2092934223,20.40307270189413
2094622895,20.402467880578847
1932565187,20.38746095843602
2502541615,20.381007488737435
1930182993,20.375956269869782
2092910584,20.34542639428999
1432634592,20.325738199413735
1427593641,20.305378795144073
1879856934,20.303261707404946
2503742561,20.25560391986545
2093923390,20.238406119963763
1930163967,20.200622514859045
1439368335,20.194458184183315
2502956792,20.177328023627684
2500551200,20.15107645320749
2092783325,20.128947360908406
1932571185,20.112293818785282
2499546363,20.104142720999075
2093955261,20.058570844812532
2094553640,20.057031483147878
2501406364,20.035892384181484
1433725465,19.917439789205
1432668761,19.84179422268838
2093072075,19.836205176823842
1879829837,19.82243159177623
1931609773,19.800253246727454
2499286345,19.77606934745289
1879189664,19.770206001435593
1433201810,19.749214960991278
1433185493,19.716785471812226
1880507825,19.715180299305274
1932643402,19.709471242009013
2501280794,19.709205564214944
2091224802,19.70041397991273
2095342411,19.695094955779705
2501544902,19.652501296273893
2501206273,19.63985040755796
1931645057,19.505881179635793
1433471552,19.47630075885605
2502170977,19.461728212360008
2499334794,19.426464595996382
1433940047,19.401429924942548
1932648021,19.379173851811125
2091278492,19.3423428849463
2092894567,19.329697870151783
2503440444,19.325865502562294
1930253787,19.308805950969923
2091959542,19.297689988173463
2503422932,19.291591745891683
1879146065,19.281693951619886
1427749581,19.221867779883922
1931688451,19.192061973133207
1879882645,19.18368520413933
1880445050,19.143330026211554
2095404921,19.111045622076286
2093087820,19.103402782603737
2502248875,19.10300442845705
1930201220,19.102339078153552
2503664383,19.096175929325728
1878600965,19.078970665287592
1879131453,19.071342233015024
2092801984,19.04492327543343
1934298875,19.031948666969992
1879856592,19.01651828125309
2092025545,19.016111533448274
1930988207,19.00721321757091
2501594203,18.997757942774044
2092774860,18.996315907132
1879199765,18.93867696239628
2092953355,18.911290855100226
2500541797,18.890579496352867
2500567790,18.87497998391539
2502575951,18.858232928149807
1880436467,18.827389723986535
1879858742,18.75479638568994
1879896272,18.75437625825177
1433791590,18.750936847570816
1934299325,18.66273825063403
2499854203,18.605530038093615
1932506565,18.60468124707591
1879154265,18.589916107087134
2095437083,18.58013512655545
1433336350,18.567310750538848
1433105571,18.557497586650744
2091239674,18.523622772033654
2096255124,18.490956615164563
1879144144,18.479572748718475
2502495642,18.47692193331414
1931594502,18.46200561239336
2091244587,18.42463969066333
1930935051,18.40634086756818
2502476613,18.373700380769574
1934311132,18.334305934234198
2094664670,18.293531897575672
1879224385,18.28206322111078
2500313667,18.26435818068838
1433779494,18.25590405077145
1439411150,18.230292473241487
1433123075,18.221540237039914
1434101723,18.184218965168615
1433726045,18.18408387016742
2094647985,18.17786005852022
2092938634,18.175459602263746
2093924425,18.139026953345574
1433804030,18.107738065557204
1933498127,18.08409870949254
1427587605,18.05450602709288
2091993834,18.027587516146234
1879879570,17.940529162458784
1930929097,17.937167707601187
2092770183,17.887976252469375
1880444560,17.8794728925188
1880470004,17.867941125232466
1929312651,17.85778365932277
1930202261,17.81981414183238
1879802075,17.811276342884437
1432635785,17.80385362654647
2092017370,17.7934279053492
2092814124,17.760024913526767
2499474805,17.705162253583655
2091183732,17.680300301174768
1439483001,17.666764845918777
1934304167,17.656322627263247
1930146071,17.647382917945848
1879171152,17.639721994538682
1434320761,17.584998487523293
1433616141,17.583524407119295
1934321753,17.567156954000964
1931616813,17.560981156609675
2502440317,17.529131708207604
1879199815,17.522381733370704
2502416304,17.521669465634307
1931674021,17.496023091085398
2500384043,17.483450144266577
2501476241,17.480354341357323
1432622982,17.358176665905813
1433386572,17.337937125486107
1879809035,17.10938663873261
2501819262,17.06593075951983
1879188771,17.017678211193818
2094660043,16.931854369090907
1879864591,16.920758205691016
1878587037,16.918060397396058
1879788453,16.846640516705932
1932444732,16.827461059392327
2501839464,16.808442609427203
1879201637,16.805612293380104
1932430441,16.780877868501403
1427718241,16.7676516108454
1433577781,16.671271223241696
2501302705,16.60036061767033
1930173631,16.591132531549473
2502287237,16.53431757795854
2092082117,16.533356439515767
2091280821,16.526021581893545
1427755310,16.46496865171108
2501964965,16.440875339892205
2092845117,16.440608611517455
1439580687,16.430532432590844
2092925490,16.396850085156768
1439526984,16.357259831659945
2092936351,16.33638600560155
1879903370,16.277615298236334
1878572677,16.275775724217294
2499739493,16.22784400078735
1433703774,16.195787410271382
1434682527,16.166008616751768
2092022860,16.141356016615525
2499819090,16.129456822620416
1433378440,16.09225984756424
2093908291,16.04034047898097
2092767931,16.03289104272463
2092760642,15.99512751079016
1427894905,15.99424489831387
2502030823,15.992319883734528
2503119187,15.975378736408496
2503127493,15.952951016327997
1879778774,15.92837284084767
2503131707,15.921989093588941
2093941090,15.915284757437137
1879137553,15.872008203314241
2092008822,15.858574707079232
1879801145,15.813436668905386
2503380130,15.811511221847702
1433800415,15.79889352854384
1434537702,15.776897849041585
2500623814,15.764603030196938
1427634153,15.751125561227338
2501430820,15.725503869352597
1932560435,15.704294782516419
1879833644,15.699195569563543
2503674523,15.661588315808906
1878579845,15.660050432400954
2094677502,15.579363879482923
2503587865,15.54530103830256
2502355462,15.519026682662968
1434447024,15.497519243859687
1434222243,15.460580018705313
1934323135,15.454463732473789
2500837732,15.452289712231664
1879774842,15.449287112580661
2094687144,15.435741433374023
1433550811,15.423896722224475
1931641962,15.410645138058106
2503230862,15.371885873609832
2092936192,15.357467662814265
2503201077,15.339714243957932
2092872947,15.332876781819927
1439321142,15.291729374019283
1930154224,15.228080966909461
1433063880,15.151952683622858
2501680833,15.007493814474907
2499890140,15.001683954910678
2503349300,14.988534522986464
1439486270,14.945746580634886
1931029102,14.87427107736396
2501722664,14.831500289064676
1934307945,14.83070108844748
2091288534,14.828952647131597
1880437881,14.741106968279269
1879784183,14.622630106908634
1930241917,14.595632306571412
1878592051,14.4567264722024
1432960257,14.394972672391717
1427733180,14.272391008693777
1933492860,14.262195903342013
1434429255,14.170859511402524
1879776943,14.060800670984031
1931621805,13.931208962174727
1433271214,13.899639228589045
2093878380,13.823132683857565
1879187112,13.732053059543935
2502644795,13.660075199349073
1434507223,13.569373548085471
2091246440,13.461095422304997
1933520017,13.3857029532728
1433882174,13.372303589228407
1932468557,13.322680094197747
1879835164,13.321465582641817
1879855174,13.237476603052881
1433621275,13.213272015647554
1934295297,13.159935960998233
2093064587,13.124772158818002
1432684464,13.0517831222061
2503346200,12.931529241429079
1432641281,12.904969540434037
1432847273,12.859314547513316
1930937742,12.645182771500137
1930207455,12.642835116386522
2501551951,12.602546828344366
1880495803,12.21335245085359
1427790270,12.084963675902564
2092792003,11.94252162623483
1434383565,11.77795080119871
1427802851,11.690390729993519
2501797185,11.630841002984958
2095363683,11.543764639740989
2501692424,11.191998285790655
2500852943,10.817191276136807
2499526674,10.707513329992347
2501004413,10.462975092908165
2500242072,9.993259439433142
1932518852,9.941194900868005
2096245027,9.182940945112277
1933512482,7.784766021423027
2503321694,7.7074308586878315
1932627363,5.89557012987961
2499281044,5.030897208746811
1929306775,3.869134349473153
