user count in community:1288
Topic id:8,Representation:0.5990284146878008
userid,score
1427864280,142.94999883036445
1434595832,142.35264504705805
2096194874,142.26470948237412
1427872764,141.9112646659917
2093974727,141.5512391924719
2091973640,141.3247662853564
1931658890,141.1757888531157
1934315825,141.03864291600485
1439339567,140.85896198241034
1880469721,140.80541437520776
1434195145,140.75057122337876
2502024280,140.49871156169795
2092078510,140.46862504885567
1434165024,140.44963218034323
2092947293,140.41042291764634
1433428505,140.26080460865057
1931021795,140.18311741547896
1433656880,140.17876508114247
2502620407,140.08944724646213
2503294012,140.0842124278578
1878582623,140.05271329063376
2091276410,140.02865320351455
1439645633,139.86173563487736
1433582734,139.84832094266238
1931624743,139.72039954260273
1433318164,139.65173788756178
1433487104,139.63823002912153
1433942433,139.61590822503996
1878598480,139.60481450661197
2502803060,139.58840833840387
1439543862,139.52681285401204
1434612054,139.27159965672305
1880489307,139.18021936609586
1934317955,139.05405354060855
1427813545,139.02425298586266
2091964065,138.99294684425698
1439471085,138.90853393438113
2503898797,138.89939467660108
1879884353,138.84843863094184
2091979702,138.84687106802545
1880506345,138.8428452953595
1931673051,138.67498871823378
2092885143,138.64421295672432
1930941787,138.5684809040331
2092091991,138.50396025301728
1932565493,138.46344181243504
1427627952,138.44668517353264
1931606862,138.32625144567973
1434125727,138.3194769493201
1433672402,138.27820467955308
2093904952,138.10829525529283
1432651591,138.0594514055088
1930996945,138.02948693044115
2092015890,137.9613209557194
1427652963,137.96034608783708
1879218177,137.95479704651086
1434533624,137.91994574768708
2502903684,137.84778171009881
1427731544,137.82570690684713
1880518493,137.7713897374199
1879873750,137.75536802690775
1880471054,137.753280474652
1432693372,137.6935094798531
2095391200,137.5725438868674
2092802273,137.5723433160763
2500443985,137.5718267421727
1933539015,137.51652800185084
1879136063,137.4829952954635
2092967152,137.46594007229535
1879137537,137.33351999874978
1433480703,137.29116970005825
1931680373,137.26831542539148
2501511785,137.14511794352438
1879147302,137.05222470707355
1932635941,137.00628728665515
1434605193,136.9894118091072
1433507123,136.83973671164642
2500887494,136.80256880102374
1934322223,136.718195490664
1433086265,136.71016924696312
1878580163,136.70096490007728
2094555047,136.69899150352026
1433372185,136.69696278518174
1432648212,136.46952811197107
1880450404,136.42626578284356
1934306130,136.35450544973247
1934316980,136.33561598827166
1434580724,136.260628402694
1878574743,136.25921126547047
1439458191,136.18894752374368
1879845774,136.16198705265091
2091950935,136.1548593232306
1433442590,136.1073738641639
1427794842,136.10535988965526
1433618733,136.05226895986434
1879231097,136.02857827528635
1433753262,135.96465638092343
1880492550,135.95417589360258
1433133064,135.89639572959408
1879772351,135.87380939336796
1932436162,135.81876910009925
1880459485,135.77542861623317
1433861701,135.7740901227015
2500708681,135.75065995100215
1434670970,135.73537275000672
1930192842,135.7161625024575
1930157255,135.67177536472386
1931622525,135.619622423425
1932525067,135.59873487029418
2092881510,135.54035495953917
1434459051,135.43349304528004
1879228947,135.39282321540253
2501379905,135.3098664346044
1433765237,135.29987651917716
1879875302,135.28051812670003
1434022202,135.16815628769308
2095400005,135.13299303744654
1432715825,135.04256000946728
1929308073,135.00949360002795
1434419602,134.98032961174417
1432703175,134.87900950083485
1433285502,134.84479386257476
1434762314,134.83390495244447
2500487533,134.8307446493185
2096205803,134.82899224215967
2092845305,134.79182776031894
1433266572,134.7814541536386
1433496763,134.7617175994022
1433795281,134.73959047628844
1878585634,134.70087460137978
1433360685,134.65832001306399
1878603271,134.64615257235363
1427631271,134.5816412451431
1433553182,134.57147500530988
2092881184,134.56183262639018
1434371813,134.54893559080662
1880485711,134.51348547674058
1879192565,134.4928882403836
2092902070,134.47361658978184
1879796272,134.46567483144406
1439530780,134.42690685498593
1432931987,134.4004367112446
2092764477,134.36950612519868
1931693431,134.29681126064256
1433391875,134.25717190515073
2502664942,134.1952991468101
1931655382,134.14024324885025
2093057384,134.0692936665408
1879891340,134.02750344774273
1933580971,134.02622942107638
1433313435,133.93063508299056
2095396381,133.92515681912693
1433063245,133.8893817557891
1878592160,133.8871220982036
1427749604,133.85293307268137
2502742093,133.8254805993544
1439371750,133.7975242674047
1434337702,133.75969236346614
1930187510,133.71348397479508
1433356432,133.69983741639965
1434378324,133.53743461781946
2092844531,133.45434064204517
1433287103,133.43396498481818
1434632771,133.4231614958313
1931696122,133.3987547129718
2094673267,133.30891295315996
2500915872,133.22893397033397
1879154000,133.16093673486006
1433138157,133.1345945586063
2503467064,133.07360593713005
1933553585,133.07327732605933
2092881521,132.98892120662825
1434257055,132.9452107242647
2501916985,132.93557327941818
2502062802,132.9209761216327
1427843737,132.91395863254303
2092015760,132.86421312230115
1879147973,132.8498596866969
1433982342,132.84229322034398
1433048350,132.82996509798755
1930930244,132.82507958459482
2095449293,132.81977853628783
1931629244,132.78961764397718
2092843663,132.68986521391054
1931024700,132.5984854937832
2096228203,132.548860611662
2500650924,132.54640727518154
2499468711,132.5441976146771
1433087100,132.47222023807993
1930218083,132.4337258116612
1433402950,132.25010116542305
1433147017,132.20926288342568
1434594472,132.19609441067553
1879773475,132.13608323871912
1434676802,132.13048146737435
1433950091,132.08895709666854
1434419771,132.01910434280035
2500473457,132.0002966602967
1427677814,131.99600515947085
1439520770,131.84414155619962
2500374671,131.8303714501769
1434567067,131.79734705355114
1433275452,131.75257011384224
1427753861,131.7491342267026
1433652795,131.6819089106738
1880453451,131.67868207421213
2091972922,131.63563215551335
1433638014,131.59589151431868
2500694027,131.5213697810631
2501625547,131.4866759782888
2092799485,131.4634279022619
2501207662,131.44771332354387
1433290767,131.4304752586752
1434335341,131.39037756724136
2093880341,131.3631053356016
1432898205,131.314838975154
1879869544,131.2422464667953
1433027452,131.15284595835345
1439590941,131.145110328103
1432910457,131.12922276058677
1433553163,131.0893378087643
1432644924,131.06521339494296
1427710465,131.04442111454017
2503903980,131.00619572490845
1930175691,131.005620678862
1879239245,130.98383180902053
1427763785,130.92848657360665
1933585151,130.90205109403968
1434613061,130.80171546125862
2499545522,130.76043909832842
1880533571,130.74987563129218
1434153472,130.59164107767705
1879130154,130.53309701684023
1432760514,130.5253686997788
1434261005,130.49124359117428
1433962217,130.47779359430268
1439369572,130.47516723519237
1427877191,130.45366293702384
1933587957,130.392808650202
2503161037,130.356919834601
2091186372,130.3492533409146
1433117594,130.33563805987265
2092923457,130.32576290135103
1880498913,130.22390905325926
1434734343,130.2182594378201
2499851572,130.13312556704275
1879913164,130.11880826020703
1427898074,130.1145674607904
1439558562,130.0727659980412
2501251910,130.07061233683584
1434014663,130.04462438774593
1879893504,130.03242367612177
1931632687,129.90249424583632
1930144527,129.86433336853088
2499783000,129.80238669505573
1879792741,129.75487947721672
2091268085,129.7464961442303
2092760703,129.7268194201221
1930240721,129.71907863134706
1434162690,129.69358100459317
1932580627,129.625076979076
1930947125,129.57098924135403
1427639247,129.49121536834792
1878573891,129.41415157990585
1879831652,129.3890886403591
2500958670,129.38726163369535
1434288600,129.2225185613027
2092893934,129.20534673403992
1879808285,129.1072231176738
2500514505,129.09990261863246
1880501655,129.05613693302746
2095403717,128.99313102398966
1879808064,128.96136051852758
2095422983,128.89931954575164
1433036224,128.86221327187022
1433529834,128.85893264175897
2091197467,128.84582549962778
1933577105,128.8388371284212
1434680412,128.8195629929141
1427825430,128.78880669059842
1433961657,128.74756483247273
2095468007,128.69693807710672
1879130915,128.6967911450607
1932619445,128.651263632909
1930149375,128.622220773097
1434483427,128.58694263047832
1433116653,128.57122165755197
1931619017,128.5601552673335
1427601244,128.56009581801263
1879163373,128.55481035970632
1879165595,128.54842710390892
2092917577,128.54776977918596
1879146041,128.35082514686047
1433964490,128.35007891448333
1878578622,128.33692049471094
1434640582,128.28537575177486
1434009002,128.27275621651972
1931015983,128.22181295378434
2502123412,128.18892041794524
2095420657,128.12326526444008
1434511983,128.12196818795144
2092929857,128.11887901534166
1433443917,128.11078192110952
1434521743,128.04188622320947
1879173663,128.00121251154582
2499538263,127.9799934434976
1433831743,127.93221844441177
2095359503,127.79367867242686
2095363443,127.73171628446929
2092023721,127.65002651303958
2092969551,127.61098750640095
1434215890,127.6080496737489
1433657400,127.48954378869166
1433144204,127.44251397005283
1934301372,127.42335588034871
2500128114,127.40539721787437
1932452212,127.37220968880625
1880466244,127.34462247988463
1879789762,127.30317251131389
1439397993,127.19278157821343
1880529093,127.16809341988456
1930227151,127.00676358727044
1879152533,126.91928221149614
1433440645,126.89138863500884
1879126180,126.82487619160341
2502869134,126.81132051239605
1879191967,126.80006630677478
2499556945,126.75953466147307
1930951112,126.7426936292194
1879221291,126.7097043737513
1433048100,126.6766128658969
1433682370,126.63689592316969
2499608320,126.5931858965965
1879863907,126.51706039422128
1433680664,126.49968446564085
1433086425,126.47660462301026
1432745315,126.42292691625437
1433209532,126.41487223735474
1434437771,126.31108685983168
1934301022,126.29603743199556
1880470240,126.26730865412975
1930215957,126.11461837551002
1433045643,126.09570518926324
1930929972,126.09003689080481
1433205471,126.06504706456238
2091220405,126.05790085318827
1880475094,125.9917680303638
1930942152,125.90703898364825
1427633167,125.8956528741073
2501017590,125.829260033799
1879200581,125.82890122583737
1432681090,125.80166193014054
1433255704,125.75677713238468
1433033533,125.70470848620478
1439423814,125.64542077928168
1434619817,125.63296877431043
1434742473,125.41292752349258
1879149400,125.37387612810232
2503583472,125.35493097689007
1879824747,125.30411947277533
2502930392,125.27286395585088
1880533001,125.20093630444563
1934323297,125.18782760490406
1434115290,125.12695765357702
1879910195,125.12619849050992
1434513602,125.03739472058422
1434755350,124.97995334912433
1879132970,124.82724379770819
2095378383,124.7692094987198
2091211512,124.74852473730037
1433300844,124.69264792522101
1433499435,124.66096328278367
1432714760,124.5261897122091
2500223840,124.50879238852058
1879194187,124.48847747054774
1930941135,124.45502659928144
1879825804,124.38193869387116
2499392765,124.32313319009069
2092785022,124.25135696087459
1434364475,124.22903708289685
2503558894,124.22430584910445
1880493887,124.13791978491365
1930204741,124.11818548827036
1934309293,124.06579529225885
2502886265,124.02443932830155
2092882723,124.0047562108047
1930959090,124.0017748140149
1432765150,123.9828659945815
1879233294,123.97196561398195
1434394605,123.92606338546024
1930234462,123.88326643741921
2503853552,123.84273892815575
1932627221,123.74299206634187
2094616307,123.68982336648143
1433569557,123.66751930263217
2502913340,123.65533465664402
1931026004,123.6538510404976
2095416411,123.57080783798882
2503363640,123.54352274240307
2096203500,123.42270682461148
1439404747,123.42045197565558
2499586364,123.41455287709188
1880495603,123.39950831682523
1930233010,123.37432262283654
2092885913,123.36767516437412
2501674540,123.32696037271405
1879136522,123.28914995284936
1879854067,123.26650191375629
2096190774,123.21820238744175
1433655842,123.01721985970673
1879826633,122.89267792753418
1439410773,122.88733405325188
2503811271,122.85034844481362
1427622133,122.83322748064107
1930181620,122.81886142956425
1439426074,122.7442654596733
2502728503,122.6170799004013
1434320201,122.61226932144343
1439360804,122.56042189249659
1434092364,122.53721502565112
1879894472,122.47727095920384
1434233155,122.47319246162607
1932652390,122.43183760494118
2093959215,122.36149171212435
2502816970,122.303570006554
2499504637,122.29217497304721
1879223201,122.19472197036232
1931600752,122.1840799135099
1434602584,122.1831565734064
1931617397,122.16835198242705
2096188802,122.09113887607005
1879778060,122.06532365664586
1930185765,121.94527945370552
2093008442,121.92528128876634
1433846335,121.91933199422476
2500736757,121.85671565633463
2091201693,121.84288748957607
2091959265,121.8421121833525
1880490650,121.6744682744629
2093042107,121.56692358375399
2501633981,121.55599511798154
2092793725,121.32101561862159
1427882435,121.31019634148278
2092879140,121.29418173697553
1434134645,121.2761241591587
2093863851,121.2668000151015
1930249892,121.25683441872424
1931676937,121.23494844716272
1879777144,121.21294869597314
1880427241,121.07968698847914
1433878912,121.00394964762903
2501070782,120.9886961073787
2093937587,120.97136146384095
1930963992,120.96509758728159
1434415820,120.93445955572967
1433628257,120.90458981870358
1433439357,120.88567851740828
1930980985,120.83906710971753
1933495383,120.81926384623308
1880469415,120.80908614255874
1434640054,120.76187789151902
1930186434,120.71534699624905
1432604335,120.61839109925063
2501783861,120.56359382988101
1433263533,120.41880375611072
1434497893,120.16767391247964
2092833523,120.15287472912692
1879837801,120.08577585784502
2092773250,120.0491693036556
1879835951,119.96230500573033
2499845773,119.86145185765596
1434378705,119.76299247527808
1879172860,119.64833402129214
1434293755,119.56183654610531
1433872814,119.24943921991768
2499773623,119.23900061885372
2500799591,119.19367865984658
1433502061,119.1542289277729
1432917292,119.08962479067337
1879820780,119.03033202092554
1439462707,119.00648958550727
2502355817,118.99252407630047
1433305140,118.98597231984981
1879193650,118.89743358001256
1434139633,118.87598908699852
2094579473,118.81922862539628
2092042875,118.7736773890488
1432627977,118.71241048249583
1433537083,118.6038280847191
1434724153,118.5887316255659
1439589664,118.56942759687041
1434110137,118.54134348291983
1932470910,118.48976263536014
1432669377,118.48866716805047
1439497251,118.39447963512451
1432631611,118.33445050918093
1930940591,118.26408458830291
1439317363,118.24162319104262
2502505194,118.22117462111682
1434256930,118.17209411372549
1427764695,118.05031419802208
1432871933,118.03901305131423
1433370203,117.93748848255854
1434646351,117.8650127201497
2095463791,117.77005319780099
1933495833,117.76868401818956
1433622504,117.76329371645922
1433247434,117.76055685332027
1433654304,117.75578862144151
1433462462,117.74799371417781
1930150582,117.60709145582169
1932614415,117.5827843605725
1433182373,117.58157105770644
1934302773,117.54708631066309
2502116051,117.54161069910124
1932595365,117.47227448417988
2503221055,117.4602400573865
2501687305,117.41675002550606
2503238690,117.34646396653466
2499374314,117.3352312508397
1878574661,117.28633618836274
2092899224,117.22690224899233
1433588610,117.15245306862768
2091979743,116.9691055999801
1932525815,116.77960402143803
1434451731,116.71737250085404
2096204654,116.57483534643505
1933496395,116.5222872303649
1879125957,116.4994065019347
1439349140,116.4914064143527
1434383267,116.42574409272159
1433303824,116.39589027350061
1879882684,116.38552988135304
1930978365,116.33350160121867
1879844420,116.28082892991995
1879238465,116.24286002626067
1434722114,116.23666076645063
2502497955,115.97961232531169
1434266707,115.93904865039302
1433646900,115.86480441785899
2501600630,115.64746282052977
1434692513,115.6159828310058
1434465331,115.60762779789157
2094599521,115.59763816219844
1433179100,115.51833396006047
2503580077,115.47662909391741
2093077203,115.45975736843025
2502422823,115.40621581925811
2501858094,115.28203895550925
1879809257,115.24822568735779
1880464900,115.24714018555177
2503622612,115.24319829798361
1439386254,114.95159109195957
1433344383,114.93951942570901
1434650911,114.83160911078312
2092975351,114.82628368181862
1434514324,114.8161693755158
1439607235,114.76347768368153
1439542342,114.75758427277592
2094636907,114.71442253944443
1433166203,114.68528377842098
1433022504,114.67597842944572
1879792804,114.64958438838129
2499885020,114.643820783295
1433070857,114.48602381516916
2499275172,114.26159812618164
1434598652,114.24866838462792
1930167294,114.21514692945962
2093964404,114.1753839055382
1433886074,114.1081055619437
1879903644,113.97327856258926
1433740551,113.96972532142706
1930949297,113.96064792064124
2501860217,113.89600573678233
1880547814,113.87249524277728
1879849525,113.85629307673348
1434160101,113.78507301648028
1427648915,113.77837616566092
1879203167,113.75159814950148
1433762481,113.73302190656453
1434667501,113.67840079098191
1880481584,113.59937093462112
1933518872,113.50769360549673
1433914252,113.48957919941293
2499657887,113.47203145044143
2500245155,113.45837855466343
1933511847,113.42985321508081
1439621227,113.38352085663215
1433454290,113.3650610001479
1432828334,113.18689059954032
1439539882,113.11554416309806
1879883460,113.10204924271177
2092091944,113.08415817559427
2092937727,112.92040292502253
1427685475,112.65579406441472
1433821847,112.65313101515025
1427598480,112.64316524276018
1432669251,112.57795606477838
2499475165,112.55906940151799
1433649001,112.50092026466638
1433489530,112.39934142485434
1432875094,112.350942089831
1434531724,112.28080776632966
2093930331,112.27861563037129
2092844294,112.2040079270156
2501975964,112.19680599315251
1427721785,112.17789275501302
1434016761,112.17749741235328
2500217044,112.08933022025268
2091245335,112.06009493330845
1931626865,112.00599795410605
2501519087,112.0010684044047
2092951260,111.75395444634536
1879877174,111.74306739034614
2092939625,111.68136351080382
1433175237,111.65001474767297
2092826104,111.64840870437119
1879774634,111.60098723070817
1433995350,111.52709589782846
2094662132,111.51927873325984
1433973177,111.48967045072409
1931006744,111.41158802039743
1434760990,111.3843064599195
1930949574,111.33004744473696
2094549997,111.19540946117571
1932469323,111.18393378791912
1439573153,111.05462539747826
1434299874,110.95821152129861
2091194375,110.9066752537372
1931025653,110.87045144128956
1439348691,110.77220586416799
2095379683,110.7713475618774
2091275437,110.69091461664662
1932566777,110.38250601414832
2502744111,110.36447949325887
1433087902,110.31751297631101
1432889673,110.24432378366508
2094603981,110.21170379966962
2092890450,110.18990866900573
1879833060,110.18225695686075
1434727094,109.98417670681168
1434563757,109.88762186971918
2502701871,109.85561355089496
1879778684,109.83382350935325
1434422064,109.83362357888926
1880456277,109.73817441184623
1879811301,109.53213462077767
2092848943,109.52198491362354
1433143691,109.4897084411523
2093070951,109.43897277912593
1434444892,109.4091535544758
1434346725,109.36864489791726
1427825320,109.34564889863346
2503262895,109.31634924415171
1930141602,109.25042358401858
2092853285,109.24147816910676
1879127944,109.20895211404958
1930949034,109.07518185036092
1879140447,109.02010720615544
1433472471,108.96436736182869
2092928542,108.85556270232203
1427727480,108.84533483219353
2092944792,108.8321881384084
2093932767,108.83131665654264
1878600597,108.77241127640185
1434204134,108.75907840149658
1434437727,108.72161222939916
1434498015,108.66210243021442
1878581055,108.64602272465531
1879879952,108.61985081626018
2091986991,108.6169118016636
1932497395,108.61351579120286
1931621485,108.58415524315424
2500451855,108.56263320630025
2094618890,108.45626622851124
2095495454,108.4130118733214
1932451285,108.39171934519392
1433051460,108.35306973927824
1433153413,108.35204940613897
2092806310,108.2801030470092
1932442933,108.27957484567182
1930243812,108.2300431515061
2499753134,108.22147823184139
1879880930,108.07524074597313
1931000225,108.06331221337744
1932552267,108.05210925835833
2091239271,108.00619703841882
1932640903,107.92711587623512
1879901184,107.8972581252371
1879225615,107.83435887825138
1930183645,107.72383413878018
2499247473,107.65646664981483
1434723177,107.6352311422097
1879134747,107.62388959723637
2503914134,107.6052371174736
2093896374,107.53267831756368
1879171170,107.36330402202422
2096239854,107.30124222822964
2092850682,107.26915859391535
1433127597,107.2472169748898
1427827025,107.23993634326433
1880477991,107.22588308018078
1434706431,107.11278409169151
1432776161,107.09758038181823
2503117574,106.99295745836659
2092842951,106.87966686752652
2094636725,106.83720816417319
1934299441,106.69688911935738
1879807083,106.68307184072279
2092880077,106.67307122575939
2093021794,106.6323276868379
2092818977,106.6240806038031
2092805935,106.5646078924955
1879886572,106.48335203314794
1434266192,106.45475677460932
1930145462,106.45072897271419
1930177944,106.43285503969224
2092878961,106.34558232119353
1930235327,106.21710410462579
1434609220,106.20769793676176
1879778344,106.11225050676465
1879783257,105.99421302568962
2095421932,105.99312988564657
1932573863,105.94560801992526
2094699383,105.83643500157821
2092978174,105.79651224523603
1931647455,105.79211135605888
1879223171,105.76195450623179
1427877877,105.74135177304548
2503619391,105.6983356405806
2091995304,105.65538524883723
1434700155,105.64532531212711
1433318045,105.47169969718655
1879774433,105.37338232753225
2501881030,105.31558315213955
1932433465,105.31512748410917
1427764763,105.18295072786917
1930152042,105.1644142906421
1879826624,105.08419488127035
2502415547,105.08240685453345
2501357973,105.07204148109625
1880495091,105.0452467250509
1433777772,105.01878573807257
1932460691,104.93936615286549
2499282852,104.91353893204992
2092871904,104.82333964322473
1434451581,104.71100196370031
1931626621,104.56637347283194
1880542203,104.56260960119334
1933560115,104.55355116227538
1933561810,104.55277847931872
2503900537,104.50260785222466
1439464803,104.45937458712619
2091219345,104.44611471113906
1432923947,104.34848044376078
1434687935,104.31786929908799
1879897894,104.2750272660583
2499262997,104.27409773390673
2095402962,104.24787441374708
1434350942,104.10531449664589
1930247051,104.00111248783935
1932461307,103.78792128416093
1879782977,103.63399436306061
2094550853,103.63209077014012
2501497311,103.61204369593223
1439534550,103.61099912869435
1433855447,103.59489500094261
2503784342,103.56862585419367
1434029642,103.55925658488748
1432764915,103.51339016067635
2092037190,103.51110042994799
1439510575,103.49446793009544
2093080813,103.35140407358757
1433642632,103.23110993718417
1427715021,103.22945979337074
1434003162,103.0833631812665
1931593835,103.04368511260631
1930983260,103.03975904756835
2092922701,103.02565804477449
1433212801,102.9852123499747
1934300683,102.62568555249484
1878592651,102.33615264414657
1433358522,102.17719186276327
1930179205,102.1765378908737
1434258320,102.15144890378538
2091992141,102.12058724857906
1433738334,102.0855503396867
2093060952,102.03175176569769
1433508693,101.99320559653374
1879238233,101.97190335193925
2095390855,101.92718097536918
1931593524,101.920871350705
1879864870,101.78437960973955
1439573570,101.76708279133457
2092840940,101.66961454192676
1434427107,101.65859442580576
1434551502,101.53850226919405
1879200853,101.52822069641292
1433635083,101.51356208313135
1439364990,101.36837453384906
1427764885,101.34233019738014
1933552995,101.1818886147314
1932494680,101.06311743463186
1931673893,100.9848654741444
2092885947,100.835223274359
1879202984,100.78988408175542
1427781257,100.73922680523583
1933552790,100.70625946986851
2500934104,100.58691840773592
1879866267,100.52651320324654
1931595361,100.48925814513414
1879883090,100.48117150047882
1439397575,100.36107616760953
2093861905,100.25153871349568
2500682831,100.0124619891133
2092982291,100.0001123884898
1434174565,99.91573486053791
1433166775,99.77396533467545
2499376610,99.75907299979431
1930159575,99.74155401862694
1433999762,99.70880652378953
1930162204,99.39308954450242
1434210211,99.33095709744408
2501131224,99.32178502224026
2502457091,99.15191645529383
1433566070,99.1369422803246
1880456560,99.06277027555718
1878589707,98.68383253716505
1931003157,98.6743099077294
2093889821,98.59696376970984
1879779672,98.58982016720408
2093966733,98.57909254348756
1433150711,98.55636919738222
1434019230,98.54001401242553
1932558083,98.53808115012298
2501294722,98.51587895999207
2503237427,98.5150337954257
1879865537,98.42834217781648
1434381404,98.39940770631169
2092870637,98.31635052032063
1932623795,98.24281906842383
2095426313,98.09660957287721
1434694951,98.07547373271902
1932596437,97.88353614092557
1930225521,97.87391676579635
1932518997,97.76531589538779
1879810531,97.67777045666404
1929303875,97.60512863283448
1433155985,97.46802758361439
1930165604,97.46076014044715
1434205013,97.29651410713183
2501553183,97.17367673391256
2503665815,96.93965281307679
1432857914,96.84333320560756
2091258122,96.82561262437382
1434419580,96.57980257505798
1932605322,96.54239218621603
1433451200,96.50483608497836
1879812715,96.31814361908097
1879905811,96.21707702167555
1879176630,96.14434438984233
1433406647,96.14137897492176
2501303245,96.08066918142535
1433408435,96.04104489971228
1427846302,96.03905990972389
1427635110,95.67608412290453
1880530042,95.63921760304862
1930986901,95.57643928828548
1427717997,95.5141150203452
2500952314,95.4832477302166
2093971490,95.47761458937968
1434701290,95.4558387945981
1930230667,95.42230430740688
1433055292,95.42136844620198
1931006864,95.25091531940392
2501324422,95.20776163893997
1433080745,95.2038739785246
2095380191,95.15290373957407
2499526114,95.04747337678661
1931598421,95.01682028064808
1879795123,94.8837143326345
1879819712,94.85908465401951
2092037512,94.7755394121475
1880503444,94.66236152954839
1433640483,94.53498208073886
1433830517,94.52072859213217
2501780563,94.51228881293271
2092764807,94.46909623866888
2092974352,94.16268121969966
1879248323,94.11337677407148
2092915017,94.05732197188827
1434069935,94.03306328902067
2093946072,93.96241047464936
1432976944,93.8707382409694
2092827491,93.65038151150416
2095452030,93.59829867162762
2503683470,93.51317669034269
1879811777,93.49454881252228
1434159320,93.39669012823626
1933600954,93.34046184784287
2500532662,93.31137007571127
1433669240,93.26600806075642
1427856044,93.19359302270196
1879127255,93.18098444135745
2092858593,93.10968745880574
2093974751,93.07066531018478
1879135977,93.03033863417771
2501775247,92.9979506142714
1880514232,92.99666908245582
1932459677,92.9566074823722
1439364292,92.9064873673512
1879837012,92.8738684899871
1932551005,92.83699033674786
2092020381,92.70793319497213
1879153000,92.674108681631
1879786902,92.59504551672843
1432869167,92.54663335060908
1434057295,92.53801286200797
2500759072,92.3036425988449
1434501485,92.29227957994715
2502641794,92.27847686836189
2091238614,92.23927487245811
1879848164,92.22111211450289
2092008882,92.18975008103838
2092090004,92.09915474246489
1433008470,92.03607851113838
1880520660,91.96587593154393
1433188740,91.89042665733517
1434636581,91.88347930825618
1879878294,91.88193666616438
1433035470,91.86654339864998
1433958992,91.80518962201037
2093087137,91.60147887656996
2499482903,91.53713698012221
2503221244,91.53082187874249
2094627935,91.4907513805788
1433471202,91.4548560661275
2093012983,91.17583260362778
2499669922,91.11755321268697
2094675184,91.03141988098821
1932633150,90.98328892792118
1933585353,90.9289430945808
1433789132,90.88661732717739
1439564002,90.8833161931229
1433222831,90.8478922939814
1433971892,90.77438729911387
2093021023,90.69731866394739
1932521922,90.57400983062867
1879138491,90.53356567180313
1433389131,90.49720945408839
2091276900,90.30871364339558
1879900895,90.26054364753945
1880519770,90.2238011711926
1879792035,90.14546577692644
1432627840,90.0787130236468
2501835982,90.05981860584671
2093922584,89.9745694402037
1433510192,89.74972046925774
1434492385,89.70488520753943
2502659424,89.63183653450062
1879799667,89.58396865287858
1879900432,89.58067945630543
1930187985,89.57336302903107
2499325834,89.40580830480705
1880516117,89.36938354884404
1879851630,89.34508630050249
2500933944,89.32701745642835
2093069085,89.26398328342107
1880526554,89.18603721130661
1432665233,89.15321413781285
2501550985,89.14721442826647
1930984042,89.08319777963631
2094564717,88.89788331567561
1879247165,88.8495399897252
2092922593,88.84718940472005
1434093142,88.73394584260046
1433139807,88.69296952126288
1931671897,88.64407983192588
1879811593,88.62833438788773
1427793024,88.5129011680432
2092965600,88.49819210299036
1433981645,88.42002180809483
2503470310,88.3921288507879
2502041924,88.20556385568692
1439504291,87.93174009732451
1879838672,87.90588379024307
1879908695,87.81306024394075
1433567930,87.7424135223404
2503329332,87.63837862646972
1432680574,87.55200391605356
2093088695,87.52589206677293
1879839424,87.41565062873981
2500846440,87.30228871735768
1434373103,87.144317390409
1932477845,87.06572901294433
1932637635,86.99729366934733
1931605047,86.96812375552419
1933511237,86.96193378609253
1932546171,86.91329033203587
2093072735,86.76550989902067
1878589740,86.41322741532088
1879198933,86.28154227840024
2094554303,86.23422197563214
1427624332,86.10608052462372
2503675373,85.96389014530263
1427668517,85.89680497975982
1433136073,85.67009964962213
2091189990,85.66474652686541
1427704773,85.58545567136962
2499639740,85.3159235891966
1931637655,85.31554081791279
2094621957,85.20615045629393
2092917182,85.19122323277273
1931632767,85.16880702845124
2092769813,85.1109251560014
1880458174,85.08270704765695
2092043451,85.02992495414358
1433365913,84.85919331397159
1932455451,84.85582685880647
2503113721,84.7510933967979
1433652352,84.72906462857239
2502594271,84.69770758376028
1879249461,84.68183787601997
2501620755,84.65517065659412
2092942635,84.61431121182012
1879818481,84.42909695605086
2092968710,84.34415506634807
1439433251,84.28432461116346
1433533977,84.2729520754805
2095461312,84.18206790319948
1427877127,83.96609835788806
2092769707,83.8779091505659
2092024830,83.78175096255364
1879874592,83.70281236080373
1880531947,83.62175681298498
2500306681,83.48099332270377
2499263467,83.36386619376252
2502402680,83.31159269332106
1932637814,83.29803449923791
2501734700,83.20358804601007
2502949832,83.05402239322366
2500988907,82.90519275540268
1933567327,82.80663093853444
1433849561,82.78126690856139
1930189870,82.49227334223299
1432682655,82.38071210790929
1439337172,82.33234580135165
2499612703,82.19550470191432
1879197591,82.13117089945398
2503907305,81.63652938445524
1931588713,81.19488036301476
2092897105,80.98768519886102
1427603960,80.92975920440054
1434624975,80.91432755316522
1930939970,80.89939604250836
2502136912,80.81334033613638
1433579780,80.79410730128961
1931594822,80.7606079061646
2501489740,80.75134942899115
2093012963,80.61920921603846
2092992887,80.59157870360075
2501842837,80.27731940482447
2092803963,80.25390508531555
1880478810,80.0851213196056
2501517245,80.04952047966248
1427589977,79.96483860816893
1880523550,79.92851324248235
2095352907,79.7670730856598
1879179283,79.63693386478245
1434629094,79.58027593521615
1932534517,79.45512721762549
2499596257,79.4130985867601
1930184137,79.35196830911853
2503806417,78.72429052870439
1439334465,78.56577912150078
1433417000,78.5453583481045
1434386092,78.51205436443216
1433182957,78.40913893934056
1427733943,78.39417942907988
1930233195,78.3511376781641
1880493775,78.26602222433543
2093077621,78.26494196611932
2503593514,77.97523546887147
2500334647,77.8446819547641
1432659420,77.82177595617853
1434152683,77.64903656794719
2499678684,77.64703054713941
1427739495,77.57501469198546
1427886984,77.53684707826241
1932596071,77.224729408356
2091284582,77.15462604491321
2095445444,77.14533715766628
1879785390,76.60973190448861
1434197362,76.48048363996989
1931020000,76.44734148258061
1930153461,76.40315688540215
1933597771,76.3587017978223
1433583394,76.26190208851176
1931001827,76.23257441642043
2093085452,76.08305507978123
1933532717,75.95607615482193
1879156082,75.91026222558074
2502149597,75.85208108425566
1930148015,75.62013895313731
2094590024,75.53175127895572
1433575931,75.4167026634577
2093962317,75.3287440800911
1930985693,75.28896154652628
2501958674,75.09465975662148
2503665290,74.83994510117019
2501525920,74.70712121006409
2092789777,74.66738034913303
1433349305,74.50726153929305
1439435961,74.49866334213348
1427844971,74.48257003075034
2503779085,74.42136096010272
1879232961,74.35422021018141
1930950275,74.31849445534993
1433912694,74.31427937819234
1880461271,74.04135156901559
2095452301,73.94802889353329
1933574590,73.78284697851046
2095466893,73.78273107669449
1439501521,73.77118263008792
1433002360,73.75104582149272
1434684397,73.7503112089583
2502091393,73.71839591912934
2499553210,73.70135346219837
1427767664,73.62693040202697
1433688270,73.41223630188942
1439459363,73.19963653841971
1933589672,73.15437854315334
1433387177,72.8930044948927
1433012600,72.81173588915415
2096214577,72.54064457208229
2503747125,72.52750160247918
1932516144,72.49163820326437
2096253264,72.49045344601808
2502350611,72.22861114499288
2091236677,72.20372197593707
1878588223,72.12027759113636
2503135672,71.76808485195961
2499229470,71.54310751417945
2503886211,71.46975598403438
2095392941,71.4627276921141
1433681503,71.35328262309812
2092891304,71.28894505762503
2500605093,71.21719474529601
2502991524,71.12799273369939
1879863017,71.06103814246346
1432941235,71.05890185173745
1433644764,70.95471514346232
1879904224,70.91871982711426
2094675495,70.73342872772591
2095399965,70.50318610459404
2503088435,70.46427788982858
1880493903,70.40854619658106
1878579784,70.25190831190923
2502308180,69.89095397911646
1933583520,69.8819386607293
2094607472,69.40431914997956
1879166025,69.00969767356705
2092937872,68.75424349493869
1932629640,68.49704754158317
2092063881,68.4016191427939
2500943220,68.0606462108919
1879805851,67.65901166982144
2501211582,67.63485709812964
1433114135,67.60059946932445
2092043054,67.5087496994524
2092835073,67.38876926492743
2501472264,67.3602682477281
1427807683,66.62910736929106
1933526775,66.53298012109272
1880497674,66.45093446088403
1933581927,66.39604281409785
1434014573,66.09864884305117
1930249613,66.02607952395358
1434301724,65.89421796951773
2093077187,65.76124879547946
1433262197,65.64630524033544
1434526570,65.636986504547
1879166217,65.3915334106485
2500177344,65.33339332247503
2092918757,65.13058472229382
1427874617,65.06926319919349
1879794247,64.9390552658842
1879242762,64.79721842882176
2093082187,64.68906709754991
2093942545,64.48803210101472
1879831393,63.73435591394262
2501876201,63.19346603467667
1930961211,63.15131170161644
1439541671,63.12004652327997
2094596284,63.037331126751944
2499284581,62.95582296747244
1432670765,62.57749915614711
2096255647,62.24781472128529
1879835922,61.47649608997949
1880483524,59.9930826769086
2499437350,59.47799122370505
2500245295,59.411338938652655
1933581934,59.33093352646815
2503536890,59.27931205018729
2502610987,59.19591175022332
1932587267,59.19175584069924
1427833624,59.02987449377614
2092841441,58.95858449707474
1931007435,57.80094337381785
2092082904,57.480948559157746
2093886055,57.380536736467526
2503457482,57.24600570223724
2501195984,57.23286976961249
1879775220,56.09122014946254
1930140851,55.503088592635244
2094561684,55.486311160792404
1433103593,55.073474403391764
2499709700,54.99063012999794
2499703897,54.899447800070234
2092926527,54.112873713344136
2092075372,53.66910297630771
2092976763,53.511377374261066
2093860541,53.42505166516748
2092953250,53.226928933834174
2093904494,52.70880251645645
1930243914,52.32642583549808
2092810204,52.25242057662628
1879199307,51.68676975521962
1434695170,51.61153170646279
1930228604,50.97201816654904
2093058715,50.365731294670205
1427654820,49.90011956814885
1932484777,49.34184231105692
1879778661,48.9927465531852
2502781277,48.467263774000635
1932488864,48.40685587811251
2096191031,47.96263202441155
1427683692,47.761477794404925
2499255987,47.31758486914324
1434452383,47.26675660511823
1879862882,47.0422255674806
1931028632,46.76900947052459
2502214953,44.9991441506834
2502623215,44.92484607709656
1930198433,44.55904408874364
1932640544,44.36149551060063
1932512645,44.34275073505864
2501523005,44.26866205197258
2092005474,42.223025570902614
1439548877,41.374334136360645
2091998693,40.25187870483131
2499754113,40.2226981525999
2500956394,40.0102653656805
2502304037,39.91622447363964
2501875722,39.909987829606045
2093040277,39.30824079994119
1433050905,37.812079116960646
2502951552,37.72523993497137
2092013854,36.4464128563267
2092015310,35.35924135817586
2499718764,35.029903613843985
1932516241,32.76233065060786
2502339380,32.24354483988079
2092844674,31.59723499005766
1932441711,31.546405755382267
1931696994,31.327352459398735
2092842021,27.625662317596543
1433211285,23.754940173003824
1439647563,22.083480978404857
1932642635,21.724128030086487
2503560303,20.58537190953202
2091212702,19.730458477577628
1439369701,19.553650873705536
2499224092,15.97253341020316
1930157224,15.511847883094585
1879834327,12.612144280521
1427860251,12.564653015149096
2501621927,11.552841928626787
2091258130,7.690767300201775
2500280402,6.954261912220717
2093051244,6.805083219789627
2501855275,6.423713504600938
1432862417,1.4359099226566734
2500241993,0.04645073586024888
1878580627,-6.898095833565309
1879825677,-9.374696375059179
1879144275,-12.782036049343102
2500672331,-17.242876522597353
