user count in community:665
Topic id:0,Representation:0.3890147101186777
Topic id:9,Representation:0.3539298930060714
userid,score
1879234225,52.61801945275783
2503769820,52.241558327776126
2502041342,51.87546346456848
2092790137,51.738646535729956
2096243060,51.70161162089065
1434698981,51.663420663744596
1433874220,51.32733533446479
1433669217,51.267048111736926
2501232520,51.17255660556265
2092986322,51.134076376305416
1930209471,51.08925223996866
1931013184,51.06581093270134
2502148720,51.05627050668322
2500682675,51.02828803134444
2092022400,50.87760682311983
2500957827,50.823253931780265
1879243473,50.67288148264018
1433142511,50.66387915200567
1931664034,50.65208486953274
2501277372,50.640052637748894
2501149044,50.61130605942475
1931592161,50.60568757497623
2501698604,50.58773566985962
2091219055,50.50164769107003
1933568613,50.38677216396373
1879911341,50.381342411262764
2501558950,50.37627910985408
1434686293,50.31069894961249
2092063477,50.28613917059067
2500688014,50.27680172929422
2502871610,50.18357861636866
1879799467,50.15696756200353
1930176135,50.05462195806127
2500487107,50.02215168467481
2095476430,49.92476049573867
2096238157,49.883305162801406
2500319487,49.841690302527915
1433237377,49.794324065373004
1931692844,49.77870089989091
1879903894,49.68764948929222
2092034780,49.63294217632534
1880427971,49.61581207275029
2503810090,49.60952079451317
2093895642,49.50177183276948
2500522135,49.41457806950589
2503889531,49.296130881068066
1878592112,49.26593760896769
1932603692,49.237866433929106
1879798434,49.18137006137066
1433953135,49.151960988480596
2094677365,48.9849118864726
2502935580,48.932210176189365
1434098305,48.86666053610598
2503101385,48.86354891121875
1879160480,48.83409455379452
2095373041,48.817637139959174
1433158862,48.76154639638859
1434375872,48.72570105294383
1439456073,48.72244110146797
2503278492,48.683086865398174
2092028602,48.660952131809836
1932542115,48.6243452639759
1433876622,48.6210170081539
1879823515,48.60374570858008
2093092390,48.536058452396844
2503193011,48.46315191980155
2502021250,48.440057780785935
2094646703,48.37481022616046
2499860350,48.30875945785935
2093050347,48.299047845781956
2503692124,48.2717550203363
1932462435,48.26962745167113
1878576610,48.246754249446596
1878576942,48.18332986926163
1879237691,48.0846790589442
1432727987,48.0787923725356
1432820162,48.0728560075795
1930931277,47.98037631441431
1879244590,47.960024566696546
1934295907,47.88347291947772
1931618811,47.843054266742925
1433574121,47.839969554991
2096203175,47.799619264831776
2500774780,47.79266659479893
2502073675,47.76799758918317
1930215645,47.73608249420103
1932577857,47.55180841987736
2092002621,47.526424401991704
2095468952,47.52498004513829
1932653043,47.446790492959806
2503187662,47.4426081558178
1880433195,47.44093634103193
2093019022,47.436581024130376
1879210305,47.37231877494817
1880483622,47.34806796203016
2092062827,47.27657579656862
2499428540,47.26195993887151
1931655571,47.22267466236264
1879171964,47.186786667446135
1931667907,47.18636640045759
2499297514,47.14316887404835
1434275153,47.11636791812717
2092925991,46.99713574737303
1433105404,46.951561348733804
2092067001,46.91798673306752
1931670620,46.88153013405211
1879838980,46.86933333427771
1434134055,46.850791552652254
1427683122,46.843447382602434
2502089410,46.8190572521277
1433603622,46.796727388122264
1427747761,46.76827073798678
2095493951,46.761855013598925
2500580865,46.734448129722026
2095405902,46.706967197273144
2503469850,46.63810487107042
2091966230,46.58976585546802
1934313081,46.57282280449698
1880472962,46.541327237291995
1880504970,46.52456551084452
2502453430,46.49343405899836
1932499902,46.4810148635458
2501830371,46.455911835184764
2096273465,46.42254308753338
1427778110,46.28166555355982
1932470121,46.24771215142701
2503815403,46.214987454468286
2092064654,46.20113918314883
1879862297,46.19021100225312
2094634373,46.15346764254001
2502365680,46.139004906421576
1433575607,46.10907791459091
2502368457,46.05020053113637
1929302403,46.01248547359246
2500145240,45.99892418542939
2502255860,45.9516037751503
2501760072,45.9453984059039
2501091467,45.922781763210004
2502024915,45.91726547579575
2502049552,45.91273257546557
2503513380,45.867060001362454
1930180307,45.847863212369276
1433555144,45.81867328413334
1933538050,45.66892938116836
2095389374,45.65156005604561
2092093181,45.607001391740056
2093051931,45.59992581449403
2499503285,45.57683608742085
1930165154,45.56512461528362
2091271812,45.53867362002892
2499276117,45.517632853266946
1433472964,45.46027231626154
2503763283,45.38389413842912
2502269002,45.380849503665544
1434624161,45.34821501560541
1933513103,45.324806285167085
1930226141,45.30842019010984
1432974172,45.244466245039646
1439316504,45.23388391331902
2500759554,45.21854116685856
1433653180,45.201937639481685
1427743413,45.18907737967345
2096227133,45.14728982572224
1931622005,45.10694083798044
1879811190,45.10666854454877
1427723110,45.10374871952204
2499739313,45.079936882179155
1934298784,45.01483460249921
2091210800,45.01015325102129
2092057382,45.00660572822933
1434025824,44.96324545551581
1434757120,44.935163883842414
1932639421,44.91898011196978
1930249050,44.91530313704047
2500147711,44.90473858150985
1879912811,44.89089158158754
2095339303,44.805485172657804
1930170433,44.692990066918185
1930994640,44.69007200867992
2502547051,44.64820733854005
2094615401,44.64360619386965
1427603034,44.62949148367966
2091236781,44.59435081335698
2093986285,44.58654324426591
1931022777,44.564041833598324
1432780360,44.50873710365386
2093950760,44.49143122398662
1879865763,44.39640644869171
1879912115,44.39536298634613
2502026814,44.360025980208995
2500514000,44.359456015798
1929307921,44.29320470999986
2502934610,44.20386917568827
1879823544,44.18777489504682
2092002925,44.16448174520694
2501857814,44.05428728190931
1930930473,44.04458854173359
2500416025,44.042622977508955
1933585883,44.027589885840854
1880504282,44.012051902450835
2092062134,44.00316855093808
2092018050,43.9838146299501
2499213580,43.95386205924021
1879192483,43.92693548198332
1433355884,43.90577964815422
2091969220,43.82793898034426
2093872135,43.81560232864244
2502237927,43.8035211723075
1931646127,43.78862045034107
1931691634,43.725644575675645
2096234531,43.713947038619594
2502994212,43.68718011383831
2501307115,43.64778284557464
1930182093,43.62082390062626
2499544204,43.618413820250105
1933537260,43.613162428402646
1930944447,43.603010780569306
1439375430,43.59052908362984
1434492110,43.517084913077774
1879822735,43.496309345824
1439612393,43.467684336433834
2093955515,43.45372506143453
1880497214,43.4516637396525
2503547500,43.41487460904239
1433147821,43.38521948222103
2501497002,43.37376074791912
1432850304,43.339673101178576
1879881704,43.321601196872194
2092005470,43.320625900617
1879128247,43.316797639827726
1432914911,43.27010143229341
2503589981,43.245929111831416
2091973345,43.24415051080791
2091248804,43.19751302069433
2502103375,43.17835446475938
2092065834,43.14555200285944
1434681592,43.13049722421435
1879861867,43.12673274625118
2092817835,43.11578187758579
1433135582,43.107078126043646
1880519952,43.031754289848536
2095337601,42.996569541225085
2092942010,42.987696383255226
1439558282,42.97003797425144
1933568853,42.96544019878479
1434150537,42.942380991880135
1879229867,42.931332700982864
2093857044,42.929618825166116
2499721744,42.89629687395781
2092775787,42.81151383250547
1932482165,42.783134695801046
2499674857,42.77165053121925
1432938931,42.76637065884737
1930137325,42.6935231685753
1434221621,42.67853942355077
1432921335,42.627775222698034
2502030691,42.614238937130565
2092068657,42.596926322217584
1931646514,42.58719685071814
2499463584,42.56280217188814
1434307661,42.55767925098075
1930247287,42.49118596590681
1427823420,42.476697576773006
2092847721,42.4537533672663
1879847140,42.44790949973292
1930253155,42.43112132945802
2091227401,42.38894579690215
1439558741,42.381654867993134
1880498892,42.376397273633614
2095378004,42.374350602334374
2502367615,42.31022312257504
2503431190,42.30107006070486
1434056841,42.254052412676316
2092063834,42.248328456070496
1932465310,42.24703363178148
1929313661,42.21482234667343
2500585022,42.17292554036706
1880466291,42.04325445587996
2092942884,42.04315380633775
1879843593,41.985629538628366
2500347237,41.93929935003041
1434728167,41.933844479111485
1434595612,41.91297654300271
2096266562,41.88202339897543
1433801845,41.849031005093565
1879171703,41.82354315929045
2092864520,41.78733913892475
2502675917,41.77612410628074
2093092247,41.76048991665027
1433210013,41.73673011361416
1433453934,41.704322485825045
2499522487,41.65556972592917
1439503732,41.649150969399614
1930950261,41.61964170597109
1433645242,41.5666121953883
1879161390,41.55546604845381
2091197675,41.55474750619983
2501577444,41.55466359598445
2091253160,41.52951705358215
2499577440,41.462770134647045
2501075082,41.44264890254592
2499493190,41.42812320886136
2500161752,41.4105631435086
1930993377,41.409049923147364
1879827145,41.33524787951832
1880466211,41.28357276071168
1433469242,41.27607006106975
2499247624,41.197721143744914
2092040310,41.133459128911085
2501848827,41.0893795883151
1879848425,41.080905767375164
1930190197,41.01809794429342
2502914017,40.97360065363449
2093943487,40.87440505651964
1434682201,40.73425450348165
2092956663,40.71138705973519
1879136677,40.67884527510172
1879141490,40.66778413217288
2092832452,40.65275844452494
2499761712,40.621711704529105
1878577927,40.616145243824874
1433323862,40.6104861377853
2093907865,40.534734304234846
1434465884,40.53134316327535
1879124225,40.49875500341285
2092065617,40.49425100817324
1880530643,40.45487547351465
1439625305,40.41099768151582
1930156691,40.339270365632736
2501378220,40.282852868637846
1433416121,40.21570105023744
2092832394,40.17704272613432
2502468280,40.17320848643514
1434105404,40.128592336401255
2503175015,40.10326986342015
1433428644,40.06029310966457
2499331070,40.03698813148113
2499289927,40.00307048477486
2499301170,39.981702291259325
2091278557,39.97101705837103
1434409692,39.936911759104234
1932497115,39.907673508707816
1879865887,39.8832211776713
1932602235,39.78370689143677
1880433261,39.755096436413744
1434053521,39.68661972755311
1879842345,39.577584754360444
2094671105,39.49784622416586
1434223700,39.476584170070396
1879912515,39.402834423099605
1434419811,39.324266243648594
1879124530,39.3190690699725
2091229303,39.31101401716765
1931024295,39.23817033029121
2500852682,39.16927013460051
2501428564,39.06662787038735
1434475192,39.04723218219635
1433639712,39.01300888487754
2501849394,39.00984549507218
2092019887,38.966108572337404
2092832314,38.95471473544356
1932508897,38.88270618811593
2092870905,38.82296682551538
2503380151,38.81718816105903
1932505922,38.81433231819446
1433091910,38.7396133653651
1434746781,38.72847757220825
2501592432,38.70416396141676
2501369984,38.65814463119896
2500767104,38.645177260616904
2500446523,38.615032981070584
1427733824,38.607222597029434
2092776444,38.570123097039485
2502353873,38.563338291451274
2503768927,38.47299466029259
1878592497,38.385191733063046
1879811951,38.35633652086461
1879812094,38.326018952861546
1931588805,38.3086085017527
2092959164,38.30055105995771
1931026877,38.28611169199145
2502706423,38.258020177780836
2500739710,38.25301216548111
2095401971,38.2442902124854
1433215493,38.17734577490094
2093070470,38.168793187711806
1433595587,38.053238523613274
1932435117,37.96853580374828
2500945574,37.96297543481951
1427617877,37.943762666606005
1930216771,37.90337597628948
2092051754,37.888528986507886
2501960571,37.860303549130066
2094638767,37.85733522922456
2091200190,37.8520164909757
1932616481,37.812691269329015
1934315214,37.80957666931514
1434103644,37.803508277035945
2501007541,37.78717962372133
1933513673,37.77259146915639
2502788671,37.7588767653186
2500922980,37.72134785436834
1433485577,37.687668728266004
1439606430,37.615297177336146
1932528487,37.542971715411184
2093980440,37.47867668855653
1933497437,37.4673348801605
2501303174,37.428480603421654
1433605720,37.287843621693376
1878587655,37.281808468554914
1434370320,37.24045565489885
2092944212,37.226233418573656
2093936937,37.14545337794986
1434256870,37.145196261775254
2092763127,37.068272925580224
2094570007,37.04819793715934
2501275014,37.040182276374765
2503901890,37.027754885119734
2501810390,36.99915884518188
2501947111,36.965344280616634
1931616044,36.95063976611266
1434170697,36.88825912395933
2501801972,36.821112724318
2094659371,36.770791281075006
1432645435,36.73409249329923
1879244523,36.64228869473467
1434173303,36.58982079060728
2501610264,36.56437133749114
2500234743,36.54760598521318
2503117425,36.5327475279059
2501068090,36.51669046762866
2500725931,36.30844837293292
1878578683,36.28859905849917
2500910092,36.21647508307994
2503110377,36.136461266250876
1433219794,36.11562118400926
2503750192,36.08204658841512
2095349422,36.04890930106167
2502092437,36.02557140391843
1432854021,35.98244086098979
1930217913,35.962359343264254
1433545233,35.91266986766112
2095344835,35.89410064446682
1932651784,35.88528377555401
1930241761,35.79333571143158
2502662673,35.76963104420088
2503647720,35.75946182531246
2501446557,35.65097732197851
1931689031,35.60144863401302
2094569183,35.48636281282247
2094642871,35.45899744076651
2502567325,35.441507900964936
1433125275,35.375546411749674
1880431174,35.360732564859035
1931674885,35.3606564779902
1933598391,35.35081486169918
2092066125,35.32005899331938
2502096164,35.26988145550054
2092787927,35.26404418052822
2091968752,35.23392612166634
2502575757,35.223946041773665
1880437117,35.16098977897381
2499258051,35.15981072931629
1879217553,35.146147405263996
1432681345,34.997761842677406
2502773247,34.94036419656734
1427593052,34.936739930144654
1427763725,34.849894384873934
2499817550,34.84340610288466
1434528151,34.843356758177336
2501861542,34.81579552454229
1879241163,34.78458690753475
1933574671,34.77391338423839
2091261752,34.72166702662274
2499269440,34.65096588064035
1879803764,34.65008622324508
1880525774,34.595810259720544
2095348484,34.56545953581366
1432655664,34.427945745244344
1434682307,34.41918359840326
1427756644,34.37123096295506
1879826137,34.35979442475907
1880518477,34.32419227732331
2093081852,34.295353664667914
2500819390,34.24200789146343
2093942435,34.19787193674923
1932493667,34.194963854942046
1434490112,34.19442396714237
1932462110,33.992876170870275
2502495952,33.96629731442955
2095391001,33.9403642451162
2500215957,33.89439167719132
1427718637,33.8751336768275
1433648293,33.86570296098
2095456105,33.81125268426344
2503420091,33.77759932529939
2500973460,33.753214236573314
1879161394,33.74599464596053
2501424261,33.74230440397259
1879804595,33.729619630942466
2503719755,33.69413180360619
2503254714,33.64799870344382
2093071285,33.57435212834579
1434527732,33.56584266079543
2499412972,33.515141687320146
1434434457,33.488580321356594
2092769611,33.45169653364259
2092930844,33.369735999336356
1879829492,33.336365485575094
2092067604,33.33022811908495
2092770362,33.31983787140531
2095429191,33.30459792797726
1879138105,33.28093345916997
2095354125,33.26145726643588
2503846912,33.20232771544583
1932532430,33.194426757237125
2500389553,33.07879475474506
2092902285,33.06244899093714
2095448302,33.026740030652036
2501165172,33.006686914796475
2500896810,32.99679468811902
1879884032,32.97813550739389
2502154492,32.92084044547133
2095379051,32.60805598266998
1879876034,32.482506140344505
2092915727,32.44585472961825
1930204877,32.41589572445991
1931645105,32.38856730059401
2091266807,32.31091938345919
1434454671,32.22317380177229
2503520814,32.19210669919042
2091981394,32.17229233872289
1433818842,32.118624477445515
2499218462,32.049671389571884
2093065802,32.007133282053026
2501233234,31.971418742201493
2502430597,31.943941694205538
2500862077,31.778916868585043
2092887923,31.755766656624417
1879133713,31.67658827298918
1933515570,31.4732564540394
2093984407,31.358193589167957
1933546200,31.319894682490396
2502945472,31.152124388302248
1931643020,31.06666001021452
2502859782,30.998218377365802
2499645421,30.97935845012543
1879209727,30.730818802226917
1879905425,30.69103493244152
2093089071,30.66252421268061
1879172363,30.647530745804687
2503325382,30.56348212599775
1434740355,30.42740142935078
1879832175,30.312849029586054
1879843121,30.26319054044981
2501529640,30.137976039977502
1932493733,30.116432377651694
2503056380,30.082317881454106
2500139662,29.986508697948175
1439333891,29.923256277839265
2093932195,29.836898451535976
1879132660,29.74157375900805
1434371363,29.63569303685429
1932529017,29.608562322461218
1432614015,29.560869266028142
1880540274,29.48929831185692
1879156962,29.39951660239343
1930245727,29.35966092813995
1878595455,29.34485386580174
2502022563,29.31243868160749
2092802794,29.046597378460646
2096220847,29.034598509232403
2500308852,29.02648213408947
2503354812,28.880782124037182
2500910552,28.690122245031716
1934312014,28.632642561351105
2092926083,28.62101024096737
2096237952,28.568112449626582
1932584077,28.51028188760973
1880512835,28.2380183076134
2092034272,28.131610324651426
1433817424,28.019962566706422
1930152110,27.95711042512828
1879788780,27.956108929615667
2502049053,27.87076634839762
1932543735,27.79820547409631
1931013474,27.76592874265892
2499240954,27.68510424689709
2095377207,27.60710671834112
2093907945,27.502651490210006
1434271175,27.441594791612182
2092008871,27.341068427536385
2502235563,27.339754897073504
2500114681,27.328114523828035
1932451642,27.242400441822824
1427799307,27.215014680553644
1879126040,27.207199910587597
2092932207,27.10160634028239
2499494255,27.021080227542072
2092792555,26.94717152143426
2091282032,26.78751799927201
2499294700,26.73960305127187
2500972744,26.652016188835162
1879857292,26.593674381582492
2500238875,26.50650093793557
2499614332,26.399116836219456
1427772955,26.385152127792587
2500383502,26.376090266341876
2503345752,26.070687471919946
2093943435,26.034595033221198
2500224242,25.881657836737347
1879201087,25.600421960770063
2499565314,25.481978285536634
2093040804,25.380612810407925
1930938195,24.67241928431835
2091202565,24.603756484365775
2096222114,24.57701679539656
2499819592,24.139140542309654
2092794291,24.061330623172367
2091224171,24.006415374305796
2503671800,23.98336349822044
2499533087,23.884775364699895
2499360504,23.72949030333772
1879235833,23.705531595669118
1879172645,23.481787979791108
1434670014,23.42927916408103
1934297917,22.962045024452735
1880480387,22.939356569207916
2503469327,22.891987401360904
2095430460,22.794971169819952
2499785027,22.593302994348065
1879905741,22.227424985351462
2095447640,21.934235466215455
1879859157,21.725915254258357
2501576382,21.698609792210263
2499806153,21.57600687964318
2091258865,21.524815774177647
1933558965,21.32459573257391
1931597893,20.75045177452361
2500876904,20.672168331189376
2092892323,20.657777769105525
2502372834,20.495115323674433
2503058232,20.428284286416435
1929310631,20.387683256285694
2094609673,20.234056306394706
1879148865,19.614232614994176
2500456320,19.535904219684962
1932652601,19.48342470887075
2502005027,19.194625642337613
2499535077,18.93251210717075
1880451477,18.848914701416774
2092882334,18.678163591317592
2500971053,18.583756920476183
2501465580,18.542200326831875
1932516703,17.04789913179018
1930935654,16.98367104517374
1932434035,16.76621971942851
2503186207,16.694002644990167
2502465040,15.903582104258636
2094609697,14.44406974944669
2092953222,13.957436249082292
2095395451,13.336871348315972
2500128913,10.084814512510594
2092838991,8.467746197551982
2503030154,-0.6815959095534025
