user count in community:328
Topic id:9,Representation:0.25474409091288125
userid,score
2502344812,6.614716636252225
2093889411,6.521235551554828
2500241810,6.493743624231595
2502932734,6.482684282295271
2502154014,6.4790169211799356
1880543673,6.468650174585815
2499623642,6.436164457359306
2502367794,6.435532848549096
1930195061,6.430640412316526
2502374653,6.416879141225082
2093089440,6.403693973423065
2092857225,6.400528096098847
2500370072,6.396038652716844
1433294104,6.385962814018719
1879794645,6.379926291567118
1879891652,6.358127445250396
1931589695,6.345547985306735
2500735704,6.341115082791554
2502116391,6.340444632100582
2499385204,6.301764898673774
2502282900,6.286705453162317
1879195423,6.2814916271329455
2500642921,6.263788852927362
2499273574,6.253017239692744
2502484850,6.246611134581306
2091962437,6.244059039466547
2501062180,6.234529962982688
2093056013,6.23232426200971
1931646097,6.20211260608874
2093930480,6.193314512258968
2501409341,6.168736305364307
1880514172,6.162490975554233
2092051533,6.146082503301035
2503361553,6.133219504337408
1433121964,6.13100174847241
1427801217,6.118942157295214
1878586892,6.113553842938687
2503491790,6.112088757960537
1879141267,6.081925411447457
2502018237,6.079944621497014
1931008895,6.07846184404866
2501840167,6.077145045375069
2501743942,6.058426058276615
2094636912,6.043628445310767
2499597587,6.039549433529298
2093010572,6.03245007599978
1931659025,6.032283760054909
2092760521,6.024509096156275
2499487050,6.009868142064312
1879246662,6.006799837296708
2093024797,6.004411901724116
2091253811,6.001301708412921
1930182193,6.000890330375202
1929304783,5.998941827955037
2501625731,5.988248163222356
1434587547,5.977797699480072
1930192881,5.952260745676465
2503283747,5.942893532859924
2502976484,5.942595337051728
2502445865,5.941959245586549
2502261835,5.9267769255525575
2095398862,5.923513870140236
1930247330,5.891997223405862
2503168190,5.880830337506388
2502383232,5.878429072810985
2500344960,5.87256617292305
1930156655,5.871027325547712
1931617953,5.869617816060477
2502609604,5.866449059970216
2499568820,5.836624953615455
1879826574,5.814036486960431
1433804711,5.804283720181627
2502484114,5.796564501828675
2094624744,5.792413089941809
2502839362,5.774134312725654
2500125562,5.768190799937758
1432895617,5.76229170769478
2092902691,5.753222717740373
2499276040,5.745198311758644
1930969701,5.731148157857479
2095468132,5.7199602338052715
2502448472,5.711169382569631
1879901180,5.695706989686288
2499763604,5.693031482853839
2499636982,5.693026463494506
1433281792,5.690487506776531
2501214202,5.690388104302758
1879777241,5.681671022658009
2501495104,5.678692585286911
1433320585,5.6733048904897405
2502206924,5.664700025072027
2502150940,5.6559792399711215
2503819272,5.645697186651722
1931018942,5.638696919371813
2091949285,5.6386029642395465
2501678964,5.6107820915551
2499511232,5.609596230935008
1934295433,5.606504443059067
2502270430,5.601153198852627
1879137877,5.596242974640631
2501334994,5.591916896484002
2096270713,5.58343615269709
1879823955,5.5818605965962185
2501834312,5.579645197721707
1931666125,5.572814675200729
2094677051,5.571518008297803
2499706644,5.564171148385901
2499301005,5.54313919671949
2501179192,5.53680100770639
1930179660,5.526967042989368
2500196971,5.5211333471319355
2501951010,5.516864488576
1434434673,5.50432392700892
1932529823,5.49467187488898
1931623927,5.490402408266999
2091963713,5.486934794364102
1880517155,5.476672924105982
2092877171,5.472627001704567
2499205004,5.460959412178333
2499367001,5.4428890993403565
1879213657,5.431092314359395
2499245363,5.424924873710668
2499256983,5.420599476848517
1933536007,5.411155389939283
2501848772,5.392045674578958
2091284584,5.387452877088848
1933550393,5.384648507916043
2499760704,5.3761187201140395
2094628125,5.376104137260389
2502208162,5.3748354448544
2502013235,5.344102568248168
2499233225,5.330383037383196
1879234541,5.325713984394354
2499630991,5.31494472930645
1931690022,5.2986915962153445
1879865277,5.295186203498919
2501742310,5.294283510322979
2091229994,5.280191391060243
1879149994,5.269452603472462
2092809433,5.2637281376291805
2503409892,5.257740183217303
2500235942,5.255816699170351
2093878710,5.255699364880106
2503376934,5.250578116993778
1931685142,5.24125428175937
2096199184,5.238739911111106
2502584224,5.234723480471311
2503105092,5.233705777532748
2502045177,5.232893641619173
1879856732,5.230824550883327
1931023450,5.21106594872765
2499406734,5.20557559136914
2503891514,5.202806719928779
2502789243,5.183192004646163
2093035280,5.183141333077869
1434634947,5.171558886631273
1433471714,5.1641345663465685
2092756445,5.157407745995322
2502212964,5.157099083290324
1434238083,5.152839223350222
2501330450,5.145149113705083
1933519420,5.143214868709089
2095364637,5.135414099853747
1434160330,5.1295238874199045
2501643941,5.124556307647686
1879903732,5.121051583744693
1929313851,5.091977768545576
2503549912,5.085983590913957
1879788995,5.085369321508906
2502035333,5.075390126297069
1433033357,5.057871813260622
2499886517,5.055676971453324
1879194297,5.039131287298475
2094578173,5.032952963827191
2503326951,5.020117034217032
1931696954,5.020039509255309
1930198115,5.019990658902931
2502961292,5.015801794063826
2095459650,5.009287254806072
2503038084,5.008991794636873
1929303241,5.0078014342411885
2501233962,4.999003864585745
2501609115,4.984926198245932
1930957921,4.982432949464534
2092016803,4.978000169076296
1879856931,4.974796389812574
2092083520,4.964482808846063
2501417192,4.935165683092386
1879768950,4.930830458700048
2499248263,4.914350682598009
1931645613,4.909792190845125
1878582923,4.894359786448384
2092782931,4.892756053953236
2094604660,4.887754460282117
1932604581,4.877256516771577
2092006852,4.85981085912563
2500608922,4.8467303412477385
1931650313,4.8250399521330145
1930146545,4.823134254199137
2501315301,4.8140420507023745
2092085424,4.813343799330063
1433678592,4.806923987118183
2501868970,4.801609997968667
2500702935,4.792598052944795
1878583253,4.790802261003188
2095365674,4.768222317745085
1433267413,4.76772413672148
1879897133,4.759751482551829
1879199300,4.75935304317662
1434304963,4.7488891332945355
1932580917,4.7477745746156135
2502068343,4.743701532762458
2500271721,4.6980857445088855
2095408541,4.6848008391994
2500202173,4.675214311915849
2501452932,4.649015536933791
2092819681,4.633471431529431
2501365061,4.624328569744648
2091184385,4.618963246458105
1930930335,4.584287886821823
2503262324,4.582700843023126
1934294445,4.519887702183863
1879895110,4.505490851459793
2501702960,4.500678132865746
2502954552,4.494127936271379
2502957240,4.492747714509722
2091271790,4.489093772990256
2499366054,4.481556081805536
1880534100,4.480655543360219
2502014644,4.473956934259726
1932448480,4.466208569008002
2093000111,4.4657830501260865
2503276922,4.412005549953505
2499229015,4.402380373947938
1879151613,4.398058834870686
1932585507,4.389558736192573
2501060657,4.382811188498639
1879246941,4.3769964573801134
2503245374,4.376756593250352
2502247592,4.373961977535762
2096246144,4.330961666540342
2502098144,4.32659680036372
2499672211,4.321413045078008
1931001532,4.317824579258245
1879843694,4.31052071973606
2501995297,4.2981645827932935
2503883795,4.281851490102276
1933503461,4.281301870906238
1879773915,4.268169432035508
1930161347,4.261525696429396
2503607053,4.244363109985517
2500674190,4.2351007892906125
2502735804,4.234584327651583
2095336313,4.233027157778329
2502196083,4.211460300168799
2501423727,4.210493050756355
1434397371,4.2075184667812735
2500253040,4.205150132283427
2503257202,4.171976225732805
2094690595,4.164140016785908
1933506255,4.162324864493677
2093085227,4.141263745664287
2499313213,4.1406738582153295
2094559110,4.135307187697156
2501601321,4.09272301402252
1930158277,4.088877504948929
2499658284,4.069838232944366
2096270973,4.058352941389561
1879132110,4.050927256125863
2501655165,4.044618889658851
2502109890,4.044087682036035
2499806932,4.0239491756467265
2500532595,4.020077299332904
2095390805,4.011376217974995
2503101400,4.003678419943747
2091194817,4.000691133644126
1931638677,4.000341118208834
2093906944,3.9956950341630524
1879885040,3.9885583315494864
2092954041,3.9852973143485246
1930195414,3.9840627178923405
1932571975,3.9699778093103997
2092852711,3.950847517679311
2503127092,3.9413153769714127
1880465640,3.9092075181161756
2094632575,3.9056431189147403
1880513392,3.8895801391250835
1930977571,3.8872783089395044
1931639887,3.8425713461021913
2091974890,3.8143566886249367
1931664345,3.8000903019572427
2500230182,3.797484202205059
2501547482,3.7849160792861984
1930983777,3.784497324827682
2499255871,3.756260245522569
1931026823,3.747510876539199
2502045415,3.7237025498756946
1433187183,3.682084056095128
2503075752,3.670200239123765
2502164570,3.633988316950953
1931595517,3.6134867505611514
1880489702,3.504850448454787
1933585575,3.3315379559563656
2092893471,3.3082328445382605
1932572455,3.250504592173484
2093889797,3.2170676183223677
2095403957,3.194497436082577
2092016511,3.182063153525901
1930927103,3.146016189860249
1879890800,3.109232614419235
2092816452,3.1042166288280524
2091198542,3.017276115829829
2094562654,3.007269555362654
1934320773,3.005780120706332
2092820072,2.998841248904903
2092076237,2.9480510629907424
2501775670,2.904918214903455
2502467922,2.8845430394571863
2499257642,2.799470737000306
2500339397,2.793837378089772
2502285065,2.782332001045033
2503785175,2.7798177707969365
1930942051,2.661995006935018
1879883780,2.62867350456454
1930220275,2.2849770612417393
2502353354,2.141489967474742
2503167024,2.129355616118028
1432689460,1.2296315563575764
