user count in community:269
Topic id:2,Representation:0.5688873791491712
userid,score
1879231235,24.052787706529323
2092928791,23.89699601175735
1879842480,23.67834779623981
2091980837,23.496124724164215
2502067570,23.47268662182827
2503380420,23.265554273998948
2502181382,23.203630096234715
2499813827,23.176412349363442
2094580910,22.990403241355505
2499897594,22.965656237132105
2499546570,22.95216437097808
2503063872,22.93885572800285
2503889664,22.8790362558477
2500487094,22.744813901465037
2095461977,22.744720644041376
1879864620,22.693316847101602
1880526522,22.687443743587234
1879782727,22.67891933399449
2503180171,22.633509326545504
2094660474,22.61895286227836
1930252125,22.56968719819941
2500387940,22.499120547675858
1932549094,22.495286559392362
2501372632,22.44965714802768
2499695035,22.44759540214865
2501022980,22.4203034330137
2500413730,22.3690460544744
1879793504,22.335287711349782
2503476074,22.28976626656097
2093874874,22.284180118511188
2499336282,22.252486974599197
2499601384,22.240694324499163
2500361373,22.20675540356044
2091183357,22.183946560225348
1879144342,22.130284793252912
1932629334,22.074548829311805
2091282944,22.013202466343056
2501478364,22.006941567133417
2500389924,21.970976116572544
2095479251,21.965544790497827
2502813454,21.937793882675887
1879834032,21.919849606886604
2503665121,21.84074630402505
2095355170,21.796842111038227
2503791860,21.776057764112352
2501004944,21.76948927525469
1930226681,21.76269112466868
1930952943,21.710832331701994
2499341444,21.702171248886426
2503480892,21.549119998456618
1931624827,21.526463396507655
2500179830,21.516587097694305
2092878423,21.37445692618443
2500837612,21.333788756581942
2093980364,21.313927929288887
1932621981,21.30838833094625
2500325143,21.29880970581363
2501903100,21.17286961870263
2092903995,21.142879499761932
1434729014,21.094646429675574
2500570347,21.089326973646596
2502346864,21.07180621948371
2500474501,21.03834750190949
2499427265,21.034181003377192
1439657935,20.958544727491663
2501857660,20.935564600929585
2501710725,20.897789064682808
2093893837,20.84718940464974
1932618814,20.81634190802979
2091947957,20.790825614436816
1933517945,20.723792968390576
2503694160,20.723163236285277
2502313537,20.653319416394353
1879874773,20.635828855738204
2092798582,20.59200423928926
2093857540,20.386471524143733
2092859724,20.34591390587462
2092069681,20.258125856986542
2503083920,20.150430505701063
1439337317,20.120890909219053
2092788182,20.11971893695957
2499893771,20.002244592420734
2095490497,19.990378710963146
1880536547,19.979527467922424
1880521111,19.95859294416978
2096190817,19.888707895234962
2092911304,19.80904975193632
1930978947,19.72320512680683
1929311095,19.65340760060618
2091975575,19.64271783988665
2092892882,19.62481910444211
1932517127,19.56302692618335
2096248387,19.47915229706949
1879154743,19.402091641092163
2092885884,19.36304888614641
2093920205,19.270535858447982
1879808641,19.189906048619804
2092847575,19.18296829598013
2499312962,18.8982800028386
2500204154,18.824747332194235
2502991402,18.709389575348695
1880511512,18.66944303671154
1932449565,18.644938732611465
2501587522,18.478488505778667
2092015275,18.469367004607577
2092056352,18.431719615934675
2502536111,18.42227693002748
1932644784,18.336900364547063
2500829612,18.298785399566572
1932499864,18.291144596115213
2093975224,18.209873761401163
2092900103,18.180898167879032
2500287420,18.105608663085917
2502531812,17.73012565769747
1932596190,17.649690714993366
2092807483,17.621719836178737
1434581652,17.454362269461058
2502720544,17.384460030485155
1879170853,17.236923043250965
2501601415,17.229716523104184
1878604502,17.182498955055262
2093876867,17.115571449768794
1434351980,16.89913883557933
2503095484,16.886563114721607
1879903837,16.798965215956223
2500340807,16.714984546757474
2499884494,16.62324741640134
1433895692,16.59743040465885
2499348442,16.401312663703926
1879905132,16.317159767548716
2503141247,16.10598416883086
1439573285,16.03655396025938
2501511095,16.013048038211522
1879785770,16.010336001097023
2499647033,15.886851288486623
2502277593,15.85341007234155
2501508790,15.832079465919053
1932474750,15.720257593346153
2502159697,15.63205448836556
2503831170,15.34216106367516
1879197517,15.28696290319802
1880436902,15.254533746438497
1439508610,15.212969414316643
2501435435,15.19174346701938
1932640463,15.1273288174721
1434001361,15.09638138714464
1931683367,14.931948753089907
2091204850,14.925871349166478
2501690192,14.88672557359524
2503242393,14.780549310306725
2502530070,14.759558394696803
2500139762,14.659258743443033
1932489493,14.65803095967971
2091190291,14.6460923711856
2093936724,14.645665433008828
1879835235,14.637213374170928
2092082714,14.599346239172029
1879906035,14.489740372058865
2501566832,14.41276605607582
2499502237,14.355198638276294
2500382151,14.33358022670455
1880447607,14.301353850334266
1880456667,14.256207272486892
2503186604,14.236305444977246
1427827193,14.232104777155104
2095433500,14.12535780274935
1879828017,13.967180764414186
1432678663,13.932385172739194
1879768667,13.922108957702257
1880531900,13.881487773395795
2501917672,13.820153432620497
1932625815,13.694987761603088
2502292307,13.63105220953872
2502443290,13.475797045417671
2499601542,13.349365026395004
1879132153,13.338671364159888
1433421914,13.186859255639368
1879815701,13.172027530009258
2092827407,13.1716692240791
1880444193,13.099236050362233
2499608952,13.05098072102689
2092770940,13.014127881942528
2501149557,12.816933589163334
1878603280,12.756769208302957
2095407751,12.674404208165685
2502989862,12.636781017938311
2500337507,12.619500284771897
2093004503,12.575164197801932
2092856627,12.51527490557987
1432873234,12.502038559959127
1427842754,12.457179682600817
1433387630,12.385092270635578
2091248085,12.346072001754587
1932510840,12.256507435789606
2092946140,12.075126839425119
2093875384,11.990191050140242
2092816615,11.987982910440063
1931024270,11.986476639469132
2092795221,11.915499383475254
2501049604,11.894009237735256
1930217094,11.816590049340821
1932457121,11.649229669045798
1433942014,11.632116564326026
2093879035,11.493003615671336
1879850863,11.463352593400892
2095418863,11.46034957099288
2502783080,11.437160901123754
1434598107,11.422892083911654
2501661277,11.409707969359212
2502832545,11.404068183394905
2503245194,11.06677524759388
2500521623,11.058849450957329
2503852894,10.981936657966234
1434546357,10.744135372204019
2502895714,10.69809744332894
2502823695,10.683025912375399
2092898682,10.606202725906265
2500248664,10.373053757918079
2501413833,10.3623518544467
2501786493,10.355453376197461
2499653207,10.345923728756642
1933554442,10.260395732869359
1879783317,10.248027005745072
1879778934,10.22884269443058
1879171767,10.17167051040183
2502034863,10.148586112023876
1932444720,10.034545337173952
2501923120,10.027672758075422
2499600914,9.971818380559283
2093007252,9.929663324070471
1931002243,9.927640206947041
2503528392,9.710739028277406
1879163237,9.668778423339596
2502758985,9.637050320731793
1879231473,9.603560206977185
2503819321,9.448452981530728
2503698832,9.220723336520566
2095443221,9.143381401499402
2502562710,9.116183804591344
2503639857,8.92913302928527
1879801004,8.910142901479833
1929310913,8.883815289205085
2499319144,8.675677495094112
1930171180,8.651591266509033
2502631264,8.295775082422049
2092769907,8.266798402639228
2500467523,8.153514781103725
2499874094,7.944192161742627
2499878377,7.854571485937818
1930965037,7.834134512771734
2501159582,7.638955100366523
2500809563,7.638314358493439
2501875130,7.584161887487085
2501435522,7.4498790726996615
1932518693,7.298953994216193
2501542111,7.254807969853277
2503116461,7.244571581397342
1433295302,7.193152579103417
1934319807,7.183605859818299
1933510172,6.59132064157392
1932579397,6.469965236391477
2503030942,6.00676817576546
2502398787,5.840786436130017
1433801823,5.742223354115658
1930940482,4.936645374812868
1930935141,4.560779264132452
2092781660,4.203571117228941
1934304161,3.9196468783993805
2092092363,2.072684417521981
