user count in community:389
Topic id:1,Representation:0.304505167921786
Topic id:9,Representation:0.5534563841949389
userid,score
1880504602,51.74284639789978
2499302000,51.643851322745796
2096197135,51.468755929902045
1929306943,51.45533232467978
1434607403,51.25900055219916
2501822880,51.23094823046504
1880540863,51.21659384371717
1880500503,51.039733527144165
2502384194,51.025950697786676
2502796770,50.98820569628391
1439368315,50.96843379792346
2499862680,50.86932226020405
2091269033,50.85051865737873
1433693345,50.817067088294124
2502447625,50.7431723325055
1433543690,50.736403774951214
2499784602,50.67667515202065
2501412120,50.65192797598591
2502200612,50.644248683416436
1931668753,50.55781044538191
1933550210,50.54534464819544
1879227165,50.44640791784223
1434181010,50.435089235024705
1880503815,50.37982503414203
2500811717,50.36099475387648
2091187603,50.35733952376759
1929304267,50.34235247335276
1929305094,50.31227967003918
2091949687,50.18541000782212
2502137600,50.13094861119765
1931006501,50.10974035804337
1432700083,50.07177518988949
2091247595,50.01125332874628
2093037167,50.01072260474185
1433346464,49.998675064005006
2500780277,49.97267626636671
1930187045,49.971645521159516
2091256321,49.939287557561286
1930254163,49.93522796205434
1931649515,49.91836737850606
1930233795,49.91372199805753
2092754465,49.87151203828179
2095356013,49.8516378542367
1879779734,49.74225900879803
1439621463,49.67845741942389
1878580004,49.66662379257046
2094695095,49.63728210618399
2095355117,49.62388110606642
2091185112,49.5801026035258
1880538272,49.55075209931318
1932544583,49.538968831406095
2499480580,49.525168130466284
2501018897,49.52402177183637
1930224053,49.29260886398315
1878585863,49.21987626010383
2499380584,49.20234776953413
2092940467,49.19834378891061
2095490667,49.19223747955412
2499772550,49.16500591888506
1933539462,49.159144072465416
2499631990,49.14478246613196
2092037064,49.040608240241895
1880477391,49.006806384432366
1880454912,48.97514235366083
1879165147,48.93973085989843
1880470220,48.938048514240045
2093902504,48.927791538513674
2500386357,48.916546215706234
2499290604,48.887581088945836
1930253713,48.87666370089073
1930953321,48.84273456860752
2092815533,48.838811028963434
2093883721,48.79334664797291
2503004920,48.78586564034085
2499292140,48.77025762450525
2503656442,48.75309483087964
2501973681,48.70270326576603
1880488212,48.66723165118026
2503418130,48.65781435587988
1930221823,48.65379505152299
1930138105,48.6026732788171
2503480454,48.52582483175533
1434380940,48.523616365140484
1930961223,48.51426186086486
1880532340,48.48866242248154
2092851002,48.44700190549274
2092870902,48.44141203864409
1433297062,48.38071438226263
2500884924,48.35109654216451
2094648494,48.33929194855153
1880476692,48.273853586115024
2503212142,48.24869886520802
1880496792,48.209799473061864
1433770634,48.199006416210636
2092921772,48.189046346001696
1880541811,48.093806719725826
1880477263,48.079931098565865
1879175861,48.04226200585266
1879138212,48.02128415706223
1931006010,47.99523135607515
2095422492,47.97682331230662
1879141082,47.95299956977798
2499254732,47.913555455999756
2503756910,47.91241822893269
2499479641,47.91052390479358
1933525097,47.88680528277241
2500919280,47.77145152213506
1930157535,47.76303765617972
1880492085,47.57755650603373
1930163130,47.57124427473934
1880541534,47.53167002788899
2093950825,47.529410724704015
1930958202,47.468392382975566
1934304752,47.44548181177922
1932433070,47.415668295233914
2499255137,47.40872757118662
1432703867,47.40372452337149
1434553561,47.31407456930671
2501953380,47.2988727831805
2502675011,47.25319783948186
1434285184,47.21908496285717
1879774782,47.17293081097682
1932430190,47.14921648836663
1880447703,47.11767344792124
1932465142,47.0846723136341
1880452447,47.076043106472014
1879885270,47.01280098391196
1930941090,47.00747231327939
1931670954,46.96559404623496
1929304691,46.93380308002182
2091982500,46.91048889228106
1880479792,46.893086789140646
1933502711,46.879003694278005
1878574173,46.74805090958079
1931632375,46.716925201487385
1432612943,46.70141927850485
2093878794,46.68714996392642
2092067177,46.66634215338754
1433582422,46.645640826761515
2091997493,46.626740183868314
2499835172,46.60379355247376
1439543974,46.587273754112886
2503795060,46.58282367140792
1930943517,46.56984886602014
2092007395,46.5685797955187
1880513753,46.56195567684067
2092998467,46.51176002880956
1434176520,46.50514315027857
2093898481,46.500075827364164
1427592465,46.4433110534911
1931600284,46.36158647480866
1878596620,46.311127439462865
1434224355,46.27222954556188
1930232087,46.25490715008262
1933544141,46.23479840079568
2091225601,46.21963845639087
1929310313,46.1881801925259
1880513994,45.98321148910198
2096201044,45.97001363282057
2091203791,45.95304968806924
1931651651,45.902498198381736
1878575957,45.87260293248967
1931664742,45.78661997069683
1930204572,45.77088817294756
1439395165,45.770797179519924
1439414705,45.73622569624112
2094674662,45.69018814164995
1930212347,45.676893788521014
2499603604,45.62461449944846
1931005191,45.60949455919106
2091205603,45.60015902186581
1931661347,45.456450942780336
2499731124,45.44828359947271
2094560175,45.436431295669195
2502124400,45.29165629327561
1878594701,45.25709272928699
1878598573,45.192530899503076
1433625632,45.08557849989692
1931675414,45.08275744612898
1879207025,45.05903985910375
2502048872,45.05289208592545
1879173404,45.0068553294708
2094593570,44.93746798478851
2092093090,44.90528676267057
1879896341,44.85174847228971
1880471322,44.7889171771594
1879140955,44.785923289833995
1931648893,44.7727299116079
2501324530,44.755144663804344
2502254232,44.731565363019925
2092874561,44.73021081918881
1879778215,44.65725619409369
1433993833,44.561733324574256
1879246974,44.51129683033495
2092882041,44.469360627430426
1432718793,44.39283190796507
1879781372,44.37052203897092
2095450703,44.36046532105317
2095432555,44.34882269335131
1879906982,44.28952118081867
2502831002,44.26330828209428
1930973297,44.248578738816576
1433474031,44.24624897884715
2092015653,44.166325278537414
2093917913,44.1343359887256
1930971677,44.075796827500206
2501972754,44.05336104889876
2094670660,44.0476080787385
2093886667,44.0429335756127
1433955482,44.00152962955888
2502107100,43.916847113720735
1930219040,43.904700395357374
2503800525,43.85239869204917
1434414634,43.7507468207459
2092835431,43.721986782060625
2501952420,43.701234130489276
1879142512,43.689020280278335
2093926101,43.640272453949095
1433053694,43.536878898366886
1930168055,43.45265276956712
2094641831,43.43845774598879
2499680563,43.39219624626668
2500562923,43.27226337619738
2092056530,43.056333547689306
2095483775,43.03995690111579
2500625945,43.03647762344554
1434245380,42.96356758869467
2094583363,42.94993929035405
2093950000,42.944418138710276
2091976697,42.94169530133241
2094611334,42.816658022293055
2499378250,42.750135696570446
1433033120,42.537374984356234
1880425242,42.38636565225009
2502094112,42.36293448772488
1880426610,42.25463819209008
2501172514,42.161963276244286
1931635682,41.98951824314543
2095456460,41.9747960148003
1879164687,41.89306878307589
2499292994,41.88679085143053
1427844833,41.848526036274805
1931006257,41.391916786168466
2091240091,41.30167270645134
1930979700,41.098913418100054
2499396327,40.976708913355175
2501479484,40.971394595063124
2500823070,40.9354779607893
2503648694,40.8783455153602
1931679622,40.7352389528131
2499706400,40.72474550556418
1930211353,40.71832258015145
2092971594,40.55476603310518
2499480615,40.44167609924225
1432710393,40.43274812422587
2499283687,40.17761265193742
2095379871,40.00609281002572
1880532272,39.92857429187746
1880526407,39.82319062673899
2091990075,39.78038020461834
2091268515,39.77790090280654
1879140622,39.74911666173335
1931003797,39.708430285148005
2094694511,39.70362030372152
1879870725,39.700775120031146
2501134382,39.55573945171935
2501922932,39.32432354535079
2499756682,39.32073915368305
2501429182,39.11141046430025
2095351923,39.03421545611819
2502551467,39.02439913658953
2501590725,38.866408486823815
2502119500,38.644473012238386
1930944872,38.4333696390114
2091264563,38.3008180793335
1439408702,38.020932074091284
1433223142,37.980331770286824
1879168147,37.92388782200966
2499525472,37.808259157561004
1433546963,37.744327763559525
1930935560,37.51556781987594
1931602755,37.42471892406006
2499242150,37.21146096097408
2502712034,37.19396566599219
1434513973,36.85779969323061
1931676065,36.85040854548469
2502349657,36.8095901254024
1930238133,36.677469097541824
2092014177,36.668975859606476
1932541830,36.44627327213213
1934302087,36.398226151591295
1930148935,36.37025754521311
2092070251,36.33632194553758
2094662255,36.21997933027193
2501846864,36.02179615834899
2499459012,35.99675242907409
2501216275,35.82569842359206
1879842675,35.80217332589309
1433736781,35.75520910364541
2503906995,35.64520445521899
2502398367,35.62044726160248
1879848477,35.42500635911016
2499535565,35.2189552817137
1932596207,35.14004733989232
2093018290,34.91383753381848
1932444564,34.69398017460374
1933549103,34.598431824820665
2096265992,34.36306964482537
2501252530,34.084379275744205
1427675612,33.88819053024306
2500726200,33.06072061586775
2499323951,32.785571146900786
1439613093,32.72429831567374
1879830405,32.707314491530894
1934296252,32.60905899447556
2501558693,32.15729294726793
2501624163,30.684290118221053
1432695027,30.636177105121206
2501604981,30.418052708261982
2503390092,30.395666121368308
2092819941,30.10506227356597
2503610712,29.956575886215298
2502154412,29.87636814446272
2502564430,29.77686243335753
1930166677,29.691834380984975
2502130825,29.579303928336277
1879830417,29.315034409096832
2502926130,29.29550110311625
1879822355,29.07884018637457
2503608340,28.78764929286442
2091972133,28.586749406942754
2503662834,28.424774363039198
2095337017,28.33095786167325
1880532331,28.089935030754823
2501896357,28.0188993709108
2499350100,27.735608347122152
1879226021,27.644394700287542
2499823914,27.541511821937814
1433512494,27.538820269172355
2501024594,27.381428152928873
1879768300,26.11697680421112
2502088490,25.942094680920313
2499362737,25.131989073323147
2095452473,24.886314900461922
1931021600,24.83360383687106
2094677064,23.678131881306786
2499264150,23.662184171468848
1880460051,22.68389857072141
2092820933,22.568856058078207
2503382054,21.132701346182124
2092091040,20.98812048587498
2502146670,20.70815628243845
2500320512,20.555612653718526
2501322434,20.316304637577154
2095476407,19.82840522427918
2499247720,19.558534171058167
2499519152,19.480432648308625
2096259373,19.426963264409178
2501040410,18.669332090816877
2499644360,18.276976074138233
2502518690,17.462246873351614
2499308220,17.32647475567628
1931601770,17.03185677115599
2091270412,16.75542064146725
2095384984,15.666873631856255
2503434493,15.652374708705905
1433077095,15.38183668999156
2502371055,15.170488670585794
2093949481,15.07846941405274
2500263481,14.792339337671867
1433779463,14.414605502586127
2502861462,13.59259473010848
1879798084,13.417883744058823
2500284384,13.237749443698998
2501782910,13.068889642044379
1433718202,12.904783258359593
1433562390,12.765266601282548
2500134344,12.348202031154312
1933597017,11.59368247311193
2503908500,11.378376957923875
2503901374,11.181975119851646
2502163757,11.161437646486329
1427810841,11.066965700583872
2502610444,10.149783136497774
2502532600,9.830098202316282
2502537130,9.795387699640344
2501980387,8.533430244452578
2502161500,8.462843311700487
2502348787,7.842713235413445
