user count in community:3009
Topic id:9,Representation:0.7402313108613092
userid,score
2094597582,572.601471986819
2095391242,571.5376196042155
2503620760,571.440522104586
1930154655,571.2081169617625
1879835622,569.5387725939491
2501975543,568.7323217368017
2092814872,568.3175124867536
2093046393,568.2748503951829
2091261215,567.6880552916876
1879139463,567.2625576317054
2094650971,567.1509858246709
2093881290,566.8926347712295
1931592151,566.7500771265439
2502294542,566.6778061914554
2096199951,565.9614729450901
2499433780,565.9342389568575
1879167280,565.1677768848999
2091950920,565.0312487866099
1879908332,564.6807690255162
2091184117,564.2249209523044
2503415980,564.079984041581
1931590410,563.2451470161725
1879813564,563.1076505351405
2092066705,563.0085908141717
2094634580,562.985641318918
2096244891,562.4772951808324
1929308057,562.1229788166888
1433575465,562.0834196068771
2500168913,562.0028255487268
1930154233,561.9370100592683
2503652512,561.770056324865
2499205517,561.6104868148009
1933572564,561.5487881548515
2499477321,561.5121887336895
1931685907,561.3803000056134
1878581232,561.2379176627128
1879810073,561.2351781209163
1434755755,561.0485067432923
2501670285,560.8567496860397
1880494774,560.7626499523429
1930244925,560.737777565035
2095406881,560.6497940597884
1879135614,560.611577830954
1434341077,560.4224389092843
1880501980,560.257272311519
1433554382,560.2238571339035
1434536551,560.1784583926635
1930963823,560.1142073514691
1930195211,559.8734579970641
2095404687,559.864349654283
1879904025,559.7032980964299
1930141241,559.6678105002194
1434566265,559.5982744125146
1879849895,559.4465383623963
2501439690,559.3802639690136
2092022550,559.1180827615125
2502198263,558.9284561137034
1433631280,558.9217546547866
1433228560,558.6074348048797
1931606564,558.5991668228241
1434763932,558.5475105253759
1880466722,558.49270332191
2502073210,558.342656108629
2501962860,558.2813008528348
2502668812,558.2601744390095
2092756964,558.2215243521756
1879176392,558.0729114761391
2500342980,558.0219264490801
1880424747,557.9873940653326
2499718200,557.9369210535293
1930162164,557.7925347736215
1433965811,557.5568130137215
1433668703,557.4589219863367
2091982014,557.4527327889901
1878585421,557.4339541237432
1432735085,557.2244685737305
1878583115,557.2077424098728
1932645275,557.1754547748218
1931656571,557.1156812972926
1879130405,557.0967684378445
1878579107,557.0940028388161
2501943412,557.0847736678305
2502068934,556.8714860083486
1879214497,556.7771565551027
1931686391,556.7755799055739
2499848593,556.7310557528352
1931017185,556.7231683340775
1880535191,556.6962793632835
1930207255,556.6687430907316
1934322373,556.6315513121776
2095404001,556.3402871189629
1932542753,556.2067447498482
1934311760,556.1834436670867
1434000397,556.1765879752998
2092837295,556.1188670354991
2095400730,556.0780140642103
1434585263,556.0543678587393
2500289390,556.0437883348792
2502955872,555.8832989798302
2093000957,555.8584239935861
2502909364,555.7898443888035
1933502477,555.5825066971038
1930970873,555.5445828901711
2091989041,555.3361291846013
1433428820,555.2446961988296
1427834320,555.1281113328087
2096238664,555.1100762260007
1433518063,555.1026922561484
2092039132,555.0890667286682
1880435202,554.9681072855069
1932526717,554.7847044247446
1932585327,554.7182898770888
1433265597,554.6039479004183
1434263584,554.468653700945
1880479080,554.3046867790268
2093086902,554.2998532909197
2095474875,554.2781550193364
1932541935,554.1569876613289
2502723563,554.1446289626107
1880532025,554.1010476952706
1929317197,553.9370868970599
1439385562,553.9277155826237
1879901992,553.8835727769258
2502731893,553.7537141589262
1931629247,553.7201471232996
1931693170,553.6967924269188
2501965674,553.6623448066109
2501321532,553.6347483905195
1433899854,553.5767449668115
2094690957,553.4873726490969
2500268340,553.4514129581652
2503623450,553.3800656444922
1879145080,553.3572573607066
1879807004,553.3462311399493
2501851064,553.3137459248836
1434711685,553.2813148829258
1880455814,553.2743957841504
2501439933,553.1850863011675
2503583390,553.0456923767698
2092029500,552.9916812169603
1879171053,552.8385795770688
1932446255,552.7297160578479
1879868534,552.6537789850053
1930211315,552.568235084453
1434310311,552.4295032901357
2096202780,552.3681037407719
2499220427,552.2718682002713
1930965995,552.0902743428767
2501846295,551.7831989081142
1932549361,551.668257836313
2502530682,551.4700546962194
2502026802,551.4175743206099
1933528515,551.3834185391787
2502919853,551.1998112934402
2500866724,551.164285665018
2096185780,551.0922685497163
1880528621,551.0591882255624
2092063751,551.040699043928
1879861454,551.0395053869524
2500941035,551.0374843830477
2502304210,551.0321814632103
1880476793,551.019971217286
1931641951,550.9504885567565
1932566162,550.9353005819729
1433310914,550.8906462151746
1879862424,550.886951563141
2501913505,550.8701148876132
1930965767,550.8632374249767
1432785024,550.8336877903093
2095489837,550.8334706499479
1930145635,550.8163379418336
2501670035,550.7614441316033
1934322984,550.6187526221686
2502260154,550.6100677987822
1879184517,550.550272960588
1880512672,550.4054059867728
1932568125,550.3510753328252
2501852257,550.3232699335695
2501390215,550.230647371633
1879134031,550.1849994555895
1879850750,550.1123056209084
1432691295,549.9627165274945
1433218652,549.9162981566179
2502181702,549.9012580237463
2096262830,549.8908623021921
2092922295,549.8809885162395
2094685961,549.8709289303387
1879900374,549.8098694196142
1880442072,549.8098438406918
1930982315,549.7397572052098
2092933560,549.7356845906678
2096191451,549.6721604415737
1879768804,549.505701814205
1427616842,549.4847505812709
1879894420,549.483070779292
1930149441,549.4456446048291
1931024783,549.4215557583299
1434345395,549.3697441866026
2095367872,549.3059905607704
1880428513,549.1661941106726
1879166904,549.1418140239023
1879901255,549.0709324252256
1439482777,548.9302002000849
2502768851,548.8666287718178
1879777673,548.8568288743958
1433962915,548.825572061178
1931013913,548.8208028668854
2501715910,548.8195549368103
2500183222,548.6785622148728
1933580580,548.6332295879253
2095456702,548.4680997804832
1931683174,548.4363321335825
2499742414,548.3428477568449
2091989561,548.1933740363659
1933561393,548.1425149891883
2503380480,548.1325647085724
1433138330,547.9895323608727
1878584035,547.9226221928717
2503079482,547.9068980249818
2094555297,547.9010563996623
2096252547,547.8700551238834
1879204481,547.7442138438156
1434190202,547.6947177606894
1930948044,547.4992497880497
1879861982,547.4886508174648
1434721137,547.4284168619972
2501524180,547.4242449144458
2093078171,547.3095339651268
1434771544,547.2783956584425
1931026252,547.2108763671984
1933501672,547.2008375450985
1879187595,546.8317542091836
2502383664,546.6799010929425
2092011162,546.5928164999003
2095453721,546.5888623416523
1931626655,546.5748783468534
1930225351,546.506025074004
1433833077,546.391738974767
1879802911,546.3838617981384
1880469012,546.3575871038132
1439371020,546.3433241031603
1879774574,546.1994577877857
1880512414,545.9801886877491
1434199081,545.9741509153578
1931607770,545.9728403593427
1930228511,545.9240691144271
2092873110,545.7068657673947
1932556065,545.6653989206178
1879841224,545.6381313588216
1878596574,545.6367493600745
2093931387,545.606767828247
1930253957,545.5577843479562
2093027000,545.4760119225357
2093864421,545.4732746038061
2091212663,545.4428552036774
2092796333,545.3471715127562
2095458867,545.3364626557731
1880502085,545.2901057149963
2500114310,545.2083175873144
1434137012,545.2022130274034
1879176622,545.1319468430793
2502160831,544.9909040928806
2502509532,544.9175005575468
1933514114,544.899018718405
1879834875,544.8951219406486
1930248343,544.8843645953461
2499496530,544.8778788404629
1878601113,544.8630226679059
1879796033,544.8419421557423
2091969695,544.8254409274473
1930988275,544.7987008810776
1879805097,544.7835274429233
1434747404,544.7775467103963
2502841033,544.7424275918063
2502056104,544.6986648131833
1879872902,544.6731805593442
1879903355,544.5967248722903
2502691713,544.5752358202202
2499524970,544.5689654464871
2095489587,544.372334947082
1879159893,544.265454896922
2093882415,544.255592336284
2092020053,544.1801324516546
2502081387,544.1711972472042
2502307687,544.1615591516025
2092780115,544.0927141922839
1932450391,543.9473343662567
1933578004,543.9410304219805
2502478215,543.893539038926
1932494700,543.8925563411086
1930245992,543.8594419797631
2092821731,543.8391776960034
1880530875,543.8372152948693
1930202785,543.7301936352613
2503846183,543.7298485340107
1434564321,543.7192866541196
2094574507,543.6645111378733
1930196420,543.6632933050531
1879841492,543.6506528316191
2094651713,543.6434952853378
2092073525,543.602544799676
1880520570,543.5920932173381
2502441550,543.5446043594621
2499711222,543.5425876471764
2091181502,543.4819296534201
2501385830,543.3933713057777
2499846657,543.3672639337119
1932526457,543.3201285638029
1930166385,543.3193512580345
1879200961,543.2969044095521
1880543295,543.1778277592646
2092971103,543.060384604215
1930201521,543.0131795421456
2092822234,542.9201321009739
1930160684,542.9187018483273
2503588042,542.9058448127121
1434419542,542.8699203532402
1879162233,542.829849560481
1433637537,542.7462258075733
2502464201,542.7417706334808
2095424613,542.6781715843077
1930984960,542.6565674015014
1878581001,542.6420556353883
1934315867,542.6246923483759
1931619101,542.6113438404757
1931657053,542.5127591156697
1879812695,542.4487945241228
2095434091,542.4089611597605
2502892431,542.2922347514858
2503245234,542.199293656241
1933526915,542.1967626740046
1879880354,542.1347571269062
1879137657,542.1256667526358
2093888471,542.0866273013118
1434642131,542.0706415444009
1879165097,541.9022715313997
2092069575,541.8797563654799
1434750034,541.8586401165284
1879789757,541.8526938433159
1879179924,541.8107994483611
1434081092,541.6369586044566
1930958424,541.5451677202411
1930956663,541.5278154164953
1879159590,541.5101103159528
1930943263,541.5062644771227
2092852901,541.5032363197447
1433864152,541.4743838842742
1930958281,541.4320959907284
1879200502,541.3989771546826
1879230850,541.3484068561977
1930987565,541.2862334507926
2499585702,541.1561118001924
1933561427,541.0548484693821
1434114220,541.0521368337666
2501698365,541.0042162368105
1433341422,540.9804070357992
2094629835,540.8614709486695
1880461842,540.770253721895
2501626682,540.7184702462774
1878592927,540.6439824423695
1434732715,540.6095409478249
2502401514,540.5839723915266
1933601152,540.5480429959362
2093079835,540.5322933393577
2093919124,540.5118241782185
1933500587,540.5088994591596
1427864260,540.5033946516155
1879875315,540.4501074286368
1434066772,540.4437945573321
1434447807,540.3935486555616
1433653314,540.3933070160956
1880450407,540.3298120670248
2499281561,540.2322255363569
2501669253,540.2242572212805
2501792972,540.1234382749177
1933502173,540.1065105960389
1439320732,540.090012123727
1930180122,540.010384945298
1932645644,539.9464752453914
1880503622,539.9288178204719
2096252302,539.9062565202637
1879884974,539.8987164274855
1433043994,539.8892112041677
1879828401,539.881095984157
2092824144,539.8644620930166
1930214073,539.8636567972508
1879911024,539.8409830767096
1880532555,539.8371189923157
2092914524,539.715449865159
1879177731,539.709455190537
1880451182,539.6759845432042
2096185777,539.660486557163
1880516174,539.4746448758561
1879184040,539.4664124486859
2091282502,539.4579175303763
2503803340,539.4578066481726
1434198271,539.440511948397
2094644051,539.4362693254031
2093877881,539.4238852485386
1434634922,539.4226266623104
1880426505,539.344161456485
1427854112,539.3419798451014
1931008083,539.2772520784946
1433057603,539.2760619551719
1439387340,539.2073168943554
2091968342,539.1237003720664
2091183973,539.0690955429906
1879207284,539.0438775723377
1433304605,539.0309993593155
1880466742,538.9923234556106
1930229825,538.9816494322563
1930193667,538.933287132988
1932517774,538.9040526817639
2501607020,538.8538432986048
1879843151,538.5871744496048
1930994552,538.537452388195
2499646840,538.4984512682967
1934322437,538.4963563666495
2501655084,538.4727065497756
2094670014,538.4701137768785
1878577960,538.4639366211396
2091984891,538.425224628955
2500299700,538.3138303563142
2092794371,538.2927171351573
2091216905,538.1113905688666
2092066853,538.1068453420705
1433638020,538.0927716902146
2502316690,538.0528917579235
2502336984,538.028100419738
1879158530,537.973923456278
1879844885,537.9691654181888
2499578592,537.9461722570788
1434243861,537.7833632040001
2091237372,537.7532899875938
2503819115,537.7328371431286
2094655364,537.6963671988326
1433305747,537.6628051231579
2502636873,537.6533754221125
2095405365,537.6236595488801
2095399021,537.5676438259934
1933521987,537.5649141418268
1879149511,537.5631406170272
1880518065,537.4381555348689
2091277421,537.3137527487308
1427751511,537.3051181994666
1433801405,537.292749132943
1930209777,537.251174904141
2503823792,537.187094588896
1879811431,537.1477676382328
2503005447,537.0432296929725
1879837990,537.0194583049276
2095391795,537.0057107187089
1879794964,537.0034733849121
1879213093,536.9503761119089
1879804590,536.9477732137545
2092808473,536.8741859106046
1433345865,536.822754530819
2096207992,536.7927889455773
1931666521,536.7917068430637
2501616304,536.7812401128409
2499290194,536.6493115683624
1880448245,536.5533480569719
2092053641,536.5212017279999
2502643273,536.4694409098418
2501468972,536.3951782990046
1930178262,536.3724007847431
1434184805,536.3597508403029
2499573814,536.3333481287799
2501353045,536.3229835267398
2501726952,536.2829230485771
2503629030,536.2803178347876
2499646710,536.2756459119445
1433552760,536.2289004557961
2501496503,536.1804685291061
1433506392,536.1561905581366
2095485922,536.1166966849717
1932496917,536.0132178053129
2092083621,535.9453902803145
1880502731,535.9122260041961
1434460071,535.8381247052939
1879174047,535.7711411929914
1931672847,535.736612242264
2500552377,535.7267780165644
2092842581,535.6752521329815
1879130233,535.6239531241324
2500217594,535.6189810207231
1879784077,535.6121123022282
1879199295,535.6053046414863
2091181713,535.5411588629582
2499664302,535.5089126579704
1879832410,535.4876844598365
2095437317,535.4088793156059
1880449090,535.4081989431751
1930948903,535.4054671955448
2093900827,535.2723003088114
1930158634,535.2574156313656
2091995703,535.20101599971
1933509284,535.0924013846176
2501384551,535.0408162273212
1930981985,535.0405690763143
1880503964,535.0405585288313
2091181103,535.0267633317687
1930217551,534.9970733415147
1933521161,534.9745711145064
1930978534,534.8854741865791
2500354917,534.8409394937132
2501954140,534.7789178594967
1434717217,534.7221814617952
1932499721,534.7177783998997
1427590831,534.6855515334267
1879775550,534.6695762405959
2091197941,534.6604616082507
1930172525,534.652713245746
1427592300,534.5913308861899
2502824085,534.5905065924262
1930148521,534.5391780626474
1433764400,534.5186222128618
1931691851,534.4062697481497
1878582551,534.3428290300648
1879168733,534.2796615695264
1932552691,534.2789199222443
1880475223,534.1807143960503
2093050194,534.1487321370015
1879129987,533.8966893572693
1879151193,533.8526356810005
1931617721,533.6294664675229
1433088241,533.610735921505
2093967510,533.5664609337956
2093919727,533.5283585677853
1432725760,533.4619207656888
2093083860,533.3908165195464
2499703585,533.3686949374745
1879823630,533.3636499342824
1933491181,533.3348977450643
2501907501,533.3037440770871
1433277800,533.2955201012555
1880447342,533.281268923265
2092790393,533.2567463222496
1930953171,533.2547623848013
1434595863,533.228753690181
1879840542,533.2215830391599
1433134215,533.1906603233756
2502443574,533.1243888119282
2499488247,533.1111800678758
1879770050,533.0508289653817
1879154851,533.0446327685328
1434419591,533.0372752409231
1434593852,533.0019688400054
1879211305,532.9819830729482
1930172921,532.927984629334
2092003205,532.9066898582612
1933525414,532.8105572460084
2095413343,532.7862197332798
1931002220,532.7808666507714
1879890940,532.7790570139055
1932449774,532.7514869381022
1433496540,532.7359256059376
1933517301,532.6672945469224
1879213375,532.6577596626103
2500922010,532.6082330276172
2094602937,532.4510337845861
2092768147,532.4302322975685
1427785057,532.3967031825383
2092884813,532.3574421667757
1433691375,532.3507738961389
1434704997,532.3256854576492
2499655780,532.2299895312825
2094646635,532.2244592335444
1434424964,532.2019232397355
2499394864,532.2000592396789
2503789574,532.1718774642807
1932629414,532.1465785436062
2501580822,532.1149846074396
1433647611,532.1140508124444
1879154083,531.951818852821
1933577791,531.9202361673496
2094605064,531.844050113394
2499491461,531.793627432537
2093947391,531.7909602968956
2093978042,531.784486123131
1880453697,531.7761137850464
2502140135,531.7557484054222
2502950784,531.6992384429308
2093946195,531.6547037566813
1931694330,531.6243165832996
2500415904,531.6020623834621
1439331640,531.5862300130702
1930174345,531.5028678721369
1880538780,531.4964618319659
2092789061,531.4377007132044
1433959054,531.3907044051747
2092951285,531.3867612402614
2500991640,531.3787106784094
1931627153,531.3767133372928
1880459891,531.3370737276576
1930940283,531.2988526139223
1931594170,531.2987048419128
1931660912,531.2981066590381
1880495045,531.2258088001242
2499288012,531.2212406682493
1433872087,531.2159370891023
2501353714,531.1182714515683
1933522340,531.1141560102873
1878594043,531.0850408742443
1930226754,531.077752358758
2095378413,531.0587127347355
1930189123,531.014604727823
1879227784,530.9652703894972
1878582655,530.9384156675582
1932513320,530.9005849094616
2092958540,530.8057840325641
1879768104,530.7749507713938
1930974695,530.7617412136481
1934301905,530.7445559100597
1930940544,530.7282906144367
1880494010,530.7277333858374
1930196033,530.7212451550665
2095406713,530.5956759451304
2091955361,530.588606624071
1879911894,530.5261930759455
2502054835,530.474353076344
1879200053,530.4717785703909
1434282604,530.4317274160829
1930950300,530.3519173793884
1432702001,530.2933144727036
1879135361,530.2303143997025
1879216587,530.2125818429762
1879133002,530.206339093935
1879156402,530.1911785901144
2500156195,530.1908821165299
1879142160,530.1722598551121
1434559737,530.0957593443819
1931638773,530.073123806401
1879908067,530.0676058677288
1878578191,530.0505679730397
2500103512,530.0258390731831
1931654123,529.9730394918912
1880500567,529.9675496806982
1930960975,529.9260584305289
1879844887,529.9148384217264
1879847921,529.8859283912915
2502472000,529.8614207027327
2499601602,529.8613048306174
2092998852,529.8558121102757
1879139004,529.8349568852656
1880507755,529.806085526842
2093863414,529.7774538016838
1933491755,529.7381448089179
2501295122,529.5933391289931
2500174005,529.5918588060822
1880440770,529.5918491423466
1880427535,529.5592195612551
2501957302,529.5109749025664
1433305461,529.321630022594
2502462454,529.3049457879349
2092857115,529.2832845352526
2094594120,529.2281136532287
1434504367,529.2187197404512
2095437153,529.1785146696062
2091248795,529.1717903200062
1434642151,529.1147879750072
1433483257,529.034168018169
1932427615,528.9996132066797
1880521683,528.9718268341044
1930248475,528.9199037204198
2499226087,528.8475006543746
2093978254,528.7577922238206
1931631663,528.7558620229366
1879797933,528.7530112095405
1879191871,528.7364956180164
1879183200,528.7047563224841
2095363141,528.6838819985038
1880526592,528.667796366969
2502322064,528.5876018787154
2502640310,528.5824197062827
1879134130,528.5695727969511
2091208623,528.5349284399604
2092043947,528.4592732567513
2091247067,528.4292956712605
2094619862,528.4159276347888
1933590363,528.4031630621715
1931592542,528.2881761727632
2093003253,528.2353094720038
1880450772,528.2006995713588
1427860691,528.1799523531175
1439521832,528.1415708648357
1879792962,528.1220474390207
1880494383,528.0601232061624
1879876820,528.0425627501468
2096274065,528.019375010397
2094675562,527.9923604888229
1879839551,527.9595923985468
2091962443,527.8671251358418
1930969033,527.7889731000316
2095430435,527.7783927946887
2091270821,527.7132431829342
1433866004,527.7045092976172
1434730644,527.6680478356798
1879884724,527.6511433869055
2092876215,527.6450945234908
1930985463,527.6226122710938
2499211421,527.6162440416987
1434180100,527.5812039903133
1879139245,527.5761319625419
1879806221,527.5515831646755
1433478450,527.4943965958075
2092799092,527.4932425667977
1878604512,527.4829261240376
2093960491,527.4754150207928
1933505515,527.4723322094932
1427701864,527.4599330051095
1434732514,527.4195008210106
2501282453,527.3908469059668
2091209730,527.3509984026065
1931620197,527.3147175332256
2092963791,527.2705675363596
1932452561,527.2362979399618
1931633462,527.221526203089
2502453835,527.2169031597788
2502822723,527.216601333596
1879143957,527.2094565620134
1880459165,527.2007816764266
1933500367,527.1690537603831
1879838192,527.0831809957124
1931677815,527.0774014961646
2092806983,527.0474597111814
2092022200,526.9185455306016
2092058795,526.9163729170095
1879196597,526.8067492224662
2094641523,526.7720392153201
1931671902,526.5854292829197
1930140375,526.5776437761454
1434224753,526.485845319938
1434559965,526.4855733070377
1934313973,526.4312132777957
2503865540,526.410241528976
1930966837,526.407110063941
2499278570,526.4054644732178
1930162215,526.3943187783321
2091969387,526.3223586620608
1880476694,526.2972558024767
1879174594,526.2212845432441
1433230401,526.1724467474165
1433999665,526.0835262982181
1878586385,526.082544931135
1434426213,526.0650846998022
1934311923,526.0507561725731
1931008920,526.0501202672459
2502895320,525.9335295911573
1434643147,525.9331780890975
1932578094,525.9188624900065
1880476042,525.9106021050427
1433059564,525.8832796357653
1879197002,525.8205034420131
1932489642,525.7940915799137
1879808471,525.7592601974463
2095402500,525.7147988623311
1931648751,525.6846501381531
2096269170,525.6767347550144
2091984467,525.6689703675266
2502471393,525.5733554072815
1879838747,525.5729578025295
2499575284,525.501324427588
2093867111,525.4806026387535
2502445640,525.4384797783911
1878580667,525.4379747453488
1930971255,525.3417310288477
1879856853,525.3333919182495
2499826160,525.3266532601572
1432724711,525.3141532998949
1434351692,525.3039596799125
2093066435,525.2979447107599
1931679971,525.2953018287889
1434564737,525.2528804290724
1879182765,525.2352446653149
1434557285,525.2212655437482
1433665610,525.1951949789698
1878597082,525.1688151092432
2501886235,525.1626297259677
2091256597,525.1332739078302
2499534042,525.0382533014849
1932591893,525.0261024445024
1879770454,524.9928230695378
1879847300,524.9843669961599
2096257231,524.9810521886352
2092067403,524.9186044433941
1930953733,524.8545719194167
1434143190,524.8137482829634
1930252473,524.7028804030697
2091221131,524.673277589276
1933549843,524.6291061111548
1879768342,524.6207581909167
1931646343,524.6164899445673
2092021465,524.598615679201
1934313423,524.5215333238663
1932631533,524.4283476573434
1933549441,524.4054017671157
1931644995,524.3958645301722
1931011233,524.371233398062
2501331684,524.2916838675154
2500904052,524.2734216488868
2091954005,524.1155915947563
2092811361,524.0786204325539
1932610080,524.0320749512714
1439626837,523.9687012549629
1932470601,523.9549891258545
1930936075,523.945171280064
2091973893,523.942898021126
2094676253,523.9423035520981
2502503880,523.8921428430108
2094639653,523.8782508065622
2094577274,523.8532017457272
1879167022,523.7290496644966
1879901644,523.7077343414612
1933514214,523.7041366698335
2092775851,523.6996244436579
1879199610,523.6075388342557
2092995855,523.576075241216
1879220321,523.5734388791146
1434510235,523.5667320519069
2500192650,523.5386986219653
1880443695,523.4698072272128
1879134392,523.4633214134526
1879155530,523.4258896000081
1434177157,523.4078261702009
1933519427,523.3685849319951
1934312607,523.3598508495674
1930955494,523.3368655858941
1427862181,523.3218317511839
1433481133,523.3066051923746
2502092911,523.1621828409128
1880504060,523.1163025737172
2502178591,523.0798595854745
2093948907,523.04125741985
1880442022,523.0349884419775
1932576647,523.0101406153041
1879793210,522.9246489359188
2092918875,522.894470652497
2092994290,522.7902823479067
1879132835,522.7802727887436
2501343091,522.7071654737746
1433393804,522.6887819256012
2092077323,522.6813839789697
2093089093,522.665704565819
1931010185,522.6290357582791
1433578515,522.587281318461
1930172281,522.5364952683394
1931670540,522.4724829579092
2502022884,522.3476721249956
1433447725,522.3289243083537
1433286642,522.158466879256
1932459477,522.1342406801642
1930993477,522.1046757472669
1880495271,522.0788250050775
1879840172,522.0560120259189
2091955322,522.0097359192284
1427830533,521.8469083507125
2092756274,521.7569257155275
2502250022,521.7115230313985
2500178713,521.6815836537866
1879802041,521.6767245005625
1879815392,521.6468385374175
2094568234,521.531357304767
2092872953,521.4475967716314
1427900227,521.4429537198992
2092846992,521.4063700974754
2503066912,521.3835425267968
1932633181,521.3518693746539
2502232464,521.2625696748426
1931695150,521.230376656762
1879769734,521.1884837267125
2092926110,521.1575797172669
1434744771,521.1391416966347
1434498742,521.1301821063882
2500991562,520.9805963571439
1934322553,520.9135259199307
1879150034,520.8926861076943
2501810187,520.8507460926425
2503735491,520.8399212450266
1931634564,520.8218470810191
1930148371,520.798815413088
2093967037,520.7559981205965
1931670622,520.742063197824
1434767884,520.7258144838647
1433727052,520.6870802321167
1931599557,520.6753668351873
2094698452,520.5853068178062
1432805264,520.5549579736262
1439462111,520.4940292348064
2503515913,520.3290102856088
2500293390,520.239892264249
2093978867,520.2190692744413
1880536125,520.1946708104462
1879173071,520.1397388591632
1878603547,520.0822509460683
2095489284,520.0332363567086
1879908932,520.0306465119176
1879145085,520.0032487209314
2502647937,519.8555540098629
1879771370,519.7991254404947
1930943243,519.7106201919167
2093968013,519.5966544109696
2501950102,519.5754798210661
1880474951,519.5724491852853
1931626407,519.511978216045
2091288237,519.4981816476244
1434660721,519.4596668027028
1930211141,519.4222889562355
1880521572,519.4004835196971
2095391671,519.2554371372458
2091241342,519.1885495059815
2500476697,519.1677033090746
1427869902,519.1566167414495
2499257310,519.1437929456147
2093022531,519.0507272555549
1930222465,519.0293060457037
2500185220,519.0121191284721
1931015301,518.9705702154217
2499563234,518.9600744296382
2092756995,518.885797681795
1931022651,518.8812639426143
1933532702,518.8617984043632
1930183377,518.8499677912781
1439506484,518.8235640819319
2499664711,518.8195372479606
1433933491,518.7922015455099
2503074832,518.667202554752
2095368143,518.6032245612533
2501473964,518.5411908368324
2091963161,518.5121181192906
1880443441,518.2955763539898
1878587233,518.2682573826319
1879145580,518.1761099863371
1879788732,518.153623459545
1930927003,518.1454806165974
2500506442,518.1165852026145
1879836662,518.0433492640428
1434639643,518.0272305484887
2500953563,518.0178510628789
2094679910,518.0142386174155
1434421631,517.9140230274228
1930994834,517.8283708470117
2091260101,517.8029739730915
1933582313,517.7714525807684
2502895124,517.7108404661838
1931602441,517.6116473579177
1933531492,517.6057315304391
1433447874,517.4860494063763
1931028585,517.4468354658678
1931645227,517.3763948727694
2502545140,517.2564203945783
2501963084,517.205501560882
1433594093,517.1737401704451
2091986543,517.166109988676
1434307681,517.1580759271437
1934320697,517.1485429070669
1879902534,517.0680268542159
2093935072,517.0579663791287
2091998194,517.0408058790056
1879192453,517.0310367526599
1433751803,516.9794238936068
2500110331,516.9667431549672
1879903004,516.9138593094794
1930175220,516.8958221532883
2096226313,516.8814468522327
1879126995,516.8673819834439
1932568343,516.8451979809265
1930969773,516.8199228076619
1433646922,516.7580943214582
1434718541,516.7566159382869
1879845963,516.6307156195106
1880457192,516.5905358151444
1427682987,516.5227594715694
2503716041,516.5225030229298
1879190741,516.4315297629455
1439422443,516.4254014128633
1930992041,516.421347757633
2095467563,516.4203908036732
1879773981,516.4039324989523
1434118543,516.3681912097013
1879194432,516.3516256918447
1930982635,516.3270124363328
1878584127,516.3227459648683
1427864321,516.3130325575506
2094630197,516.2753475812547
2502742444,516.2223008783918
1930226962,516.2049337198791
2500206542,516.1784258329101
2092996530,516.1744015470338
1930187431,516.1303054075044
1432674253,516.1252762271098
1933526635,516.0404392296879
2091201194,515.9071547666308
2502948892,515.8426073996144
2092091527,515.7891206135154
2091252791,515.7890377443019
1433646237,515.7589811346979
1434502651,515.7478484238248
1427716985,515.7136293107369
2091191752,515.6937359346531
2499476163,515.6857815866714
1433636373,515.6740151731129
1879797051,515.6715284268814
2093018750,515.6434968610846
1933503817,515.5930258247789
1439502590,515.5727354008235
2502365924,515.4247948489617
1433714461,515.3165112961931
1933516095,515.2957180522206
2499266922,515.262070742594
2500109674,515.2219447551478
1930970327,515.2218973345706
1879162604,515.2170627533916
1879856344,515.2101842383458
1934304382,515.1286633965493
2503762072,515.1130634063001
1930239843,515.0557505564859
1932534394,515.0298514136848
1427837635,515.0131497118219
1433210537,514.9436799424861
2096247543,514.9375751477704
2499573570,514.919296780315
1879831662,514.8487169999938
1930950260,514.7187221569435
1880443285,514.6322234031132
1880497102,514.5606776787149
1932648625,514.515159293478
1930939995,514.4895583231413
2503251084,514.4868642448341
1433596983,514.4653458792305
2091966895,514.437033016255
1880491662,514.4269359125602
1932459383,514.4179776273057
2091275554,514.3683837850658
1880512827,514.2804177403156
1932455594,514.1774053877941
2092076261,514.1729077384432
1932505013,514.1152012213103
1932498447,514.1003708643838
1933565622,514.070338936028
2092030383,514.0668093425064
2092038275,514.0652992005533
2091997843,514.0620682640312
1879168323,514.0613655417302
1433368312,514.0490297276865
1930177004,514.042685504352
2092939483,514.0271766225551
1931012665,514.002568995267
2499360782,513.9603070400296
2501585892,513.9138435902112
2092818393,513.9053976915952
2499805230,513.8396119922589
1931592705,513.8332529559905
1433072795,513.7647049829077
1879843533,513.6804077455444
1879187742,513.6381851355744
2095463592,513.5530915785514
2094626040,513.4800763068987
2091195395,513.4687083959432
1879905101,513.4344296487109
1932541573,513.3946167315926
2095414645,513.3608393106082
1880506252,513.2453858366085
2501166762,513.2399467761816
1930198160,513.23921638871
1433063440,513.1682489264485
1933560215,513.1082072587884
1878596054,513.0961134395961
2503131957,512.9940020185433
2499368071,512.9580750072989
1879785245,512.9391510485027
1879912241,512.9205401641976
1932638224,512.8656569452621
2093028210,512.8632100534737
1433070232,512.6292280780151
1433032790,512.6189777574423
2093083712,512.5462236786417
1439532923,512.3579021207603
1879198502,512.2721083102696
2502193122,512.1989906204392
1434392503,512.191747903738
1880526935,512.184869144058
2092775401,512.1699070399396
2502781687,512.161610525106
1930220551,512.1526202717401
1427716044,512.1351559736945
1433606504,512.1327685427103
1880541425,512.0394830514321
1879241787,511.9711869196844
1880506000,511.95163967461167
2093971127,511.901244941398
1880452731,511.89772253628155
2500155602,511.8803337063347
2091252947,511.81017122432826
2503931324,511.783143338944
1879174884,511.7611963160035
2502078922,511.7287466200459
1879243234,511.7198679510208
1434228821,511.7077942090712
2093853633,511.66975559884116
2502746283,511.6254107616266
1427616882,511.59278414821654
1880483405,511.46867639929354
1880534613,511.4387835163642
2095377410,511.41275240555086
2095425003,511.39502020908924
2093954513,511.3878364461673
2499329804,511.3779543277044
1433390473,511.35920783497056
1433935884,511.3218860674578
2091988750,511.318115976821
2499246984,511.2493837317078
1439386423,511.2372187071977
2092833354,511.2326006612515
1932500584,511.1732238943905
2500162972,511.1707456365808
2092883075,511.1678887932001
1434420081,511.1598544306992
2092864580,511.14159833664837
1879790140,511.10193207261693
1433845555,511.09445979737154
1880531821,511.06261966106763
1930990001,510.97521281317705
1880491875,510.9738524637246
1433595894,510.85053871919683
1434333017,510.81840232336447
2501743761,510.7928920835692
2096252117,510.72713509203095
1929307083,510.71609179926094
1880501330,510.6586957288666
2503628165,510.62958804848296
1934322781,510.6279516354649
2503381431,510.58562431758895
1932590597,510.57768814665235
2502235304,510.5518871657777
1434510764,510.45333142226286
1434083793,510.42338032581836
2501793810,510.3796349447298
1879224264,510.233563517262
2092825207,510.23328278329535
1879900004,510.2003221688995
1439430370,510.09784380324714
1931602815,510.0955080308818
1879835433,510.0521047282132
2091204291,509.979913464431
2502972784,509.90942794110833
1879189555,509.78957232707575
1880522272,509.74587484313145
2500406050,509.67115624629537
1930932124,509.60683590537
1878577443,509.5517390236797
1933565513,509.5361163845163
2092967043,509.4833182430125
2503761563,509.42847132928
2094559220,509.4108445260794
1879903515,509.31620175603547
1880434252,509.24600558958076
2501430114,509.171481626628
1880451887,509.1204947275444
1433668467,509.06588323404316
2093956093,509.02460052835914
2096259843,508.96555719074615
2501582641,508.915602882836
2502168854,508.77885025726465
1931658225,508.76380446774505
1879169997,508.75713383549015
1880456420,508.75487739951376
2093049490,508.74465177872395
2500362537,508.7414192484588
1880476002,508.7116663984452
2500398013,508.6312686683827
1879793421,508.357831934752
2091246714,508.33257295897033
2096257452,508.3270690588612
1433205823,508.30091211587904
2503739834,508.2962593643676
2091228570,508.24872746239413
2093026454,508.1952876637101
1433852991,508.17048893278087
2501217920,508.15202206909635
2093972881,508.11009685209643
1932584891,508.08250849792046
1879783072,508.0709030775753
2094610030,507.97677893505863
1932495905,507.66050724864067
2092890315,507.49707876152667
1879806462,507.4333223760907
1930183927,507.2428195929136
1930148957,507.0830469808319
1930148975,507.0597755660556
2092824721,506.9643008455421
1930976177,506.9553631045666
1879797891,506.9346546063021
1931016063,506.9193747315208
2501605592,506.89646140721266
2503401552,506.6873821625968
2091993037,506.6462084539755
2502479774,506.5380489516222
1879129565,506.5348111896541
2503692245,506.50827550985633
2092793435,506.49726172072167
1439358541,506.42723127842737
1879154673,506.325243300684
1433378471,506.3241106850336
2499670265,505.96151947745864
1930155762,505.9145446388303
1433229632,505.79115801799327
1434465751,505.7728688061644
1879151935,505.6880044876531
1929305261,505.6535828709816
2091276091,505.64439374043815
2092914461,505.5849417371833
1433003152,505.4932216089894
1434642433,505.4750699628379
2092903445,505.4746885021239
1930938422,505.45658642228966
1439551730,505.367795459274
2501038712,505.3461154425752
2092866067,505.19342370581467
1934309274,505.18161627959137
2093029673,505.1451456331104
1930225993,505.1288354923995
2499540550,505.12861271395883
1930227733,505.07315834199875
1932457627,505.05178607576863
2096218723,504.80812625507514
1879813224,504.7882167665863
2093858462,504.66019439374367
2095403241,504.6417540572602
1931655655,504.6274404213188
1879160514,504.6104091423336
1933510195,504.58321167738654
1433385411,504.3277494369744
1878593964,504.3197052554975
1933511781,504.3054462622305
1434544513,504.26218340895844
2503390892,504.2053927141766
1434338352,504.17504683219187
2502668945,504.14898305782714
1931654175,504.07292998267934
1879202050,504.0347674582869
1879777331,503.9628842206883
1434029707,503.93373017565847
1879837111,503.70153890850645
1879146051,503.66212318538425
2092054937,503.63522687979895
1880518521,503.60049662537705
1932590544,503.51709896139397
1433996671,503.51157407041245
2503847682,503.42662900274763
2500421450,503.39946258364745
1930175471,503.3428035395987
1439345361,503.29109156983924
2094562911,503.25635470685944
1932456487,503.2539838131187
1879194601,503.238962913462
1434282653,503.20754020346993
2095464937,503.18859248085045
2092919455,503.0482552995448
1878578202,503.02825031852564
2499547555,503.0252861597754
1434203610,502.91080020090817
2501440053,502.784200649602
2499843982,502.71013987583774
1879876312,502.64843449196735
1931622735,502.64286645267606
1879193925,502.6103072841568
2503180127,502.5813831651413
2093906730,502.57265446768275
1930973967,502.5680856050543
2499373222,502.4671285115269
2502085930,502.29085447067325
2500973963,502.28349483110196
1934304085,502.1121878564879
2093091603,502.06851303639434
2094582245,502.0641009119344
1434420062,501.9964490018172
2093085513,501.9926071262883
2091198004,501.93588234059916
1931646317,501.93210561333626
1427848567,501.90738656831996
1879856112,501.8901158488384
1439362620,501.8670196611647
1879145194,501.73307165481526
2502174845,501.61623802411935
2503819547,501.59005435255983
2095349894,501.5759196827035
2502927371,501.5645015276027
1931618645,501.5553233639483
2092903852,501.4703394676993
1931688484,501.3374647858041
1879160491,501.33618658874093
1879204733,501.18409229504374
1434424903,501.1760953083132
1434125854,501.0579260931361
2095370230,501.0353675817096
2093076580,501.0231596644269
2503615694,501.0050511048593
1880510905,500.9552778866574
2499529310,500.84301759761155
1434440064,500.82998988481546
1879146780,500.7947348213249
2499448075,500.7805078678801
1432645403,500.7442742515358
2503035440,500.67867525651235
2502160832,500.61703692954416
2503851520,500.589959868142
1932575485,500.58706382291984
1879188362,500.38136056324146
1879128591,500.2650225229787
2502535787,500.16764081589423
2091235064,500.1619955227158
2501989382,500.1139529723337
1931666694,500.10985467993083
1933521051,500.0782331136484
2092878740,500.0356494076527
1880527400,500.0328633623514
2093959901,499.94030535372497
1930149725,499.54672304237215
2499565614,499.41288571489457
2502822742,499.24229568244687
1427758353,499.0863532480342
1434660360,499.0847008660814
1931012337,498.9485535101622
2499631330,498.93791908766207
2500895977,498.88357074856174
2093971667,498.8666835613232
2094623895,498.86181965686575
1433657347,498.85092299289164
1931658307,498.7119430857349
2503414640,498.6547563022885
2096218634,498.6471821122633
1879183244,498.6135594410271
2092823411,498.50677452812766
2092897401,498.4970236526466
1433341277,498.4924116422754
1880505975,498.46883308546063
2095477823,498.42463454370204
1434388940,498.37870569569975
2501751000,498.37092238716946
1427672811,498.1830017925184
1930196863,498.17372983184447
2091998937,498.03441481124565
2092033437,497.97118405507837
1433417231,497.93652671531424
2503383480,497.9060102875002
2499282211,497.78951032821254
1931622151,497.69867571328
1880475155,497.6589102906357
2092895693,497.64031534400425
2502007812,497.6302882070418
1879221370,497.39079722481847
2503112265,497.28103518203403
1434747630,497.14357609429993
1930969505,497.0002655109892
1433163723,496.979376853994
2092995194,496.661020810147
2094560147,496.6196390620536
1879890827,496.58707611728846
1879813020,496.58300896868593
1879857984,496.55495492066274
1879824034,496.53998699082337
1878595062,496.4999550826203
2503478215,496.418545442592
1930138403,496.39328445780586
1879241531,496.1810963055295
1879828032,496.1542065329107
1880500342,496.14916975778766
1879140633,496.12575936013303
2500477995,495.9942965852946
2499760460,495.90785547187056
1879140324,495.8925597391909
1879803475,495.8259869319024
1434531735,495.82133578001674
1433609564,495.79751145457016
1880456120,495.79715188226567
2501252461,495.7505756679342
1432612955,495.69518376987435
2095383675,495.399894964188
1879189522,495.2988365202222
1879802107,495.19235141511336
1933592057,495.1848882592412
1439595414,495.0629550274472
2091191900,494.9691108377748
2501789540,494.96317547939776
1931640457,494.93589187827814
1879886614,494.8767395292597
1879203637,494.78493998846955
1879248705,494.7780125817785
2500809501,494.6860043576151
1931691605,494.6636218063848
2094639977,494.6288608642115
2502351772,494.58736618075295
1434182501,494.44777298048933
2500117303,494.4198198204861
2092089121,494.393699017867
1879894863,494.2998108814859
2094632757,494.25208968426676
1878591313,494.241353397047
1931610907,494.22008664082693
1878603625,494.115351113341
1934307724,494.10058438930747
2503768020,494.0842174771748
2503365995,493.798387097695
2093962644,493.7761134223446
2095453897,493.73273842153054
1880537700,493.6466885437711
1879215861,493.6160995814979
1930156640,493.6154041657987
1878588667,493.58338770620315
1930207171,493.4745741775273
1931638380,493.3827130675108
1439459871,493.3694042941508
2092058925,493.34190619820663
1880517107,493.2932023632982
1933591323,493.1845174530575
1931010914,492.97783889285375
2502861624,492.9630815867399
1427890455,492.8428688268508
2501037812,492.7666352225068
2502378464,492.59338574571274
1933491244,492.53481884108123
2092883925,492.3952759917228
1930191663,492.3100094641605
2500496697,492.2978034479722
2499399392,492.1375926768681
1930251057,491.91159402048226
1931687261,491.8266882800754
2092084755,491.7438523848281
2502274783,491.5254524051572
2503738814,491.39746450713125
2095425921,491.34818116551753
2501209342,491.31649908355075
2093031417,491.24208678651667
1879128395,491.22183081339153
2094656850,491.19523602967155
1930137013,491.18417429931833
1433521667,491.08363399245536
1880501890,490.9606292877496
2503751580,490.9058019387336
1879161730,490.81050318613126
2500298964,490.7747792016625
2499895204,490.77298084706524
2499245945,490.7677347970895
1933562353,490.7549620279514
1432785783,490.6643334128327
1879172017,490.6584967234485
2503892540,490.5861507092909
2092943774,490.56858376326744
1433685875,490.49660854655696
1433302311,490.2677999211121
1878584581,490.2584076220706
2502648425,490.2104817488007
1433039047,490.12454288227593
2091250994,489.9884271892573
2501012173,489.94866296471304
1879150955,489.85309754195583
1933529375,489.76004213688236
1879170940,489.7137596930195
2092025971,489.55127157564624
1432947320,489.5012153900358
1930944562,489.42413202365424
2091977392,489.3391205456701
2499511530,489.2791170201028
1434566994,489.26004646276937
1879854537,489.13020435570473
1879804230,489.04872510318904
1879234001,488.96665909861616
2503516244,488.90636269664196
1930228834,488.85251944555864
1879240773,488.8135224282375
2092815833,488.720172751433
1439497600,488.6733032614904
1434541951,488.65880443608114
2093061554,488.6544865957432
1879148700,488.60835960317564
1880478602,488.4244010920179
1932548213,488.3980532128014
2095453367,488.2095100218211
1879794900,487.9593288806264
2502496910,487.8978283778128
2501045992,487.8777683482283
2501680722,487.77179182539015
1880518192,487.6628245005739
2092863863,487.5848215472003
1930207641,487.49625095430724
2499585657,487.4731365140801
2499208964,487.43848305258314
1879230497,487.06082786638564
1880544807,487.02422350249304
2502438443,486.7416652646691
1878577095,486.71628390883376
1434002732,486.56917023483516
1434559071,486.5610360621685
2093937191,486.509504490585
2499815750,486.49283548942515
2093011980,486.4573810457543
1434701294,486.4340692519239
1433560783,486.2858699179724
1433219737,486.2731597712513
1931615354,486.2142788220503
1880451044,486.19923596604525
2091269851,486.1196028305081
1433830194,485.979632972326
1434766840,485.92707837890146
2501965622,485.87951538723047
2501783424,485.8406072057501
1930222963,485.7734569420181
1880425094,485.75325320030294
2500203413,485.58216551320515
1930164227,485.5658039757358
1880472723,485.49044854177
2499360415,485.3292706408454
1878601672,485.10022444611093
2502447274,485.0111148315678
2502053444,485.0011493705268
1931026140,484.93489555008665
1879126244,484.90122448364195
1439451013,484.89095544866075
1433943210,484.8271204129284
2093922244,484.8265538672609
1930945923,484.70292039229264
1878586877,484.63790168606533
1879195004,484.47138164930595
2094671381,484.454803757821
2096237447,484.41313594218053
1930983443,484.37639217454654
1879781792,484.34199049722696
1432725934,484.26630597586313
1434251832,484.21431434982514
2502488273,484.127728273995
2501578225,483.9662116578852
1879790333,483.93415859337335
2092938840,483.8485127993613
2500212710,483.8383772541857
1434040484,483.82598828937284
1434088937,483.749567666251
1433810817,483.6980709676076
2091204184,483.6667028174766
1931688311,483.5606676204223
1932620137,483.4180255811991
2503185300,483.370958104782
1879217593,483.3386386963275
1434596923,483.31390034195306
2500199512,483.2934647683384
2096248911,483.22717413896027
2499212230,483.2053296918201
1433730470,483.1670473056536
2094633823,483.0820265756624
1879786732,482.7990345398357
1433325045,482.6420458220798
2092991893,482.6348274859737
2094653980,482.4915239229425
1878602162,482.4537219933842
1879189547,482.3568657784248
2093962521,482.2728043251925
2091216573,482.1916275162733
1434426421,482.0650191592716
1880457402,482.03291995616223
2093915881,481.9723387424837
1930149945,481.9215678992561
1933511611,481.67569789204816
2092763133,481.661596715141
2502492342,481.5440072158172
2503324842,481.5117225575289
1880488502,481.44764089249793
2093941700,481.37069041795064
1879835940,481.3231985739203
1434348073,481.1894423656704
1880519011,481.1269972380246
1433368557,481.03485640701757
1432616984,480.9452633728102
2094696493,480.7798552264776
1433385627,480.7202441962062
1879155071,480.6527367487084
1434430871,480.6223876100581
2093987277,480.51270814255963
2503261990,480.50979786080916
1879894654,480.4500982158169
2501140600,480.2797551822978
1879152041,480.1705345817109
1879234880,480.1107472667049
2500167733,480.10770184290146
1433032465,480.08354683347983
1880530810,480.0190503766651
1879816440,479.981947442678
2503473304,479.9592250382653
2092785067,479.9540816384999
1427699837,479.92965717358425
2503202880,479.827770311857
1933501687,479.7443825214844
1930188835,479.5346050844251
1427616657,479.5173843571053
1434301931,479.33317147208595
2503183434,479.310579953087
1931604093,479.26322768579155
2095363637,479.22567313119634
1879191701,478.93878035088
2500514233,478.91800841527225
1879882734,478.7874227253682
2499553550,478.7696328974212
1879872130,478.6873092270931
1433857384,478.6260961005084
2094604510,478.6172258020361
1930212491,478.36102400695614
2095428873,478.3011994566587
1879813484,478.1001291798032
2502974982,477.7282004986706
2501248034,477.7233333163548
1878584853,477.59336208417255
1931639725,477.53455335806837
1434193271,477.4587252322505
2499590492,477.4163063609769
1427855105,477.03974515391474
1931664441,477.0290517134045
1880495633,477.0200097157938
2502885197,476.92340404390654
1427605041,476.90659588268517
1434273737,476.79965498369216
1879223875,476.7794933339844
2093889262,476.7731530762794
1929309203,476.75590707665083
2503130940,476.63356308406
1434000117,476.43038967100125
2503002652,476.37526244892
2096186462,476.3293049220247
1879232854,476.1582737267042
2502240043,476.09949155346453
2500211607,476.06615353964173
1434542493,476.04707101155105
1880511843,476.03092538286535
1434768663,475.96022436234
1879831075,475.67713247724396
1933540517,475.5226572613784
1932448024,475.5161429255082
1432981687,475.4281247236208
1880534213,475.3813545048775
2501244310,475.3646712919723
1434410281,475.3526751400402
1930228001,475.0898882679714
1427836754,474.9676549297007
1434515530,474.91405727560755
2502599653,474.75274459049535
1879231355,474.6594798363886
1434539925,474.54730345298657
2092922035,474.49381698070766
2093084625,474.44612607132353
1880472232,474.43384587753883
1433713134,474.42689644315396
1932505485,474.2359271271379
1879848224,474.2104915244274
2095461623,474.20092357994764
1879864903,474.0923721749364
1432947450,474.0646369389275
1879225737,473.9754961103882
1931009925,473.80086186113186
2095450235,473.7428409287559
2503626602,473.7384791085347
2501004621,473.71910578813
2502586772,473.7144718574793
1933497425,473.6597447075088
2502245897,473.6398346313864
1932453091,473.47530325647756
1934297260,473.4626205032685
2092858925,473.45154024635934
1931636617,473.4199829734914
1880532087,473.31603925929727
1931696723,473.3112986397982
1930242275,473.1966002576219
2092091702,473.1553573533382
2503134067,473.11932602775033
1933567755,473.10621831630465
2502635747,473.0795215521349
1434635635,473.04123737802155
2502731733,473.0192549573353
1432663931,472.9284916508779
1439591115,472.78924872002733
1931018977,472.78382509162384
1434138737,472.7349650368799
1434483330,472.7277191622807
2095461514,472.66364613784987
1931588261,472.6528714573465
2091198994,472.6407179183159
1439584702,472.6369756278036
2501520672,472.5813265716619
1879841014,472.54760750940494
1932642990,472.51146311612735
2092917647,472.3731925980566
2503210297,472.04778782634327
1433875892,471.9625136136465
1878604481,471.9544112242899
2092882304,471.8542038923573
1932481550,471.85346035259647
2092979117,471.6299987965103
2500643587,471.6023701482666
2096216827,471.5232351152757
2502349134,471.16626754636866
2502167824,471.0892672120338
1932641025,471.06564931649774
1878594980,470.97979405899997
1433158597,470.8092841503772
1434119177,470.76940131235074
2499480752,470.7230453000632
1434461050,470.61063185706126
1931641727,470.5377572518264
2500845293,470.49753027757794
2500706622,470.48773266190307
2499230872,470.35199925084817
2091986131,470.30262906289875
2096187871,470.04123459949835
1931661997,469.9665160987996
2094679580,469.9587313480278
1880511327,469.857641916134
1434769525,469.8456371450486
1932468252,469.6245761508813
2091199825,469.4947250001923
1879861984,469.4748980604808
1433135800,469.46802898069944
2503351750,469.2259466605367
2499596977,469.2094783087681
2501923811,469.19964284235965
2499768852,469.0757484752085
2091956291,468.99992523857844
2093870940,468.98826386890516
2094662377,468.95388833015556
1932521001,468.81445336172857
1439545701,468.8089047361126
2500645250,468.56610544510903
1879165430,468.5310460080639
1930939505,468.49756188274057
1879232197,468.41093867249805
1879840017,468.38543215650867
2091198831,468.3801915777426
2502139984,468.27014556150937
2499557423,468.24758835481634
1879779583,468.0200749148698
1879890132,468.0017622386556
2093987732,467.7421681816268
1879892092,467.7044310855368
2502452763,467.6413826915647
1880426713,467.4786790314395
2499303891,467.4585472666339
1880542581,467.436371768419
1930219773,467.40156717554237
1879812904,467.3113057409803
1433503065,467.20193292560936
1880439182,467.12726521574183
2096203173,467.06771058331293
2095464127,467.0555612770956
1932603082,466.9150810449958
1433960787,466.8710560418119
2499732414,466.7362002355082
1433596194,466.6667135978501
2500424603,466.6340136962956
1934314961,466.5986233639461
1879141351,466.47244726803206
1930251763,466.330328706711
2503041264,466.22399316977106
1934302332,466.1926944428253
1433758735,466.18241570970315
1930246545,466.14386844407045
1880488485,466.14354327740193
1931635213,466.1021561024302
1879138273,466.05697028223227
1879235277,465.9842129162897
1434425714,465.9459936593711
1434231522,465.9146108968614
1879233882,465.89024696034596
1879860222,465.87239145296996
2501745235,465.8410463712439
1434289237,465.8078390839373
1931673274,465.7978980060445
1879894060,465.6137154161419
1879169402,465.5668865810921
2502498080,465.49673683181106
1932428662,465.35080684109124
2091239712,465.32300584425576
1930949072,465.2601266217677
1879193544,465.19914143604575
1433168190,465.1696331228273
2093002063,465.1277980886861
2502421872,465.10010232281104
1879836104,465.0818105630876
2095368283,465.07270352186237
1930199167,464.97226663473424
2500266107,464.93418847984486
2501257510,464.92743244339334
1880438927,464.88974280242394
2503066120,464.644522897042
2091998895,464.5654683671378
2092836355,464.5172879625593
1933543885,464.51427944347273
2501262454,464.44229353074655
1879902582,464.3911888059552
2502923162,464.26073887559073
1930951603,464.16489947231514
1434552554,464.09089611138927
1879148511,464.07871475089036
2092896924,463.92057860675146
2092787267,463.79065947738536
1433673030,463.7316910691251
1933548690,463.5321120678278
1931635527,463.3254071896174
1878578874,463.2995485893783
1879899142,463.17425399443243
1930187851,463.1138647893516
1930947445,463.042260204476
1434145857,462.9712464280015
2093911634,462.9462911553358
1931002392,462.9125261882117
1434717900,462.84548793966144
2502231512,462.8338665628511
2499701434,462.6993299606813
1879867287,462.6887369001612
2501819795,462.61371178100745
1434226220,462.59759746156004
2092893880,462.5455439080172
1434456800,462.31959904365056
1930237825,462.24474715518426
2503922934,462.238257965933
2092882120,462.23190383963095
1880496205,462.18212025836743
1879187432,462.1326213795173
1879882765,462.0449414670845
2091999621,461.89309059038675
2501894420,461.7672605246798
1879770063,461.60265432719484
2499595081,461.28188957484946
2503626845,461.20398124517817
2499300257,461.1297116887468
2503717070,461.0326196203782
2091953365,461.03195846024136
1880497114,461.0299124884855
1931588647,461.01830254548673
1879176385,461.0168259958648
2501503710,460.8011226836479
1879887305,460.64885709566573
1933498845,460.57519197675094
1880521735,460.44172860695005
2095368054,460.4014865694842
1931673484,460.30360444579236
1934300967,460.3000259628478
1879898995,460.2474306563408
2502339590,460.220800059775
1880511241,460.13260821940906
1434532894,460.06658532409614
1433392064,459.8270920085555
1433298592,459.8224069701621
1930999183,459.7895449804864
1930222534,459.6412790265952
1433141692,459.58179439073814
1434491204,459.5689753279375
1930981352,459.4019094510824
1439498664,459.2402968474413
2093867465,458.9832699070598
1930954471,458.77473782037333
1878576484,458.3722136307095
1879774441,458.356658527098
2094594650,458.24597664510395
1878575471,458.242738789082
1427778630,458.02616209829137
1879808512,457.97248304782727
2502970410,457.8073892881851
1933509675,457.79911930966597
2092879253,457.698868516693
1879852660,457.6508305365229
1434682553,457.1223098132473
1879144844,457.03426710508535
1433128943,456.8943650082453
2096272905,456.805278839874
2093007033,456.6372371354677
2094584300,456.5021872950059
2503731217,456.33117389099186
2094694375,455.51803234522407
1879147112,455.4267519662489
2094673571,455.31512851237915
2500527117,455.2821253342385
2091978871,455.281584305614
1879843600,455.2305043502678
1932554282,455.2189748939913
1433903955,455.10347861326784
1879882810,454.94693975341403
1932512560,454.9364684739231
1434022643,454.92457380885855
1932495843,454.8616238978677
1933593281,454.80493553334975
2092052657,454.76962405482857
1933568354,454.7476248888643
2501955804,454.58537447913454
1879147780,454.44797871857145
1879184551,454.44758533214616
2501749652,454.43262460370636
1933543465,454.3856797372682
1433502264,454.34387695177844
1433119823,454.32135716001125
1931665431,454.13198719785174
2092049037,454.1181546078327
1879791110,454.0775725039151
1433601890,454.055097876455
2501972392,454.01844512016334
1930233401,453.62025117090724
2093884365,453.5029530199885
2092880551,453.40158660737245
2503473880,453.38070978118003
1439374924,453.36252000510336
1932517464,453.2566452055051
1439596052,453.22907813023136
1434720022,453.19293647146753
1880477453,453.17765040512575
1931681844,453.09392057981324
1879840867,453.0375952037266
2095410027,453.03052261910744
2094575812,453.027682112734
1879203193,452.95386712335886
1931658070,452.92947387358277
1879203352,452.80487521155345
1434139611,452.63347572553073
1434078367,452.4606766228498
2092815185,452.42937713706544
2092960034,452.3344041760326
1433245247,452.2959513248531
1880429174,452.27458204298904
1930198071,452.2587297119889
1879220504,452.02631204909136
2501023030,451.9919936205377
2503490933,451.9732989483454
1879899837,451.86938431175463
2499232403,451.5502454965399
1932453615,451.37523438678414
1930963421,451.3442099404904
1434675640,451.2915711923651
2095346027,451.2054722366981
1879133105,451.18352643880723
2503535262,451.1674305511107
1879167552,451.1017738621139
2093867161,450.85426593952536
1934323725,450.82435366361284
1879146695,450.8028564664535
2501717110,450.74810953037604
1879207801,450.6992693006216
1879212093,450.6890707564026
1931009541,450.5833464742539
1932589155,450.5538224502824
2502086472,450.47497979034847
1879809534,450.4593327389375
1434544810,450.3599008657371
1879208353,450.25737949662073
2095393265,450.0831607986152
1434715795,449.9819436603582
2092775241,449.89536000645677
1433424017,449.64012769208
1880544771,449.52163597863654
2502346602,449.4800461414293
2500801210,449.4742192669337
1930200011,449.4315611006206
1930215614,449.4054255885591
1880445213,449.39036959413113
2092053352,449.3372956856404
1934307022,449.2516306029944
2501417297,449.2330480522813
1432791601,449.16457796318116
1879888805,449.10398715888795
2499339590,449.10107899055913
1439597407,449.03857692805303
1933585211,448.9967696716267
1434720681,448.9115966678555
2092010880,448.77438048935136
1931608247,448.5039914679691
2096245121,448.48214616707367
1930165571,448.47307563806544
1879157282,448.38686654832145
1931013757,447.88083555535957
1427602503,447.6499126232288
2503199797,447.6255347774425
1932468067,447.59195971433525
1933589542,447.54453777076037
1880531513,447.42914198799815
2502823810,447.1972616268772
2503589982,447.1055160298368
1930170022,446.99873094489016
2501161275,446.90498376177436
1930994542,446.8833635085233
1427656354,446.88093126242455
1434477690,446.7532008417173
2499486765,446.7124855397216
2501895521,446.61144775491863
2092857535,446.33468706005374
2092072415,446.321655870052
1880513130,446.19151981896204
2092000993,445.9479543804693
2503056460,445.85402097516913
1879893423,445.72355630484424
1880496345,445.567579587453
1932499622,445.5335751107262
1880438257,445.37591009113544
1933570794,445.3669897958379
1433658445,445.2674244670879
1439370650,445.16370650080694
1433562093,445.10172696426537
2499445673,444.9688790062222
2091230723,444.8806775373334
2091214637,444.71482825992507
2502106120,444.5115816690684
2499883642,444.07285236447035
1931026637,444.0307878667633
2095433595,443.99185331804574
1879224927,443.61611483515105
1433193614,443.59170617354636
1427770475,443.5003603695717
1878573973,443.4835887844703
1931008345,443.46150984363885
1434489412,443.3863410266494
1933496003,443.3760270538712
2092886751,442.8065999494756
2092000735,442.7935613132338
2096212252,442.55955504985593
2096273181,442.3935508214204
1931017420,442.37951480753287
1933546391,442.29273262189116
1434517001,442.279161190104
1433504873,442.14391512034405
2091968363,442.1254539510012
2499590433,442.0052952560386
2502282002,441.9989607634212
1932622561,441.91969257319687
2092879621,441.5983185790068
1932548365,441.5844153987902
1930978814,441.30254890862136
1879210993,441.2639222620706
1434669562,441.0998417909863
2502294870,441.084553459208
2501950561,441.0394220832802
2093048151,440.9863652645364
2501762335,440.9445339159111
1878585281,440.85064184702316
2093014723,440.6872499152992
2095362597,440.67461263661625
2092072103,440.67248632750966
1930212753,440.4656681535435
1930152335,440.449348211659
2499600715,440.3803467848607
1439434345,440.2808683749601
1933575493,440.1725580561262
2501899404,440.142318986453
1930164047,440.12088750883834
2500200731,440.10116774191494
1933536517,440.062011566188
1880526357,439.8985508314831
2500953042,439.8024183867545
1432895575,439.6432869478036
1879156641,439.60340701029514
2093860037,439.5619800083459
2501859655,439.54712128369596
2092803773,439.43994125538154
2503134564,439.1965987467111
1933493623,439.0594195580317
1880436792,439.0424597661529
1931690637,438.98664992182916
2502597690,438.90261856270007
2502835711,438.8799240945381
2501868731,438.7815710064287
1879816730,438.7521445361239
1439619540,438.6548722942799
1434268952,438.6048334062666
2499759602,438.5811357865374
1434463354,438.5033280794658
2501690592,438.4632475772593
1434283474,438.4156908903329
1932538882,438.26712438303275
2095346133,437.9286047955112
2095451857,437.54872044473393
1427608695,437.4140654388886
2499241432,437.37524875123376
1433803721,437.2912705992123
1433430875,437.21570161132706
1880427695,437.19292628642205
2501965344,437.08998801477907
1879878010,436.94559762946216
2501376780,436.74862932335174
1930203374,436.6163526573577
1879795537,436.4775191166369
2092088127,436.4506681346976
1932459814,436.3786366814144
1933511405,436.3079095547156
1439377027,436.26044973775726
2500413904,436.1758095251196
1879912771,436.1466684569387
1931590945,436.08538152555775
1439414042,435.966665948804
1933496913,435.8987138940954
1932522361,435.6820219171101
1880530547,435.5762173040118
2500916822,435.4940847218691
1932432055,435.26729111813324
1932634004,435.24432911835726
1427733671,435.08967918115275
1879818790,434.8427720031979
1427871170,434.6888597260327
1427731845,434.67450975601895
2503575883,434.40377422180086
1880535341,434.38641480255717
2092769347,434.3835092871884
2501005770,434.3249748570301
1434029531,434.23299278084136
1930976787,434.19079340611455
1433583043,434.07932548226506
1879878740,434.04840024700565
2501234240,434.01227124381546
2091955353,433.89607975995
1879811904,433.8529984097462
1433466462,433.8371943360453
1434093435,433.7361494616616
1880507833,433.73375211758975
1433014400,433.4878326605663
1427827570,433.4552069354325
2092043787,432.9237706153828
1930140941,432.8279618547772
1931662031,432.7030315761869
1933513035,432.6931830400357
2096243505,432.59159027827064
1879168340,432.5330734385356
1434508174,432.44268991064155
1879202681,432.43716371429036
2503862422,432.3800705461579
1432622324,432.37251951980517
2091184465,432.3350344521698
2502930653,432.29904824935664
1879137674,432.2907160216422
1931003013,432.2720274173261
1879162870,432.19545379953837
1879183555,432.06649005724535
2501254685,432.0047033920651
2091976587,431.9427924450827
2092794503,431.90100770288166
1427662425,431.80395458052965
2503120331,431.74773228170386
1433294943,431.53053867568985
1879167103,431.1900604770382
1932620974,431.03788964158093
2093905824,430.8749134756976
2091204570,430.80968305448886
1432866452,430.6736300671684
1930165005,430.6670496702297
1880507394,430.6506651174687
1930139031,430.5916646005962
1879227964,430.48672519745446
2503675931,430.431734575595
2092050097,430.2888261855668
1879866563,429.8913829814816
2092871577,429.8795190246189
1879896024,429.8528692118051
2095475884,429.7731065055872
2500383762,429.6719688393031
1433639300,429.66895671725194
2503749404,428.93688446025703
2499446312,428.8987199680672
1930148211,428.8975479554402
1879146667,428.8966244276843
1930145571,428.8752543678723
2501286622,428.7400148023604
1879814304,428.4765289024681
1932466341,428.4550336792696
1879887034,428.39233394357893
2503329080,428.1987044563562
1929311842,428.1383203973514
2502237647,428.09370129702165
2093962151,428.0473139350674
1931674083,427.8224995002757
1432836790,427.7030739842605
2095376597,427.6188156596035
1427612513,427.543856593342
2503868812,427.51886117054204
1433264242,427.22030800675316
2092022164,427.2095763128195
2094667025,427.1245943277254
1930220847,427.10339511770565
2503567480,426.73999617484947
1879838604,426.6957568999011
2092000505,426.52657439476843
1930944465,426.42374316493033
2502371533,426.4143616864028
1880481251,426.2588607623764
1434117060,426.16219726529806
2095434001,426.1345363871936
2092804167,425.94528105034766
2499412165,425.8733984729127
1427851377,425.6404037769089
1934319687,425.4265381864968
2092790224,425.42442776669554
2093917370,425.3628814506811
1932618683,425.1818970647302
1434418352,425.1745018605877
1880433130,425.15624707523114
1930236085,425.06026278471165
2499634662,424.9117304790185
1427751365,424.8357968649852
1434604293,424.8036431458835
2096247613,424.7718648758853
2093891965,424.6102729193436
1434641584,424.579048639518
1434162980,424.5210054709413
2499388704,424.4932325063667
1931595353,424.4659319403222
2092813173,424.34385949513296
2500340490,424.2836882110113
1439578930,424.20111459147165
2094676837,423.9488390463581
2092876611,423.8446047301677
2093863210,423.7846597482431
1427803060,423.7570394004258
1879155302,423.72031265445685
1434618582,423.6064028032231
1879204533,423.52618525155646
1932474873,423.3242229576804
2502638572,423.226740813706
2091237704,423.10561293277607
1879151930,423.0442588055458
2502047610,423.0390267577912
2502778782,422.9842756692358
1427757742,422.8078137051726
1931639727,422.5039294553316
2092031893,422.1830011303437
2502401707,422.150086783035
1880529157,421.9763751331586
1930955204,421.94351020496094
1931603865,421.89099416514927
1879899610,421.7205808300926
1880441331,421.6838585565962
1879838455,421.51422824668873
2095375077,421.35641126438935
1930928551,421.25829598034767
1930949627,421.22677654400195
1434551585,421.20543240869614
1434178744,421.1718594837463
2093053971,420.98693981981154
2095400011,420.92962094361246
2501567841,420.7927571733496
2092892851,420.7440459759003
1880476520,420.6667632111825
2499329290,420.5008193649043
1433068453,420.28991732840495
1932578071,420.24506303396026
2093867494,420.1470219431745
2503873401,420.08517991694026
2499215295,419.99454084844547
2501052660,419.9298043103708
2501665382,419.9024359161214
1879878690,419.8855358089149
1879241701,419.7168603500713
2503605640,419.60999615873675
1879844673,419.5985373223525
2094549637,419.5408047856301
1434015837,419.4957074213283
1930997573,419.47508900997394
1433162625,419.35103364997366
2501738297,419.3342333072412
1879161247,419.31604113462413
1932625944,419.03350742706425
1930164693,418.92157473788376
2093990220,418.91273192790203
1879136302,418.90907715018494
1879810662,418.8914468207491
2092045355,418.85455914306624
2093991530,418.73402319808895
2502692472,418.50063968225766
1879890220,418.45448646454
1433571440,418.2963078600994
1930183113,418.2436560737408
2091963164,418.11956048370337
1879151823,417.90226218319674
1931006322,417.81920609455887
1434734410,417.6650660954911
1930951374,417.4447077169404
1930243203,417.4432016865349
2503462055,417.39237996975606
1932477583,417.2925802704579
1931614801,417.14470702523005
2503630092,417.09284005327504
2501953781,416.98409151690373
1930229561,416.9448520456596
1427841315,416.64331470797265
2501094995,416.56330471700664
2092904945,416.25483659543045
2092877773,416.24011885343486
1433311821,416.1166144326524
2091224645,416.02614853896495
1879223590,415.9638561170625
1931633151,415.9329467686011
2092013871,415.68964236672207
1433496890,415.57888302869344
1930930292,415.3989431193696
1930137101,415.3777198321371
1439520395,415.0868498485076
2503539557,414.9282964411784
1880490507,414.6234365596926
1879153037,414.60639872463304
1879231743,414.53070004897415
2502933294,414.43647231875065
2503711534,414.4297691906986
1933580604,414.34520440022203
2499491592,414.14881179961344
1879812770,413.9441665733383
1879812475,413.9063986676404
2094584252,413.8902947762399
1880511060,413.88415095144904
1879803624,413.7866283512651
1433758267,413.76318230454314
2503492265,413.69566693832866
2093919637,413.43020026661503
1879878254,413.16547151759687
2091264891,413.1070218610288
2502128382,413.0629566835036
1930172151,412.95699887502593
2501491620,412.8920951140903
1879154217,412.7562879131405
1434002060,412.75069053239383
1930153433,412.61067671385666
2500146585,412.48579862761545
1934295335,412.46975429370644
1878578405,412.4320490563442
1433710540,412.3007168927112
1434366115,412.11153524160517
1930196795,411.9808007377436
2095392360,411.60762395367954
1433027131,411.46436007277606
2501011200,411.06116684373785
2095336533,411.0573181964324
2499494677,411.0195330374389
2501604322,410.9725632175409
2092999530,410.9677311695165
2094640780,410.8911949754503
2503549720,410.7879696465761
1433242512,410.7550739953989
2500824484,410.6829018665908
2091250091,410.6135349252114
1931028313,410.5119141720537
2096244485,410.4987834780006
2501508910,410.36211274659826
1934324777,410.0844665140643
1931611361,410.0569717012996
1880509377,410.04841645149463
2499497915,409.98048517450565
2501716040,409.8264137419167
1434555724,409.6662722673581
1930238760,409.5986821167286
2092038660,409.4950030888535
1879238341,409.45312061526755
2091996213,409.40656450779403
2499486102,409.27604244622825
2502850823,409.2553656524428
2092018555,409.1620877661113
1879135213,409.1353367693985
2091250017,409.10766177874115
2500243043,408.83805404859123
1433539910,408.2265143894137
1930215635,407.58279072311257
2095488793,407.5758041531608
1439518811,407.54459373278763
2500922755,407.50330571870603
1434476397,407.50204819323994
2502352790,407.3780361620066
2502468340,406.8651461453091
1434362572,406.7966234593282
1930188871,406.739912631108
2092920133,406.71321417322616
1434654963,406.6776032592081
1434599762,406.59830738546367
1433075185,406.3020976146335
2095348250,406.20502908555926
2093865801,406.15859747518647
1879820723,405.55321032685606
1879217103,405.52187050553835
1930197052,405.3347648855919
2094697551,405.2969259849802
1434197324,405.2933514588572
1879886464,405.23340205806176
1879225765,404.9779501184167
1879815304,404.81721234681135
1878599187,404.77639019585587
1933525430,404.5718352125687
2092951364,404.2631546890741
1433144245,404.244639029223
1933518853,404.05159770898257
2091982001,404.05097004748956
2092776450,403.9767493820801
2092908945,403.7952507897343
2503561852,403.7511213047266
1879841305,403.68262248913413
1433399202,403.64706470939757
1434386065,403.63161770064863
2091255017,403.49457578896823
2499498142,403.48444544017093
1434527361,403.467552764268
1434507202,403.2940402962478
2500119065,403.26472223639365
2500161243,403.19302867844465
2093876592,403.1550487122227
1433144307,403.14772684061074
1433228373,403.0682137107723
2503472983,403.0068990807036
2091950140,402.9856040704019
2092892404,402.95775983705926
1433300397,402.90220994887005
2092957237,402.8189492087625
2091201847,402.6879676022163
1933597263,402.6334684004026
2093883525,402.59063222619716
2096203591,402.45956148949983
2502850240,402.28507591241936
1879870332,401.8737360029826
1879822001,401.8519685171802
2092017483,401.6771160328052
1433518354,401.6360075646156
1879232271,401.35897870506227
1880471021,401.21643954295956
2091289171,401.17054063915833
1434618061,401.0894670289239
1880476943,400.94668352637814
2092087163,400.92364118903646
1930203011,400.82394250240316
2503767942,400.30972283813975
1879909450,400.2832928662364
1879823803,400.2142889259089
2095350585,400.1178455423766
2499417155,400.1042883383846
2501410023,399.91986690063163
1879131197,399.7672253499692
2093047690,399.75429025037874
1427840352,399.5036751837842
2499441700,399.31873739377335
1931639002,399.3176282926857
2503084312,399.2146023530702
1879214020,398.9161095083041
1434711242,398.79482283907987
1930982357,398.7182046913932
2499426904,398.6732306007205
2092092917,398.60433164467344
1434190651,398.5459286461235
2501356707,398.51991208898033
2502577127,398.3152679672156
2094582137,397.9872917042743
1929305951,397.9851576338802
2503911060,397.9291034335125
2092867693,397.91691113446194
1432805790,397.850132742731
1879149213,397.78457997277616
2092868741,397.70869241207447
2502215800,397.6626353585373
1879775944,397.44465168256016
1933521107,397.27778361297334
1933516660,397.1969863540021
1933529521,397.05920128656913
1930224192,397.0089114678827
1878602370,396.9884598302771
1879189223,396.9186751511576
1879800564,396.88488534937204
1434645745,396.725607206405
2503498813,396.51283977825426
1879870794,396.22177751934004
1931669875,396.01040996206774
2499311944,395.94013230985433
1879793953,395.9355875521606
1880483995,395.87886126737106
1933511965,395.68597727361424
1439599741,395.6501308886604
2500857540,395.46480487971724
1439442072,395.42314167596516
2501518671,395.42109036800457
2092984265,395.3998872683488
1931638127,395.2252626676741
1879865350,395.21734392285146
2501908385,395.18000775439316
2503841962,395.0936176639108
1879168807,395.05821160184934
1932640877,394.31787084007084
1434495821,394.2205899038455
1879883942,394.19392618802175
1880457553,394.010793328255
2092087977,393.86534690598796
1433219630,393.57549964771584
1933541191,393.4723240696403
2092041122,393.35999680700735
2503916172,393.23897565069313
2502015954,393.1533819531783
1434533667,393.1381811906016
2093966457,392.9706385363262
2501137434,392.93475513020365
1878574214,392.90561083499455
2499651060,392.61050122336695
1879824454,392.6040192187802
1930241967,392.1442865971831
1439393620,392.0384381580977
2502852091,391.87179440755506
1931693722,391.78598101947676
2092064013,391.7803650566349
2499449840,391.55532818340396
2094620071,391.44585167804485
1433130224,391.42016492673224
1933553492,391.33324260688283
2503618484,391.02658127375713
1434032063,390.9030616708222
1931692594,390.8153313508182
1878597327,390.3613189289577
1933579024,390.3056010585124
2500148685,390.2578954870246
2092907515,390.12566176903937
2499560500,389.82414345230256
1879789970,389.69086852294737
1879178187,389.53409444229214
1433207191,389.3136815605767
1879153543,389.28635171183095
2501977282,389.1187668695391
2502828810,389.0611684585346
2499427594,388.8276080311922
2499218784,388.7684532014438
1879883812,388.5606403655616
2502212212,388.4809646068236
1879159552,388.472791267566
1933547367,388.4612475907261
1879769781,388.33532704139924
1879855724,388.23629058147554
2093876511,388.19318335474594
1434104447,388.00120864551
1934322592,387.7635798503901
2501272335,387.20392502566847
2500104713,387.19483361981224
2502891367,386.7422102086004
2503385734,386.687886185442
2500856790,386.6291872737903
2091253535,386.5250584153707
1879826700,386.50157133703874
1433781027,386.3989214354717
1879146145,386.3901984131699
2500851610,386.05337574259715
2092848075,385.94605044279655
1879853932,385.7393744428245
1932643682,385.6093506138536
2500501663,385.3888790788937
1880500124,385.251449519295
1930973831,385.23994861982004
2501819030,385.1242243987944
1427714217,384.97250747354667
2499453160,384.83572502616744
2500726004,384.33733863041937
1879855071,383.9222527112413
1879801550,383.76469987543453
1433397405,383.3437828297957
1880514311,383.32562286343017
1427875813,383.3031987724995
2502317682,383.2524032924004
2502859053,383.2177647792467
2092029267,382.87532832255886
2093089700,382.80126106887496
2501179443,382.75518949345536
2502076602,382.7278666468489
1434558484,382.7000727281162
1432602970,382.4100356276292
2095448855,382.3229019382947
2091285697,382.2104988278238
1880507171,382.01938456070184
1879208142,381.88515863954785
2092944627,381.67917525263044
2095384362,381.65775630521324
1880446442,381.64000045481026
2092861690,381.44891960177875
1433535591,381.31964438154694
2501844605,381.1963880066954
1880456647,381.17047681030164
2499818804,380.88221427909957
2503702802,380.82933978641955
1434655804,380.71121692719424
1427603313,380.59535474894903
2499236320,380.5399381051592
1880540874,380.3500920324455
2092842911,380.31825154412394
2094616277,380.1775310156144
2499764350,379.7084547313706
1879155643,379.5310425148938
1880511160,379.49750177670836
2501003480,378.99045100863833
2500561363,378.802830530498
1880544120,378.6455394948923
1930216252,378.6072259854295
1879132813,378.43159043385464
1439407052,378.39765230710725
2501517224,378.29468992835587
1931639737,378.25129731003375
2094624710,378.2207968951356
1427893767,378.19502265601324
1879223413,378.19190128806696
1932521945,377.9523453957511
2501703010,377.8644925425387
1434675543,377.76129060897324
2502366982,377.5182202787746
2503759152,377.440867648874
2091265383,377.00880489674626
2500265754,376.69954400511403
1931653431,376.6531873830993
1879858787,376.6187668479691
1432761741,376.24194600663805
1879888392,376.14111611397044
2091288993,376.1069194046014
1432954130,376.00373951625943
1427880974,375.8040465095066
1433472412,375.77555434210046
1931028312,375.5327500297309
1934324023,375.5323965271511
1930186197,375.5209125438831
1880434772,375.1461111763331
1930999350,375.1110398340005
1879846724,375.10185923278794
2501416164,374.9539747991879
1439414435,374.8972197548691
1439464677,374.87299637415293
2091948333,374.8597698631266
1933564873,374.4353440112993
1931642852,374.4303666237955
2500932124,374.29423516961583
1427654367,374.0336656757254
2093959933,373.9067679900473
2501135384,373.84365187634575
1931691981,373.821645440659
1930190805,373.5708078057048
2499701364,373.54082745907033
2095366027,373.4988008853164
2093945821,373.41358079687416
1878600987,373.35916591604985
2093970330,373.2490575434787
1434428723,373.18501739611486
1433128597,373.1623917165469
2503018191,373.0053857508327
1879169925,372.97350710335525
1880482604,372.94987691887087
1930226091,372.8651777863577
2092844735,372.46603069432723
1433551501,372.32769192718035
2503094822,372.2977801055349
2094552514,372.27160140432267
2095364133,372.20300013334554
1432633995,372.1867016152119
1931026347,371.826183544572
2501159280,371.667427701893
2092841470,371.61628950656893
1879235340,371.5299693427727
1930958893,371.5238845999986
1433742643,371.52154074749177
1880438183,371.5068296140638
1932461857,371.39494421075403
1932581550,371.14458658367
1878582611,371.1372572115085
2499448502,371.1121137282566
2503303150,370.9737205687314
1879829462,370.84633622363685
2091237521,370.83966411809473
1434096183,370.83781391591214
2499865192,370.5802222737182
1879902965,370.4897733090827
2091954860,370.44112057222475
2501392185,370.4347071189379
2502514097,370.29171132779516
2500127067,370.1363412403031
1930141311,370.03626324324335
1439369912,369.4455817225788
1931629201,368.92572130532176
2500600360,368.47052761721073
1933524122,368.4001192904027
1433718850,368.16957298919027
1932519405,368.02902222222116
2499459190,367.46377038748227
1879871217,367.2730333603379
1433800261,367.2569428392085
1931619820,367.12035092929585
1433951991,366.6268610951415
1433582030,366.31746350323687
1434538050,365.9991895111685
1931593950,365.9784698212135
1879234602,365.88068764525093
1930253297,365.5852730615759
1433353080,365.463641705328
1934301070,365.193051830481
2096207725,365.06313662393933
2092826704,365.0401893707275
2501833491,365.0239632975015
1879130384,364.4701028262513
1930249087,364.4592103867376
2502265414,364.426516213942
1933510183,364.2489125653633
1931021683,364.0321615035035
1439398441,363.0485955989435
2500933895,362.75322399674303
1434544483,362.7237262231155
1433621423,362.6324052222427
2500730630,362.4796764432316
2501034280,362.409976204079
1432936420,361.58658722752773
2502393684,361.4831094536134
2501174514,361.41812562822076
2502082510,361.26252547756155
1433467250,361.17777166306035
2502502294,360.8637723714921
1434037477,360.77998926284005
1434476591,360.76696999081224
1432662141,360.39452131267785
2091974085,359.89208614732775
1427688265,359.8317174251303
2094696577,359.65005534477535
1879135231,359.40286584923604
2501763224,358.83048810070073
1879214581,358.54592972499586
1434339064,358.45002668823395
1931646933,358.4493539412975
2500959423,358.4025165694299
1930175854,358.3946664056638
2501797422,358.1731587973734
2091182424,358.15083531958203
1879771057,358.0502645454548
1434605320,358.01276666427657
1932563445,357.27568030384515
1439475123,357.09823262824176
1880470582,357.06798075212316
2092815062,356.72750785583435
1932482801,356.70759413823265
1879155935,356.7053724671116
1930996643,356.70158333107514
2092951443,356.63497095354
1930211501,356.52650976711186
1439615295,356.3354398942318
1932448843,356.2932286710833
1434731981,355.56889565069946
2499722571,355.31976182571344
1434339604,355.2760475460456
1427591573,355.2686086346953
1880514180,355.0550916898566
2095391501,355.04985882256636
2092903047,355.02906865022027
2501536430,354.89779374049624
2503292310,354.86825573116124
1433726903,354.54444720708614
2500895150,354.2870803475775
2500850970,353.9675594268333
1933506795,353.4740062239223
2499317145,352.58963380816294
2501308223,352.5775039398722
1878583483,352.3054037752592
2499680703,351.5279139158424
1879128653,351.41669613213037
1433711954,351.239580284974
2500775855,351.2109173464079
1433650865,351.01997371853287
1931664044,350.8299138403928
2502545480,350.74041505997855
1434503647,350.6882022782243
1879824354,350.2521229472325
1932527695,350.0990699545851
1433060821,349.9231692605732
1879137984,349.76645576577357
2499783320,349.70958493893005
1930162385,349.7069189648069
1879848010,349.6494688267757
2092959707,349.6446710259257
1427835531,349.54397683012087
2501284670,349.2168619767251
1434448551,348.9941756693637
2502314732,348.5683463086926
2502231393,348.4781564838465
2095362260,348.0003848122695
1878574921,346.84329273216196
1433739244,346.26014285752257
1434452853,346.2165698923453
2500509887,345.58346500030177
1434452683,344.940569817826
1432684130,344.2667997159504
1434258574,344.23018933704435
2091276944,344.2246089694819
1932500973,344.1682386480253
2501734602,343.87427138868026
2499584480,343.60663797773407
1933536361,343.41915375572506
2501955052,343.21192825714166
2499688291,343.18299407400315
2094604053,343.13785040987136
2499874662,343.05056217062605
1434758281,342.95985449044116
1879871012,342.510670958181
1932517893,342.37693369112736
1433855575,341.58396360403515
1427798572,341.5199513943947
1432659015,341.4945127329228
2095382730,341.26669249192844
2500479077,341.2401453270569
2499323777,340.6070608408852
1931668791,340.4973375280499
1433684545,340.3833004225679
2093937187,340.2322309538647
1930947453,339.8113185557273
1879870634,339.71040250297955
2095372073,339.3012207004156
2501219622,339.0961970469374
2503564502,338.9100085310136
1434054744,338.52722318575735
1929308107,338.35588111423266
2502729377,337.93645291474553
1930174177,337.8585855545956
2502511822,337.80701204579185
2091964525,337.7222225090165
1878587204,337.30738028017043
2092921401,337.1330821996011
1432660452,337.07557450209697
2502656582,336.3188877626876
2502433147,336.2740460345193
2093869002,336.1577750835096
2502175770,335.87557294451756
1433399264,335.64100702413174
1879773321,335.13772632424826
2092972025,334.8703727961728
2499346242,334.59825079545703
1932637202,334.2256698034023
2502695253,334.0643833711341
1934324013,333.94169345176914
1434573703,333.9235619667584
1427620683,333.01327094823273
1880485342,332.96759559935526
2501969262,332.89617972274715
1879166127,332.7186020703315
2096200262,332.6213789990231
2499238152,332.2960579822001
1879802454,332.2487937695277
2503708290,332.2398236643146
1433346527,332.1879869870943
1880523237,331.96908273466516
2503060941,331.9613123506063
1879155741,331.2951527170502
1432804503,331.23498857510555
1931022017,330.9354627280971
1930201665,330.86736427395385
1879836024,330.7271517134976
1880538765,330.68149150686156
2092803667,330.3327668195204
2093966992,329.8336663686115
2091972360,329.69692321573564
2092834487,329.5203443914324
2503772045,329.42178459326345
2502694877,329.0947587886821
1879194917,329.08131396295977
2503233495,329.0090741478788
1433558991,328.8247912811947
1879801771,328.6892989792238
2092913191,328.6376713975768
1879194397,328.21990928072444
1931609357,328.1676466235279
1427876533,327.85133238024173
1879131770,327.77757789204213
1433472793,327.55206889774064
2503318490,327.5167350845662
1930180117,327.2438346372395
2095432621,326.8946158090519
2092849515,326.6643124412772
2500270590,326.5919446691508
2502263730,326.2335685196042
2499506874,326.1845888202097
2503441821,326.1439130004218
2500655062,326.1090000963056
2499677377,325.50646705721454
2095431923,325.37843381953667
2502546630,325.167634907937
1934324887,325.03116327587304
1880529565,324.8996378218649
2502168522,324.56518380085294
1933514080,324.5202549355524
1432702731,324.4667354131536
1433246401,324.4082459987367
2502453420,323.6702944273987
1427626355,323.6179541083872
2501296983,323.6096413685636
1932441291,323.2025204080562
1879220197,322.84035915048537
1434650910,322.4276047465283
1930150663,322.3326974408678
2499206154,321.6497802200825
2091963553,321.605804926075
2502756675,321.0145542153474
2503895143,320.29788313643843
2501069352,320.1046716693509
2096184423,319.86757775329863
1879853647,319.5786100301052
2499314952,318.92798740500496
1878601291,318.8645060817675
1930229253,318.49059035555683
2499318605,318.13584634112823
1439427684,317.4280149929139
2093050600,316.7139669031366
2502701741,314.8702786138766
2092825935,314.8641367531715
2092958825,314.74294607025837
1439545115,314.4125628713547
1880451972,314.3220376477432
1434764827,314.2920085695922
1433329774,313.42427297197327
1930179875,313.2709699001796
1439332807,313.20868078244376
1434052213,312.9940270931952
2092922662,312.9394727793816
2502571032,312.7993353536634
2500996171,312.13594358890253
1930970155,312.0362084329697
1880532903,310.68480321493547
2093030757,310.6377540835171
1930966635,310.633428789724
2501016302,309.7566272636897
1434269131,309.5757707861131
2503365964,308.8642294288232
2502985532,307.3406046161435
2092771202,307.3038235470464
1932507002,306.5648327803687
1930155393,306.27157545874815
2502985382,305.4524690920063
1433386395,305.0377574449551
2499859435,304.97214487409946
2500232233,304.74514875661714
2096191577,304.4244273447131
1932617447,304.36235013085957
1931633071,304.2164008551964
1929317141,304.126465906011
1879190432,303.96212866349754
1434314877,301.6276515094944
1931622455,301.59349882934504
1433579144,301.53681488757417
1880463174,301.3634044451309
2092053755,301.35643639053035
1879791924,301.19791444756186
1930186090,301.17506237889893
2501550442,301.0981813103495
2501597622,299.83205836684795
2091984675,299.797492730255
1434482170,299.5643072593295
1434186564,299.22884067705087
2092970917,298.29428957575334
1879174481,297.1061897474944
1439563882,296.5357948608516
2499517262,296.12903316029355
1933516683,295.99424908865905
1879893545,295.98696916249287
2092857993,295.9238175198816
2095419411,294.50001012951435
2501465292,294.0320464803989
2500438354,293.08818871916844
1878583133,293.0707893311905
2092055271,293.0269252773118
1880505813,292.77017577232346
1879201371,292.605270732336
2503587200,292.4647875860346
2092960804,291.72737244420006
1879908023,291.45630408275764
1932563453,291.2742897936998
1880518163,290.648976079725
1879150325,290.64189841414856
1931667255,290.17425382874814
1439332734,289.38132064408836
2095355697,289.22169898428785
1433003823,289.08715230104366
2094610225,288.36070481555566
1879224677,288.1941430501257
2502611431,287.8162261372187
2502913592,286.0403613219513
2501573462,285.86951737987977
2092954573,285.7604183157961
2503191945,284.4971960110032
2501282543,282.1655047282782
2501931757,281.1711954727661
1934319431,279.8986235957504
2500151964,278.8853563056925
2092885581,278.7588321329541
2503760761,276.4556353598551
1879768393,276.45556377450475
2499652350,275.7233389553025
1931688225,275.6680573039768
1879166473,270.40539303155475
1434044670,269.80232481776085
2502124515,269.5722623829663
2503412784,269.31683704997056
2501130577,264.8326150694102
2502099493,263.64860881376285
2500277503,261.98410754367006
1879183745,260.08316044739837
2502561930,259.45553393035624
1933565760,255.71753087473775
2499729510,253.21680102942048
2501336704,253.15004607706211
1932542262,252.94977858522842
2094669121,249.51590721170174
2503275533,246.59576592981435
1434533641,241.1785563823103
2094669205,237.0387145688303
1434402060,235.39341150323577
1434694457,234.13295035232227
2500295797,224.50201954867356
2500881744,206.16393053453623
1932576255,174.36623206861637
1434235581,169.37568578491604
2500961500,168.21615251910197
2503797092,142.90481729157483
2500984840,141.42803972857962
1434066280,114.09654980588883
1879863990,73.61206931654384
1934298503,42.05667257887971
2092863767,36.59344709606285
2092847577,35.64648955003561
1930138130,-69.62645465713842
1934312535,-101.93750470870287
