user count in community:728
Topic id:7,Representation:0.32597803011253673
Topic id:9,Representation:0.5324340398337757
userid,score
1933555927,98.19526684321116
2501903510,97.78767830958607
2093940752,97.59348756491548
2501492133,97.56743975959232
1879886022,97.53544140990246
1879159204,97.49643852706757
1931589911,97.48293736071341
2093881132,97.28359197486736
2501862952,97.2673472168413
1930159475,97.18920710603567
1880447343,97.1623876140604
1930993521,97.14277771179309
2499398920,97.13017570074949
1933535043,97.0041117574787
2503595342,96.94265853513576
1931013615,96.91385180588186
1931645525,96.47192291758941
2503624493,96.43815528121885
1879226900,96.42650323689239
2093954281,96.41488631431564
2092799887,96.38026205023174
1934319377,96.35609741960214
1933545592,96.31679083724785
1878603672,96.26117879253744
1933520211,96.24133472860176
2093864801,96.21123140265053
1933539125,96.12510019855007
2501105680,96.11748913503138
1930200275,96.1150605666654
1930170917,96.04226108026731
2091961241,96.03137582690144
1930955110,95.90404912625175
2092012817,95.85330094132854
1879191524,95.84365626959348
1930158577,95.80998890040915
1930933862,95.79289429758109
1880441747,95.7901801759833
1931692703,95.78292276425677
2094578404,95.77079891289881
1879810977,95.7570930838953
2501313312,95.65860125434465
2096235440,95.63752854872007
1931653523,95.5852743609314
2501097014,95.52638705158995
2499313470,95.51427653525384
2092023305,95.44590534177637
2091196781,95.42061361740664
1931013371,95.3136860373866
1931692911,95.19133789434831
1930987564,95.17341869124209
2091251351,95.13042115171362
1933591622,95.11058760921325
1930160965,95.0993778704416
2502655892,95.07265909014174
1931644244,95.05477069603208
1931631517,95.04206406981044
1933551953,95.03161292331212
2093874080,94.90868462969665
2092041250,94.89648924615732
2499401532,94.89004160909843
2500134894,94.889525636881
2092035125,94.77519250138326
2499699754,94.72483782055356
2500461237,94.7177555120109
1879819834,94.70084717123787
1879130773,94.6672581996795
2091246095,94.61578842099682
2094615725,94.5504581409602
1880435071,94.51785306430986
2499419362,94.51081783886761
1931603433,94.50670903452064
2500112881,94.49703689521527
1433177705,94.48898134653734
1880490382,94.48566107892125
2501506624,94.47409674219273
1932512871,94.43431100375031
2500261152,94.38932749848681
2092088124,94.38924699115516
1879837335,94.35009139947603
1932521605,94.29850966969352
1879232687,94.27154613055131
2499859982,94.2644364616769
2501598005,94.22449175450087
2499678904,94.17851497435846
1879124404,94.12020724866102
1931016713,93.99820035018162
1439384105,93.95360090515041
1879206624,93.84911585854192
2091288401,93.84178650540625
1934298125,93.83879357874405
2502329427,93.79403717151693
1879807693,93.73492685413595
1934310327,93.73383219970142
1439661151,93.70380745298867
2092843623,93.70080789561032
2500289942,93.6985247443985
1930164563,93.6787262956427
1931597402,93.62744918801454
1879782177,93.59884405452537
1879794433,93.5348553159904
1932537842,93.52386034964198
1879861654,93.49129920074046
2091980637,93.4594592783568
2092002471,93.41430298405486
2092983405,93.38831170296234
2502485223,93.33674786070664
1878593253,93.31851246485016
2502946162,93.29434520686539
2093853084,93.23591713928933
1933543481,93.19116993469878
2091254467,93.17267453260021
2501976375,93.13866194275322
2501849684,93.08221930894268
1879132341,92.98744546791758
1931695465,92.93685845806553
2500864964,92.92850402132072
1880438737,92.92469213918038
1880483383,92.87228148831949
1933536933,92.84025223303112
1932493351,92.78456323683955
2502495632,92.78081972412355
2501739170,92.77564395383223
1931665515,92.7372744965777
2499571614,92.73649358400496
2096210800,92.72702834698893
2502759577,92.66744514874595
2499762930,92.62577613602537
2092009734,92.6175553436399
2094649562,92.52825699112586
1930993201,92.35468333935006
1879158780,92.33814778093938
1879190683,92.30714888569915
2502260182,92.30349678134041
1930184022,92.30033834780455
2500249442,92.28042183795931
2093014960,92.19344379558704
1932544055,92.19168067176881
1880495980,92.15031492637607
1879145304,92.0561620667165
2091979883,92.04727460527936
1934324004,92.03082453055602
2501192554,91.961792270837
2503037367,91.93336440126828
1879144040,91.91646784670678
1879152354,91.897308305365
2503316200,91.85714262476492
2500192753,91.85470026229684
1933552577,91.84631798525535
2499331600,91.82464850076825
1879833773,91.82096492987402
1879783334,91.70210207828818
1434067313,91.69930089348587
2501067452,91.68693286796432
1932635287,91.63469276297721
1879809500,91.63243418818641
1931007300,91.62925164164096
1933516382,91.62831954938531
1880456851,91.54980423913152
2092845101,91.54656533029481
1930215441,91.50265817204354
2096246351,91.49982068756587
2501869350,91.48672612025453
1931637965,91.47391909831319
1879187927,91.46688806192171
2093058563,91.45632548653357
2500742460,91.43552523577918
2503697704,91.42601492186898
1931017850,91.40316268449483
1880438121,91.38068038245734
2092834967,91.33193114557777
2500981702,91.32907812512849
1879131951,91.31230331086917
1879810105,91.29651965458334
1930178401,91.29423080361671
1933504941,91.2903417596766
1930986447,91.28320555493836
1879167284,91.26540588339284
1931026657,91.17694228846993
2092796927,91.16956577773827
1880437670,91.16130758511969
2501320521,91.13545070526946
2502798614,91.13402507141474
2502510552,91.03784605692644
1930969647,90.9866633627445
1878600102,90.97570845415315
2092900830,90.94845624691825
1880500922,90.89622299476629
2499312354,90.89174086080314
1879866594,90.87496052325716
2502125414,90.87067361158188
1931635160,90.84494665497444
2499278381,90.8284016289212
1879821341,90.81748236201179
2501807622,90.80302776054877
2503781934,90.77414240583897
2503560890,90.74186564718234
2092880315,90.69446902640297
1931007702,90.61939691955162
1930185404,90.59044181854935
1931588945,90.5557557757582
1932528183,90.53402589365157
1880515873,90.51523315623814
1933529773,90.50839740521943
2092866564,90.50828309734115
2092004764,90.49785360238586
1930999725,90.44408718274646
1880455751,90.38500315867462
1931007301,90.37902222937528
2091955683,90.37707057024713
1930185800,90.35912382341039
2502455647,90.26504547823487
1880518952,90.24749028244557
1931695724,90.23517097443339
1931625193,90.19834193679785
2499627434,90.19660037368807
1933525284,90.12002622008069
2501467152,90.08334927239879
1879216820,90.06031583499202
1933514340,90.04251632916339
1930208400,89.89833135210655
2502909394,89.80370102439016
2092983305,89.79672314706266
1879223355,89.67574984246538
2502967742,89.67370772191168
2503825925,89.66362724655426
2500990120,89.64572069448568
1433773952,89.49486084261034
1879167282,89.48613902488204
1878589902,89.46609164617085
1879185201,89.43432628245941
1879787132,89.37015408921253
2093875080,89.36780860963955
2095416123,89.31439823931335
1930184464,89.28868324050241
2501733850,89.26887063159242
2502280120,89.26043945623647
1879867475,89.2095017877712
2502214751,89.19905773222777
1933546087,89.10445191265046
2091195882,89.06282523735813
2095397854,89.01165310376453
1880483890,88.95078727949422
2094662201,88.9472852605416
1930946052,88.94004020703267
1880482667,88.9385884044134
1932515814,88.9010024422102
2096189110,88.89152269306867
1879883554,88.86891498424205
1930937163,88.83682197274669
2502172155,88.77881006934535
2093875633,88.68149477124383
2501079954,88.59665064972955
1879192224,88.5374944978189
1930986005,88.52612793382593
2503317670,88.50206572199347
1931608205,88.49269539712401
2092759867,88.47749163840355
2500269110,88.45428412474833
1933549537,88.44674306973478
1931643607,88.41181260385193
1880505410,88.37637005597773
2501387331,88.36123898955006
2502943922,88.35324070002738
1930162171,88.3369734810988
2092980850,88.31957627626632
2503801560,88.30444882084035
1879132554,88.2886101939112
1931029115,88.27717741629317
1878581697,88.2429742578834
2502151372,88.21853950895115
1878600022,88.20646663906119
1879893372,88.16911761449565
1879189505,88.11676184613182
1933505705,88.10354693599169
2093953313,88.09492039119132
2096233354,88.05879450533321
1931687151,88.05502151646886
1930213147,88.04849304049338
2500185892,88.03901540178231
1879160037,88.00005592278373
1879130027,87.98785036655617
1930963487,87.94879550499303
1932637481,87.94534667634713
1933580592,87.89100528291408
1930182033,87.8882260324264
2502212842,87.83575244145197
1931676901,87.81896282609358
2094643512,87.76408848922851
1879840390,87.72570016408034
2092766434,87.70141424871136
2503721670,87.67420633757547
2093048603,87.66543668101696
2503068864,87.6560463952006
1933496767,87.64273194105651
1879142951,87.6316878145416
2501396690,87.61482815381464
2093890502,87.59553636892761
1931695010,87.54199785935897
1930948532,87.52540239334975
1932480673,87.50896536426663
2499558370,87.4441728325892
1879789243,87.4357105565543
1879787604,87.37708560585145
1879824254,87.37485578392369
1930190333,87.2938148521524
1434320270,87.25639029580104
2501332462,87.25258431139682
1879828145,87.23930710568766
2500845182,87.23192798358939
1930229084,87.21984365909346
1880495581,87.19481082461235
2092786855,87.19236967068974
2095419604,87.17519980875775
1879829054,87.16900001434368
2093975642,87.12244402800141
2091233253,87.08212670069196
2091268201,87.07320932613177
2503181132,86.99280898583893
2501647282,86.97374454697339
2501822534,86.95645314065912
1880453730,86.93943429391665
1932451173,86.9369045340483
2500102300,86.90021593273669
1879910222,86.81411695892885
1930981344,86.78130666488255
1880472362,86.77397063243566
1879159682,86.75765805388204
1930964107,86.73022695834013
2502018002,86.71070435914675
2096226142,86.62293069977322
1931682197,86.61508971096234
2503678080,86.57470659760006
1879134702,86.53800516120553
2502519273,86.37104103928598
1879222304,86.35505745085914
1879135063,86.34418096563772
2503875614,86.33308981365028
2094692403,86.32741661413601
1433350923,86.29738253789104
2503922437,86.24592516765115
2499852404,86.1987104572465
1878603930,86.17348138076123
2091190935,86.16729485494311
1880476657,86.1250003457557
2092028927,86.10158551749191
2091261983,86.0466539982194
2093853430,86.00839859373892
1880512234,85.99162362054123
2499670200,85.97159621611925
1930962165,85.95565348734569
2092080231,85.86566674392174
2094632774,85.84914557614024
2502955270,85.80584981856909
1880439531,85.75185419551367
2092843825,85.73795882365236
1931681182,85.73432123636792
2501023050,85.63523379053983
2502248924,85.62980881822374
2501164590,85.60265435246274
1932501041,85.60189174431714
2499689910,85.59991589265029
2091202082,85.57658716304407
2096268410,85.55417273428628
2091257375,85.40082811203229
2093976291,85.37730769171694
1933508182,85.35583335801194
1932481025,85.34980361300731
1931022071,85.31247347653878
1880441582,85.15225367717805
2502189602,85.11722567547532
1933499583,85.00768709191871
1880501860,84.99729780218598
2499727654,84.99242402109199
1879791684,84.95964421482394
1879135974,84.95170398582422
2501332567,84.95096076948828
2502026574,84.89631463657878
2091963181,84.81435426725776
2094693872,84.77859981510251
2093882975,84.6657426975033
1930245924,84.57882520136009
2501313393,84.57696361155608
2501634180,84.56582165871887
2091993497,84.4912598792765
2501397475,84.4388999760817
2501360132,84.4370002442484
2499227700,84.39248037548514
1933571484,84.33599111242252
1878576931,84.16647229807236
2501438970,84.14466904568228
2502046457,84.01228862715337
1932513987,83.87754618596777
1879778165,83.81574355020692
1879829814,83.80480401635545
1930179873,83.79296008225512
2095439577,83.77764356262057
2501997684,83.76941776800334
2092836400,83.75759462898915
2094593862,83.75695765703828
2499252610,83.74630757974366
2093880161,83.5988477484749
1879184891,83.58042403595594
1934316595,83.55638828414088
1931631153,83.52920544001714
2503347380,83.52757768709472
1933561047,83.484102547028
1930228875,83.46392686892898
2503730944,83.45071368057933
2500173540,83.40976083538206
1439559653,83.40667253504769
2501037764,83.39408272149421
2091955927,83.38444272470822
1879161364,83.23844832219318
1931695922,83.21905523259257
2092014043,83.18990678461341
1879822043,83.15342393735098
1880482500,83.13859609102022
1879859300,83.08688775950063
1433730670,83.04904851215908
1930939512,82.89787459591192
2501247791,82.83463062556687
2502850787,82.64222365642298
1433536422,82.52647835836248
1879850912,82.50967198157176
1879884332,82.49066041662657
1879128485,82.48736748073358
1879144233,82.4080538682682
1930195304,82.3508715373753
1879126680,82.33139616002649
2092797045,82.30539499206775
1879241347,82.23425503248563
2500961214,82.20705709026502
1879203007,82.19384322052674
1880479014,82.15610503867597
1880495925,82.1157922000913
2500949670,82.09364734682599
1932591132,82.0848313528033
1878587424,82.04148831116365
2500829892,82.02755393665426
2501820164,81.95229700433666
2500395267,81.87698801152467
1433449762,81.82579543612354
1932487255,81.7920268517689
1879889292,81.78022413031431
2502479894,81.71335539314705
1879788654,81.70641255031475
1434707841,81.6839401123164
1880445302,81.55553566310545
2092040421,81.50833322273917
2093064593,81.46820914247112
2094628457,81.4273256202766
2091217625,81.37741495426269
2091971523,81.35764906760988
1880445802,81.2682577009464
1930169233,81.26029407557066
1879168322,81.26017187550583
1879217884,81.2323707909542
1879195522,81.16588575375857
1879152222,81.04784824754984
2503614080,81.0110261483807
1879128362,80.96716803087483
1879177922,80.887752842901
2502420660,80.81967255871942
2096192761,80.79723015575367
1879906454,80.78238797257961
1879868954,80.66537794330924
2501639274,80.65413930502751
2092055212,80.60494528578066
1879796211,80.50929787751654
2095342650,80.50307167574601
2091241523,80.35731749184913
1879870751,80.27232649722967
1880476691,80.19221658516537
2499337394,80.13485298672707
1434058297,80.10378343233674
1931653711,80.08693748571005
1879242840,80.06860221365322
2092991924,80.06408378648298
1880425714,79.94148425521561
2501208250,79.91650360365207
2503480364,79.85746602957596
1933524865,79.64202991486833
2503113282,79.55398422269887
2092035013,79.32923129678308
1930981623,79.27642005449626
2095353392,79.27118993588203
1878600095,79.2127651487516
2092757155,79.19294546720722
1880476214,78.96575675389354
1879879900,78.94663848484727
1432717803,78.9069865682984
1432615223,78.72670581966244
2095468692,78.7234492597955
1933577854,78.62093598432423
1932609614,78.41943841330684
1930983107,78.3228467886095
2095353882,78.23724924109706
1930166017,78.11125326277804
2094589934,78.04936972413628
1929308284,77.97870894737395
2499598291,77.85257523229664
1931612277,77.79437120400958
2500636463,77.78286164130108
2501573235,77.72642408742013
2092037605,77.64406022533528
1879165642,77.63892687434702
1930985172,77.49028535024877
1930192287,77.21960551479872
2091973917,76.93316368297697
2095382490,76.88178971597807
1930203735,76.87769818708816
2501084820,76.70154886300949
2092820791,76.61948394016122
1879191175,76.52399286159526
2502485307,76.00111036655719
1930181673,75.87332470656395
2499617080,75.86582136504524
1879152674,75.82182047778488
2500857874,75.81980435694612
2500566270,75.68142504518309
1931004287,75.61615536277193
1434644694,75.58167125225492
2502550090,75.46378136785746
1932544014,75.35000748699585
2501600154,75.26061876929411
2092900257,75.25384987229755
2092781454,75.08803041718161
2499886002,75.04328861107098
2092081557,75.00667275247561
1433212563,74.7656212652571
1934307130,74.73800996140255
2094574934,74.56926047885165
2092079667,74.52831173413922
1880507192,74.48637310384935
2095488680,74.36649628468683
1932562641,74.03840729660091
2499232910,73.95654735112869
1930955163,73.84989323705585
1880448182,73.73553577158629
2501972181,73.60373515086033
1930144851,73.56907535846986
1433540682,73.54282954922093
2499225250,73.44485624177904
2503874871,73.24326573369774
1879858492,73.1765381545841
2499616520,73.12838769147601
1931686017,73.01746677501461
1879125257,72.97150173374234
1427784422,72.95290758015915
1932496987,72.92137559821774
2091226041,72.88055132561885
1932529424,72.8803007759446
1879163690,72.8754134796301
1879803447,72.77030071703207
1879214934,72.73191125352336
2501137482,72.65336626927035
1930188773,72.52791314278292
2503663570,72.49411418859366
1879868464,72.33519804950708
2092856491,72.33105268166454
2499702803,72.18821115670573
2095353173,72.00929274627998
1933509027,71.9839027831712
1434101331,71.8520623672235
2095355493,71.76355544000671
1434027090,71.62472787566885
1930973615,71.51676105037893
1930939385,71.32535485895296
2501372450,71.31453760690214
1933563930,71.11836688693165
1879215667,71.07428079501395
2500252480,70.92106695784777
2501706190,70.73016974091027
1930935605,70.63387856918072
1933595357,70.59562179915524
2092016344,70.38833781242256
2499894410,70.37366450050347
1931695603,70.35350090703581
1879235807,70.3400593960272
1930180411,70.25277881503852
1433066175,70.11845864846805
2500108750,69.96214945126887
2095409990,69.77547710124065
1879769624,69.7562212688843
1880489170,69.69846452539585
1879784384,69.69506500569928
1930974137,69.66456320894841
2503387512,68.972118510906
1932615813,68.8680863403802
2094580687,68.8467271615581
1878598725,68.83187034172467
1930148717,68.83004005024682
2503885802,68.72823262902932
1879884063,68.7157014764869
2096217024,68.36397053783142
2500594534,68.28041094828048
1433535571,68.20284460314936
2503628434,67.85290628511495
2092042382,67.85037245725783
1934297453,67.75010578547659
2500431790,67.27355014988956
1932602591,67.26643992366904
2091980411,67.18728749841345
2095453584,67.08545161254543
1879202903,67.01640258569834
2092848593,66.92042135597615
2093016204,66.83300159324948
2499780760,66.76643814964515
2096225232,66.73422839189948
2092921521,66.67715488584415
2094641604,66.61324582051236
2093023244,66.52645674307549
1930170175,66.44452950469707
1931670162,66.35476172714269
1930166371,66.26264205803275
2092054787,66.14407820428202
1930170303,65.80871049367937
2499372704,65.71788533382193
1932503285,65.39642057518509
1879871287,65.39200463057956
2094622793,65.01971830557511
1878598662,64.94257406009561
2095441474,64.5945199072865
1933516945,64.59070846967172
1879157655,64.32264436701354
2501984814,64.17153657519195
2095406634,64.06766505959688
2503706070,64.01768643087993
2502559843,63.845217624250665
2500283183,63.80427825087526
2093045167,63.638155415415795
1932625971,63.336678685266605
2499416443,63.06867816926827
2502400832,62.81218678006077
1933530363,62.648493893202634
1879874324,62.61975727989065
2502580220,62.609591172490205
1879141271,62.46524776583085
2092833410,62.446188321839585
1880464601,62.37447378679268
1933539210,62.20172447687598
2091963423,62.16087158952786
1931594057,61.93348145239479
1930969745,61.89209626865723
2503718362,61.47316868132059
1880485512,60.83077813867194
1879857592,60.770222732612694
2501735680,60.7114550514473
2499278701,60.617172619838385
2501935887,60.570753500330696
1439489482,60.447494716317664
2499327250,60.19484936018987
2093854050,59.67184099044213
2502493942,59.650307337246524
2502091300,59.59904763657307
1879241994,59.585323189493195
1879240034,58.982003702736684
1879888574,58.71317995370938
2092846763,58.65050570628071
1879820652,58.610308931689204
2499752952,58.43698661897868
2092956573,58.40294850775383
1933572800,58.37672650397461
2095440244,57.846545622074046
1932495682,57.7750846601874
1930216093,57.68281915468704
2091260015,57.262258073962
2093093094,57.07350562905899
1434688680,56.790044500579576
1930137001,56.39092405376064
2091222152,56.32632733052059
2502911064,55.50531438004951
1879787230,55.481341847089496
1931644251,54.957389551570444
2502524632,54.954674605812656
1930964742,54.65685027384405
2093882642,54.63228315232368
2092026823,54.61632754828396
2094565175,53.35268871272581
2091246527,53.04788694050191
2503069673,52.59271792054328
1879244874,52.19704064502773
1433560262,52.08546243792894
2501771443,51.89316896037343
1934296573,51.77248791350685
2499593254,50.96958428672664
1934320245,50.86142522659711
2093897572,50.76699367636019
1931639655,49.572177721762955
1931614960,49.522892682219066
1434276055,47.97983526816565
2499619937,46.81128117389861
2502736185,46.489229994880986
2093087693,45.682433236503506
2096260444,44.868713260223
1931688383,44.588625081336716
1434396997,44.45159768642155
2500597742,44.40201338211209
1879854952,44.12147780474286
1879835964,42.30009785188634
1879825792,41.57750820676087
2092011654,39.387790086677434
1930160675,37.06250777953697
1930202531,36.04438444262043
1930987015,35.86273144799278
1439534114,34.42555484749613
2093071201,32.24458791988213
1932518294,31.353015994834532
2501083502,31.339413189776955
2501008625,30.87030942680881
1879231327,29.09927967796309
2095376487,26.364418830835703
2091231384,24.95090092405275
1879823051,23.80722892239926
2502718800,23.367211203520142
2499346223,22.384720012393572
1879878382,21.736738506834342
1933495237,19.98041650942013
2096201335,19.265016971357515
2095365521,19.224279403461395
1879806622,18.8877839359505
1930930971,18.223961589780867
1880510250,17.354088627404202
1880533134,15.446612620102886
2502397640,14.406455312111799
1934307703,12.635411374810634
2503471987,7.213932107484386
1933504091,4.542526946623729
