user count in community:290
Topic id:3,Representation:0.4518949353691644
userid,score
2093029484,15.300210517892403
2094599573,15.24524645669407
2092013684,15.02909807940699
1879217541,15.0238780934844
2501109061,14.930429584020512
2500484523,14.92747252960408
1930938322,14.903988306040132
2095391127,14.886563799717262
2093026527,14.88075959414479
2094668761,14.788176322374069
2499226970,14.784757400701432
2093088532,14.780037011106096
2501731774,14.689093372903281
2503531854,14.672342980262181
2095369707,14.672244871247232
1933592775,14.646818887114938
2092856594,14.610686815023668
1929316091,14.446921451900256
2502171990,14.329693731195864
1880440000,14.325775657037433
2501892500,14.29092618002129
2499615414,14.144893752413319
2499344254,14.095348083260658
1879152325,14.03213891879303
2094672994,14.031173136322726
2093065220,13.963103015209107
2091209265,13.95874105068375
2093898101,13.93746200296735
2500213593,13.919307924579261
2094670997,13.849100599560314
2503118924,13.826568501539914
2503148300,13.707494442123405
1930162875,13.707224353640562
2501907660,13.655540455405443
2501156425,13.62783933404925
2094622710,13.619451218830296
2503153094,13.574462905464932
2500133562,13.573566585601519
1879801480,13.573261421910658
1930993645,13.555832634544457
2499342081,13.516160400786031
2092882033,13.462089732954352
2502885067,13.459344141584547
2501867474,13.428587184884272
2499393440,13.354289195712399
2094587154,13.304960584026965
2499316972,13.280502798763754
1879126043,13.27539891703726
1930210082,13.220957627562006
2092888355,13.21860662268779
2499414084,13.209398590380491
2501965535,13.200107437467704
2501294401,13.19520739726443
2501401463,13.17445830292169
2092768680,13.158949723659704
2093023272,13.155267541796745
2502451370,13.106320020622885
2501643441,13.094160140190148
2503528500,13.041998217593685
2499456874,12.97678241475474
2092783520,12.961121817372424
2092864617,12.901094258933158
1878599031,12.88358527827443
2501764160,12.880884799527948
2092873123,12.838360880933035
2499310494,12.820374289857241
2092872161,12.795073940501778
2500246047,12.767158173129609
2503045734,12.759893878343883
2502040583,12.669420941425049
2501279374,12.657252837448475
2093086990,12.519547472354684
2093023170,12.512580106025272
2500106844,12.482352395028775
1434004434,12.4205759384098
2500635473,12.419264282791993
2503381524,12.332561285252082
2093863125,12.265622846246963
1879905001,12.25573941986156
2092779621,12.248341731439734
2501478571,12.224589667722489
2092948480,12.190635887107913
1930227184,12.149689136387346
1931005652,12.149496689143392
2092006114,12.137432602520152
2499319227,12.084695235807349
2501316021,12.074748832759703
1434199920,12.04964389124343
2092815477,11.95018711774559
1879844964,11.92457938519659
1930150954,11.919082617478786
2093028187,11.882884595173588
2500157837,11.847636059366149
1934313531,11.65889448359956
2093075872,11.647717888591396
2501479774,11.62525294041065
2503181727,11.62345346739264
1930153455,11.5565002092347
2499858797,11.524908835122421
2503742070,11.49783943619877
2092880697,11.447065965447976
1879779900,11.446407713823591
1879236991,11.418353089757792
2091180495,11.406967320881126
1879791831,11.35783148996901
1930186825,11.350334122641145
2499682364,11.283994479619137
2091961202,11.197037332654876
1879833574,11.17488502838232
2499606560,11.160402661602228
2092040984,11.146069454153
2501853565,11.144485598254356
2503638252,11.111653800451757
2502844741,11.109565062378737
1879788582,11.091677814158503
2499552123,11.085119904084575
1432651341,11.084635146538975
2501905410,11.072824809316293
2499704044,11.010203520066115
2503346140,10.966824046922316
2499720697,10.962162514696756
2502054707,10.941499902294392
2499345390,10.891185147991774
2499885794,10.890009995469791
2499530091,10.875663609026724
2091253151,10.814465618801039
2502590442,10.799453226870119
2502425540,10.74478788039992
1931661027,10.743412493275226
2499270867,10.707442136975946
1432924181,10.696916250792233
1930227130,10.578945894166134
2501898923,10.539478301556153
2501207730,10.531457640110617
2502114942,10.522417365243337
2502849382,10.498520803216952
2501726255,10.448812775569515
2503725854,10.439779665023957
2091952831,10.398499301518155
2501791630,10.389578596659167
2091991225,10.383825682756749
1433107491,10.358982437953342
2502698673,10.35618147788288
2499718954,10.353570439722828
2499802202,10.31692508378319
2503766167,10.31371351891125
2502998941,10.307083371567975
2501414641,10.292862390254903
1932646293,10.288900146907142
2092082593,10.28732903996834
2501326697,10.253986268970042
2499470433,10.23988249787456
2501049334,10.23828021668573
1880503662,10.218519190803756
2500774710,10.202300108051805
2499671352,10.17434909368056
1932438440,10.161786359052408
2499470951,10.144130143312491
2501305902,10.137512537927911
2501971577,10.103207652789292
2501235352,10.076922405973828
2501904833,10.059258444194922
2503272264,10.057259624413222
2503465050,10.045475512173168
2501665430,10.023113253564858
2502682142,10.01510380437358
1880425502,9.962188481566079
2503924824,9.957853987911905
1434710283,9.945837836695572
1878592084,9.892110439744327
1434669560,9.842720690468
1933501874,9.814583953406983
2500414825,9.788856726381178
2501721060,9.776702831294637
2501599092,9.71381503695516
2503779132,9.702040111167344
2501387574,9.694965361297152
2499282703,9.694867830833013
1879826575,9.690208796145281
1931643635,9.675323485445425
2092771564,9.61205942598293
2500410693,9.605903128422733
2502634473,9.601272967058783
2503792674,9.588221066059413
2502987530,9.563696695260438
2502802233,9.542526149688145
2499639367,9.536247163388774
2503260092,9.529214959434949
1932525581,9.524538477474186
1930224904,9.5244856937086
1930182094,9.469960400551766
2500342187,9.43341218754384
2092970334,9.42768366480076
2499393542,9.420355486390374
2499357373,9.408906411682397
2502320960,9.406689232063151
2501268972,9.399184638473734
2502217292,9.327662844049069
2503215500,9.306708624771186
2501252125,9.231754817722027
2499633757,9.230234030991918
1433174390,9.189482169008137
1880519110,9.134471927426526
2502915650,9.125497818087034
2502356982,9.074236774121378
2503257965,9.073309824229458
2501761580,9.00270876777879
1929309083,8.98244135042095
2503636432,8.940675599777698
2500304223,8.909925753904378
1427808664,8.899751069601365
2501512930,8.880346937613265
2502492422,8.73124477596061
2091189351,8.7302620975373
1427659827,8.72866504377444
2094608093,8.639497838096352
2502238784,8.637295551379028
1879784700,8.626644533431664
2502219574,8.620004012331396
2093951330,8.594734481803213
2501198700,8.593429462598095
1879238355,8.571837017924931
1934311812,8.509595627574097
2092035373,8.496924650104031
2501906010,8.462476945047069
2502314702,8.391692469165955
2500409523,8.340385686239868
2093930581,8.28972921357714
1434618870,8.0984676726634
1433228131,8.085832143202243
2503026234,8.050125602184266
2499389062,7.9735091048896205
2503215820,7.959011619213386
1933512572,7.91139524886635
1930968163,7.9060606766029
2503472355,7.833720453755614
1427842945,7.794466684492201
2500710612,7.753579612715212
2499735083,7.743701745129278
2502875953,7.6754182620564055
2503451410,7.610764552208238
1433710197,7.591908226926348
1434596990,7.583532320876421
1933510842,7.56956218437647
2094550217,7.538313107006727
1879124215,7.494399534561398
2499223904,7.4939740162128805
1930160470,7.4318532297154
2502515742,7.426355978765732
2095425472,7.404798831211534
2092020535,7.373725461755729
1930991543,7.350626084350263
1433485943,7.312798220207548
1879167575,7.2386766284436845
2502243282,7.227175967143332
2095397813,7.0333170752497916
2500440344,6.995377979839105
2095450512,6.987452225136633
2501499422,6.906880867221715
2094604503,6.890814547804367
2095468603,6.887773270305821
1427648447,6.8526881994613165
1879801654,6.849706968808629
2501901683,6.7814793241349065
2501598150,6.63319581691763
1439545517,6.592563613633933
2502450323,6.3865992566269565
2503031734,6.375702522815219
1932564172,6.334776588223643
1932610242,6.2982309841796145
2502881181,6.29593676872217
1433531634,6.219938255924484
2500157893,6.1000408279444756
2502552852,5.957624679162772
2093025897,5.9193544229285235
2503172652,5.906276686135418
2092832282,5.8399803624059485
2093042013,5.811516700829636
2503582314,5.80417287560678
2502188240,5.7941084756397325
1432716392,5.6860781334878725
1434155354,5.123560164390646
1933517253,5.082319922036786
2093958040,4.64206238412163
1930937671,4.500503272186251
1933521190,4.169686953068922
2092826257,3.9547746060959463
2093965473,3.7970356268786887
2499252035,3.1137110616466366
1433119840,3.0584587598629924
