user count in community:508
Topic id:1,Representation:0.43407386084011057
userid,score
1427778110,27.974577988653174
1433577781,27.851956690220874
1427589977,27.730861494197995
2500922755,27.723795651032344
1934298875,27.517481380666464
2095372073,27.48748607650108
2502041342,27.48631316498927
1434465884,27.419636172295267
1932609990,27.358028323064254
1930156691,27.327414576567605
1932521945,27.25421401867298
2095429191,27.19497542997929
1932578071,27.181185736116614
1880519952,27.106405402018673
2094638767,27.081916589171907
1932603692,27.015039936864
2503692124,27.00885702796473
2092936192,26.82867556190289
1434698981,26.81344904595247
2096243060,26.780934543698386
1932465310,26.752970041854358
1879143033,26.728632644479017
1879130384,26.69426061018375
1439375430,26.600096570245707
2093966992,26.592663521248376
2500739710,26.53495905783853
2501698604,26.52718844119408
1427790270,26.51421230220407
2502030691,26.47953963116695
2502148720,26.44482620891286
1879799467,26.325837583299037
2094696577,26.321873481923497
1439541671,26.28577192342343
1434527361,26.285611824180414
2093941090,26.279148308660357
1434019230,26.263040104300742
1434434457,26.25082679250276
1879778774,26.223856396208998
1933591574,26.222752782941892
1434476397,26.20912504335497
1433135582,26.202256748813387
1879794247,26.202025857929808
1434032063,26.19921956502227
2501729401,26.19361721454641
2500215957,26.127672245773372
1433392064,26.117046570861365
2501307115,26.085230880048037
2499294700,26.04674063729274
1432659015,26.035992660198005
1433027131,26.01364840826745
1930211501,26.004382941653247
1433417000,25.971814561269362
2092057382,25.95642868473423
2094553640,25.95182431154559
2502170977,25.95118857793492
1433469242,25.93164396192786
1878592112,25.890910180214828
2092063477,25.88158884359536
1434650910,25.86828865581421
2091229303,25.837233680261683
1879912115,25.826115150485755
1880433261,25.81378304324332
1434025824,25.78541818014748
1434402060,25.777750729197358
2500151964,25.755903074786385
1433621423,25.71225657100576
1434475192,25.70598717572224
2502725855,25.676994693752885
1880472962,25.674515066029223
2092876611,25.67052277213693
1879846724,25.65519795166756
2091200190,25.6474875280742
1932617447,25.60137763939985
1929305951,25.566253856796106
2501529640,25.541542451012464
2503759152,25.53214626478755
1879823544,25.531661070180622
1439558741,25.523224163970248
2091288534,25.487263403033428
1433595587,25.458526327050045
1879856592,25.450965503660882
2502096164,25.443617190732393
1932596437,25.412803543754645
2502575757,25.3897325185478
1930929097,25.38940060719036
1931621805,25.38055780516743
1878577927,25.364258843232896
1433953135,25.359330447362808
1432614015,25.347773335186467
2091219055,25.337136213473197
1433669217,25.330612752878572
1433358522,25.330038241318135
1931029102,25.32007091690159
2502547051,25.233867861609305
1930224192,25.225872497913716
2501324422,25.223415303620495
2499247624,25.192618215520625
1878595455,25.184015227129603
1932533012,25.16371271556919
2500319487,25.106662742878505
1880497214,25.090418014827925
2092008822,25.08881370501937
2503589981,25.08280845537094
2502355462,25.058424316675715
2092832452,25.037315164550733
1427844971,25.03051910262204
1879912515,25.02552106047617
1433105404,25.02426984162823
1879843593,24.958319763233924
2095389374,24.95704103729486
1880497674,24.935596520042267
2092913191,24.93265957573931
2091972360,24.893567219893786
1434381404,24.881555992747376
1931674885,24.844839103430797
1879774433,24.833723559606778
1880523237,24.826561435639203
1930994640,24.793277416734046
2501835982,24.783637378891967
1434447024,24.75634520179117
2503768927,24.675612243562
2092858922,24.563777473360826
2503094822,24.56332944575249
1434098305,24.559190444895496
2501620755,24.527671267744967
2092930844,24.52248254363022
1879804595,24.516916522057674
2095461312,24.503584989396582
2503292310,24.49841378130673
1878578683,24.483110087841116
1930170433,24.475302385487964
2499739493,24.42838100960271
1932499902,24.40855094658157
1880427971,24.38153185267526
1879784183,24.381439673207197
2091973345,24.358612534815293
2501848827,24.339734039354347
2500730630,24.331257856687248
1433219794,24.30444160923819
2501597622,24.297278087930966
2501149044,24.247201844786517
1433800415,24.21834284314866
1879848425,24.200795697502897
1931646514,24.181101673180194
2096212252,24.157770684490377
1879234225,24.148264476356037
2092832314,24.125535538870544
2093959933,24.11826304202014
2501068090,24.11030110333528
2091986991,24.047758233856825
1930241761,23.996683336625164
2500886690,23.988715104620226
2501275014,23.982485668768494
1879156082,23.9733443526464
1879848010,23.95347635715805
1931592161,23.94762841677046
1879805851,23.902678815247103
2091266807,23.874728822841977
1879835951,23.84345352705018
2500147711,23.82879257666832
1434528151,23.802083101588668
1439503732,23.781465009776493
2093955515,23.78036062863605
2501302705,23.760694882839193
2502353873,23.755194191962133
2092819681,23.740088601322608
1434160330,23.723968566872365
2091197675,23.710589159645647
2500856790,23.705499383313732
1879811951,23.704653701607622
2094659371,23.67594941093462
1932542262,23.671313025833598
2501232520,23.61971102849345
1879126040,23.600687784287167
2503117425,23.53874308285362
2500725931,23.510882799903673
1933546200,23.500087046596555
1933574671,23.499586284375958
2092008871,23.495689709626856
1427823420,23.47683867423658
1932506565,23.473907384397222
1931026877,23.469568781998124
2091236781,23.456420015247126
2092037512,23.455555855588283
2094642871,23.414246419239166
1879871012,23.39294722581134
2501931757,23.386442930642264
1433346527,23.357726011444576
1433408435,23.300944722516586
1934324023,23.291072035004756
2500922980,23.273170486963416
1434134055,23.25657477347634
2501955052,23.24792366195731
1930189870,23.241026410198515
1879903894,23.23081580742455
1879199815,23.229761892026904
1433914252,23.21358623601473
1433123075,23.210458829665328
1439625305,23.186619610839408
2502024915,23.10504064500503
1433210013,23.095326223223925
2092972025,23.00999696120016
1879827145,22.9969174239063
1434308324,22.989361931843312
2500334647,22.968020952252193
2502956792,22.964736339785063
1933515570,22.923475365618668
2095379051,22.90478337452588
1427683122,22.84907313195793
2499677377,22.8405283535631
2092064654,22.82809255208672
1932590544,22.81082243323661
2502495642,22.79997752365117
1932450387,22.76296209423491
1931011424,22.75671829290341
2503763283,22.742207846312066
2093922584,22.697796592585266
2092771202,22.69582642146037
1880532903,22.663826178908607
1930153461,22.645925722048403
1930245727,22.6224043463142
2091220224,22.61207169280944
1931688225,22.609393572019076
1930146545,22.603561954738137
1433876622,22.59352726076091
2499240954,22.569303705829704
2092885581,22.489547209294127
2503431190,22.485767779986954
2500234743,22.483210579717785
1932637202,22.479758468035172
1434686293,22.418477630457655
2501576382,22.382079351496504
1931622455,22.258106459134087
2502237927,22.196486827211547
1880525774,22.15793572920777
1427733943,22.148553855888718
2501861542,22.13601734568782
1930155393,22.128322988065513
1933583520,22.089410592834188
2093943487,22.08458933927843
1934295433,22.06561920753324
1427874617,22.053922412960937
1932518390,22.048690243464456
2502657644,22.037486787357317
1932448480,22.018473169205382
1879876034,21.99479864889507
1433003823,21.993860791854118
1427733824,21.97944937389653
2092959164,21.968572253873475
2095390855,21.959617816758755
1879803764,21.902546713632933
2499331070,21.8850915101061
1879831393,21.795273056513565
2500438354,21.756616613687715
1931022777,21.71794216196771
1880451477,21.664489767589455
2503846912,21.64502587645604
2095373041,21.63562951508432
2503619083,21.63423258610076
1933598391,21.611151582985435
1879209727,21.511282758404782
2096203175,21.502876893999797
2502175770,21.493892601571392
1879229867,21.48441956668345
2503718475,21.47673105980748
2503520814,21.449818450282844
1879887034,21.436348910741053
2499317145,21.371573240981288
2093952365,21.340619071442255
2092794291,21.321079236091986
1433133782,21.31414387931853
1932643682,21.292411499947118
2500139662,21.285151655849933
1879856931,21.20729375867661
2503326951,21.16909500210759
2499297514,21.161635181124876
2092043054,21.136247991659502
2499783320,21.075367469167123
2503769820,21.058243465428916
2091278492,21.0484423034669
1433801845,20.998003724031957
1434740355,20.964854749062035
2092832282,20.94101017916819
1433329774,20.939831876186727
2501960571,20.914182070204497
1434684397,20.895947229651227
2499245363,20.8762151623045
1930951112,20.876080195181522
2092787927,20.860056416622967
2093087137,20.824714995614507
1434188551,20.791830565296852
2501573462,20.76566852875189
1434437727,20.728408631327145
1433940047,20.717533847271216
2503819321,20.711779248017844
2503349300,20.64818946591141
1931689031,20.642488715444696
1433882174,20.530520093278586
1930190197,20.5054642371834
2092911407,20.49267738898288
1933565760,20.47725261473384
2092956573,20.44518413682452
2092065617,20.388637771776168
2091261752,20.35537400613673
2094687144,20.299196154765866
1879223171,20.298252829866964
2502561930,20.20752853028553
1878603280,20.14279063834255
2094604503,20.081162791205795
2092928664,20.0562590415627
2499258051,19.96626502315102
2502839362,19.96519924203449
1933550393,19.960345972437178
1933530970,19.919136720824284
2500702935,19.908604780027837
1434694457,19.84324285891074
2502611431,19.815748355220965
2093078772,19.730877385161726
2093019022,19.720045938639288
1432820162,19.71374784634353
2501007541,19.695929438106983
1932532430,19.691442467504547
2502758985,19.68921787100328
1879127255,19.622627106985327
1433621275,19.619543084096456
2503275533,19.615639144200433
2092894567,19.61158929276343
2093984407,19.51190651681557
2095399965,19.47552789416363
1880507825,19.464227096030648
2503325382,19.42301274815301
1933516683,19.401542596396567
1879826137,19.365469409020417
1433574121,19.336401141989093
1879842345,19.297431899716273
2091981394,19.276968229387656
2093907945,19.19453758080334
1879878294,19.193091011259558
2500446523,19.187840164081578
1933519420,19.170734681779738
1434560371,19.16730017025261
1879128453,19.066622136152812
2500308852,19.046085329731287
2095390805,19.0226553952646
1933513673,18.99617044791267
1931023450,18.942896789192154
2095418863,18.912817464801858
2501857814,18.896066607134426
1879860741,18.895099111269715
2503245374,18.878175467748733
1879138105,18.86406661941759
2503175015,18.847040578069425
1439318215,18.844563310672008
2502453420,18.704449606857217
2500852682,18.69262684671243
1879813517,18.682286063385046
1933521190,18.67383927413451
2502575951,18.652904353166004
1930192881,18.642401033467294
2500456320,18.6414685163252
2093042013,18.631214226873485
1933497437,18.612808768190277
2499652350,18.6034208116141
2093024797,18.503230925510522
2092767931,18.46556244169528
2499546363,18.43176799449924
1930201220,18.305166153852017
1879829492,18.297687647734612
1433428644,18.296824027153814
2502433147,18.2715681989457
2092005470,18.18335001120312
2096266562,18.146751205208382
1932585507,18.115518110314813
1930935560,18.073632742625044
1879847753,18.05288548171577
1433187183,18.0043801948372
2501334994,17.972982823088405
1929303241,17.95865105992321
2502243282,17.925955394221184
1432716392,17.914610853540843
1930969701,17.90167742886495
2094669205,17.84095691391887
2501609115,17.81510343111874
1427899751,17.789225552570326
1434056841,17.74538069020262
1934315214,17.691801763329885
2500767104,17.639808866739713
2094690595,17.63359552278128
1932579397,17.601395206670453
1880512835,17.592434004662223
1433453934,17.57485441043633
2092942884,17.535076737474107
2501797185,17.489732832497157
1879192483,17.442877408157063
2502430597,17.43165675572068
2096220847,17.41610075005154
2500196971,17.414819257656056
2500896810,17.342932961136576
2092769611,17.340165670161916
2092760642,17.26799596561858
1879788995,17.177251364459714
2095425921,17.176844059161628
1433185493,17.117394619906797
2500608922,17.10903641732441
1433033357,17.049655426275496
1878582923,16.983534558592126
1929310913,16.97640623870212
1879243473,16.927249567478718
2092769907,16.88765892611102
1433804711,16.84071914513892
2092856627,16.79594572901851
2501336704,16.743633630135225
2503105092,16.5721615774409
1434429255,16.501605890677965
1878601291,16.463319274371152
1880513392,16.463166426090382
2093958040,16.352534239961283
1931696954,16.27189376498169
1931685142,16.215143488087694
2096255647,16.199908469892048
2095443221,16.180111337334274
1433290767,16.120078461452458
2502711275,16.060873310362677
1879857292,15.973022562599532
2094677064,15.964796324927912
2094632575,15.964511220289571
2094561684,15.963547790729338
2502049053,15.953734108614531
2092801984,15.669867780740327
1930253787,15.640493000025305
1930214507,15.605457226620585
2499366054,15.564030566276912
2502859782,15.55623104261756
1932496987,15.467106969232526
2500242072,15.37250760046317
2092083520,15.343822239903872
2503038084,15.256044830820816
2501849394,15.22524663075468
2501280794,15.139804139313068
2502515742,15.133464139212414
1932462110,14.963258008240835
2503901890,14.935340860202272
1433639712,14.822508970105558
2092034780,14.76138664770886
2502068343,14.463608310566325
2091998693,14.410957468415592
2501544902,14.37431873681464
1879226021,14.173956677012454
1879166217,14.169311648088513
2500295797,14.102993669036701
2502881181,14.090452431184124
1879881264,14.045723677428969
2092926037,13.951781314762512
1880531900,13.929970066593402
1934300801,13.817421633208944
1879893354,13.676105085463204
2091969220,13.656109220476036
1432873234,13.48279860232718
1433962217,13.272300138703816
2502005027,13.090393759079056
2503628434,13.074331747919178
2500862077,13.029045832674383
2501004413,12.964611905089086
2093942435,12.933850219542267
1427592210,12.917145888903395
2092827407,12.557357509641792
1879850863,12.548235602345057
2095408541,12.364407306359428
2503059394,12.308679016529588
1932625125,12.158628408189905
2499502237,12.09974390099428
1879896344,12.003302963978149
2094634373,11.921246190654438
2094671105,11.274399059464905
1434698690,10.891596595346881
1879845435,10.456232917564598
2093943865,10.012889432687707
1879132153,9.854686927546242
2501499422,9.789615627731704
1879812094,9.713985507837291
2499589844,9.705318612864883
1930182094,9.563710733644095
1433827742,9.425962616893253
2499281044,9.200290933777111
2093872135,9.144247766742483
1432678663,9.087494592590602
2091202565,8.985631853378077
2092770362,8.564220194570852
2091183732,8.53136841463819
2503030942,8.353576796399656
1879863990,8.180866905243874
2093057384,8.132097012480417
1932513065,7.565940847270049
2502988502,7.402198050992724
1879167711,6.737327655458975
1930938675,6.538602778553903
2094655804,6.395069338094419
2094664670,6.340959663621182
2093081852,6.020885674443978
2501322434,5.472466009547402
2501476241,5.470808873245382
1934298503,5.449784504106376
1879798084,4.742466634288768
2092062134,3.5443929592542576
2503595267,1.2663105787967504
1879809035,-2.0574584151620328
2502537130,-3.4241551344422154
1930138130,-3.7777074518714118
