user count in community:257
Topic id:0,Representation:0.5590499510036245
userid,score
2502313537,22.801934163404542
1879864620,22.777445025817023
1879231235,22.7475886276151
2092928791,22.654604230249905
2500487094,22.370729485915536
2501372632,22.265739418001775
2501022980,22.191586270271294
2503058232,22.10573050174924
1879782727,22.00621756200543
2503889664,21.97672416780387
2502067570,21.97122207779816
2091980837,21.91148103152416
2091183357,21.7909682041146
2499813827,21.77206369407672
2502277593,21.76545645154698
2502181382,21.610853496644566
2503380420,21.60450857856049
2499546570,21.594091135877765
2094580910,21.509320482281087
2095461977,21.497331764916403
2499897594,21.45401026150123
2095479251,21.43290660148441
1434729014,21.414636499282068
2503180171,21.413045476639027
2503063872,21.4107943594494
2092863767,21.399201279961694
2095352591,21.388405959054055
2500361373,21.343726998136233
1880526522,21.217280666802974
2093980364,21.19845852262154
2503791860,21.173912343401078
2095355170,21.14067686250907
2503694160,21.03023501706777
2503665121,21.008019388116946
1932549094,20.940680986188546
2501478364,20.918790171135583
2094660474,20.90488858969347
2501903100,20.873858152152888
2501004944,20.861451352813773
1879793504,20.85274449976106
2093920205,20.828269429475853
2499695035,20.821117191205335
2500413730,20.800404917140792
2500389924,20.78083150180035
2093874874,20.780703886717003
2503476074,20.774100514027502
2499336282,20.758656333429297
1439337317,20.737672363150935
1879828017,20.684809840452868
2500387940,20.675412643336184
2091282944,20.639787648200045
1879874773,20.604131910990766
2091947957,20.536193493269842
2092847577,20.531835711816836
2503030154,20.5230687030039
2499601384,20.474582241826223
2095395451,20.473215934214732
1932644784,20.46551153302088
1879144342,20.372668038344518
2092847575,20.35977018305405
2502813454,20.357063646533824
1930226681,20.086368901509378
2499494255,20.066457894967662
2093893837,20.048055720479
1930952943,19.967896994830948
2499341444,19.959832736566646
2502292307,19.94983020679562
2500179830,19.833679017024767
1931624827,19.80494745026455
1932618814,19.73547273280809
2500325143,19.662097281953365
2500837612,19.65460133655878
1930252125,19.521678478660604
2503480892,19.50606369633307
2501710725,19.49850208802722
2092788182,19.483857008060323
1932621981,19.436543276509184
2500204154,19.39910670342189
2500570347,19.394750149954145
1434351980,19.37642827826079
1929311095,19.367999772316868
2499427265,19.338711784018056
2502346864,19.330546278497202
1880536547,19.297853968124993
2092903995,19.29121662012399
2501049604,19.27601277187874
2096248387,19.269572036269494
1933517945,19.2525631186615
1433817424,19.24435767916529
1880521111,19.232144023372637
2499412972,19.14114774644571
2500973460,19.11560963204958
1439573285,19.067992429889085
2092798582,18.931244190609423
2499312962,18.87845801505514
2093857540,18.814353029455138
2499348442,18.768024763593907
2503083920,18.601243509926856
2501472364,18.54975584027414
2500139762,18.45490549972498
1932499864,18.403225128026747
2095490497,18.364790781350575
2499893771,18.331200119760993
2096190817,18.325355573286668
2092015275,18.29668418461085
2092911304,18.269786047750312
2091975575,18.102405834420733
2092892882,18.084158537676355
2501587522,17.935510887027064
2502720544,17.773777376199334
1878604502,17.74722029992445
1427593052,17.706154167259992
2502562710,17.68836398869283
2501601415,17.49811756295223
1439657935,17.370947229457894
2500809563,17.34058724443892
2502531812,17.271718910770065
1879834032,17.256597393454413
2502991402,17.204179605730225
1879835235,17.116982878148853
2502079777,17.11021222548881
1879905132,17.05306730286101
1880511512,17.0314377460161
2092900103,16.901289881589168
1433895692,16.804830106196757
1879808641,16.62275746040762
1932517127,16.613960395015578
2500340807,16.60532577615289
1932474750,16.569000193500596
2502536111,16.451264528065735
1932596190,16.295472605785132
1932444732,15.95081914571813
2095379871,15.918768941125926
2500829612,15.917377109482906
1879170853,15.894094069965643
1879785770,15.698783808636062
2501508790,15.672074427555408
2499884494,15.670916644368484
2500474501,15.601213456731092
2093876867,15.554735651230413
2503141247,15.523146092069638
2501771443,15.49477249069206
2092859724,15.464853485069485
2501511095,15.399430722414735
1930993377,15.33559796292344
2093936724,15.258458032491472
1880436902,15.222071748865936
1932489493,15.16675982908058
2502530070,15.060699956540457
2502159697,15.050676892077663
2503324842,15.039216807784394
1879154743,14.965304647685937
1932584077,14.882011433356752
2501690192,14.760406577367407
1932640463,14.749262188166103
2502994212,14.664506420429904
2501917672,14.565969510511856
2093050347,14.563300185626064
2095433500,14.46742462346587
2501435435,14.401765740253138
2499601542,14.256432594751566
2503095484,14.246984098200294
1932625815,14.1889122696219
1880444193,14.165292370188785
2092082714,14.148998527815712
1433421914,14.094450031281557
2092792555,14.06284325867873
1930216771,13.938973815076391
2092885884,13.92982368742257
1879815701,13.866779998468392
2503831170,13.828718603591017
1879768667,13.794917711993289
2501413833,13.661790287048078
2502895714,13.650557983625914
1880431174,13.64173566215389
2092056352,13.539000809911073
1427842754,13.508290025660465
1933554442,13.382290200396282
2501786493,13.352902931363314
1433942014,13.296159548688506
2500287420,13.293879368775894
2502367615,13.206393267357315
2503365964,13.158845618607533
2500382151,13.143697758646523
1932652601,12.970999825155472
2500337507,12.941626979139526
2095448302,12.917892329890673
2093004503,12.805677834227888
2501923120,12.777791755336128
2501075082,12.743981031124699
1433387630,12.724017258239035
1930179875,12.709238707230384
2502443290,12.57225452049138
1434598107,12.416167286654872
2093879035,12.390094501575298
2499608952,12.308138645802082
2093875384,12.298702050470183
2092922662,12.212136199540605
2500521623,12.083400511019219
2502913592,11.948299985027823
2091975984,11.812042673784863
2503698832,11.78098471632381
2501566832,11.671578500894183
1931683367,11.576162088224583
1879171767,11.536605363812788
2501610264,11.464772028297602
1931024270,11.451261869193306
2092795221,11.299820747933742
2092898682,11.119369921014325
2091248085,11.090215699205645
2502022563,11.050815174550463
1434595612,10.86233529111646
2500819390,10.840809165019543
2501465292,10.820779306974233
1433295302,10.78883929531293
1932627363,10.700843040926074
2499729510,10.66855682828729
2502783080,10.59217114951279
1879778934,10.576456719222652
2501149557,10.326170900817397
1879801004,10.156323361020187
1932510840,10.082377015446262
2092770940,10.03602241762279
2499653207,10.018138339026526
2503852894,9.866633952809313
2500248664,9.846339121158069
2500971053,9.735227620118135
1931002243,9.692151704620589
1434383565,9.459870997770185
2502989862,9.399160595586078
1880447607,9.350728427591706
2502034863,9.0383390133249
2501435522,8.992834689078167
1879906035,8.888077419045663
1933517253,8.86250815925687
2499319144,8.795352657422876
2503186604,8.638779318262353
1932488225,8.57471696644636
2095426867,8.536861918271397
2499874094,8.485166056555759
2503639857,8.45471615964383
2095407205,8.200073292458727
2499600914,8.018462782103025
1933510842,7.959439821550199
2499878377,7.8798087148018405
2502631264,7.675356609723393
2503186207,7.361827266607705
2501542111,7.322127294937666
2501875130,7.100498619558275
2503245194,6.998576163805381
2092826257,6.841630503106785
2502832545,5.9777259317235805
2502823695,5.5857642983899405
1934304161,5.558263373673192
1930965037,5.3271019061767255
2501732960,4.649000685268463
1433801823,4.629916143370307
