user count in community:679
Topic id:3,Representation:0.6385723875476168
userid,score
2094627935,83.45385282455572
1930173631,82.38760452824324
2503210194,82.23910020381159
2502149597,82.23198092839037
2091959265,82.15991862727068
1880471054,82.13829426015005
2503747125,81.71583272742423
1879179653,81.58190438683057
2499678684,81.55529925520314
2092937872,81.55270439400455
2092890127,81.36625070052465
2500467523,81.33864230870972
1879801145,81.33238609509877
1879192935,81.29907100292371
2094564717,81.12887212101646
1880493903,81.09493898081435
1932580627,81.0822962304098
2499674857,81.07298709963338
2499531142,81.02054206429416
2501807717,80.93522580507982
1879172363,80.8935453442791
2500313667,80.76352696785777
2501825024,80.7529703443221
2091196300,80.74585012367079
1930145462,80.71134574099908
2092879140,80.69416529404326
2094579473,80.59546476106014
2094699383,80.56771525976627
2502701871,80.5064530044135
1880469415,80.29898390472218
1879858742,80.27756525129429
2092951260,80.1983474456225
1932444720,80.15242614441487
2501233234,80.11054603703957
1930189230,80.09901433436372
1879832175,79.92164990494207
2092022860,79.784993965417
2095430460,79.65876237178819
2095377207,79.54897721227385
1880481584,79.39770421215378
2502886265,79.31720194307817
1879786531,79.20390213695781
2092882334,79.1611522993935
2095392941,79.15247925356864
2092075317,79.01734926591526
2092932207,79.00982202678804
2502132763,78.98353006703249
2502567325,78.95883883467481
1880471224,78.8795288640563
2093860541,78.81176163978498
1880456667,78.76193454103692
1434670014,78.55417972723555
1930187510,78.51171331063051
1930960724,78.4980137483467
1879843121,78.48414067539207
1930141335,78.4834095938327
1932543735,78.46401188819873
1879248323,78.4432181259519
2093071201,78.42690851012946
1930940482,78.34117971350597
2094657533,78.27616553346662
1879146065,78.26588970029213
1930171180,78.23681966718061
1879197517,78.21914678135592
2503457482,78.21089642950443
2092833523,78.10382700961496
1932505922,78.0800341821773
1427583973,77.99513298956954
2092802794,77.94688188706772
1930243914,77.94527973947119
1932518693,77.89681574132608
2501600630,77.88168516965986
1934295297,77.85443729521357
1879132660,77.85431549559985
2091968752,77.83706869217482
2501916985,77.79376333574301
2094679125,77.7602185174283
2091276900,77.73216049478481
2093863851,77.72979900940756
1934318625,77.72386692482023
1930236895,77.72057855214149
1879131453,77.70396287375748
2500108472,77.67560575163176
1434682307,77.6643339472155
1879792035,77.6340098490441
2092958110,77.57628793900459
1880437117,77.55620122299537
2499650720,77.532037367444
1930167294,77.49629286553628
2502773247,77.26851637566894
2092915727,77.19195668694401
1933587957,77.18364760243925
1932637814,77.17470235914328
1434152683,77.05642206695504
1433648293,77.02881916582189
2500389553,77.02021255064852
2092835073,77.00911252509624
2093077203,76.99174151670456
2093070470,76.90110519816983
1432681345,76.84558091199567
1934299325,76.81075143897473
1879883790,76.80995651038717
2092797621,76.75453112413317
2092890450,76.7528482033764
2095495454,76.71518515376378
2096273465,76.68136019367203
1879855174,76.67401466868775
2501519087,76.60994651470902
2092090004,76.60483417384725
2094636725,76.45690672184068
1879161394,76.44831710697
1933498127,76.4281257435048
2501842837,76.37240131320458
2500986093,76.36726065782489
1932434035,76.309554472115
2503596362,76.30067786125204
1879884032,76.29510318949477
1880530042,76.27667911190777
1932518852,76.27123270664507
2503469327,76.20703872626665
1878581055,76.19110200863517
1879163861,76.17238423159735
2092773100,76.09649406239805
2092845305,75.98675606159472
1879199307,75.96253618493517
2499275172,75.89958588601422
1879201637,75.89411690773143
2092848203,75.88457135504562
1879862882,75.86454793979195
2503719755,75.7923060483479
2093932767,75.70959253517819
1879775220,75.66076187338695
2094622895,75.63641615271442
1879783317,75.59114372487113
1433002360,75.5334163323744
2501896081,75.52796449363764
2501964965,75.42274313522903
2091993834,75.3340086380035
2501661277,75.32109459339746
2499437350,75.28422316551068
2503674523,75.26610553834226
2095437083,75.26045142901098
1427772955,75.20399967461586
2500347237,75.17189319948503
2501881030,75.15582350635106
1879785390,75.10397761894002
1932516144,74.8921516607443
2503262895,74.84708247918215
2499817550,74.80605578211906
2502372834,74.62206197435874
1930217094,74.58465398906326
1434271175,74.39454497605122
1932461307,74.37350794866518
2092969524,74.34781533390269
1930154224,74.2890219080679
1879136023,74.26871809124252
2503587865,74.23883353552588
2503664383,74.2145336713141
1879778060,74.14792996893912
1880493775,74.09426437162693
1934311132,74.06787678705633
2499819592,74.0610322389075
1930215862,74.06002724825706
1932451642,74.01554736183436
2499283755,73.99855937963525
1879163237,73.94944858440809
2095342411,73.91183107836669
1931024700,73.74934628502422
2501551951,73.6971492192629
1930152042,73.6911110341532
1434531724,73.64106538012028
1930235983,73.61389842380711
1434624975,73.57184370624049
2095399291,73.55401013932746
1932460691,73.54040047312833
2092930242,73.44090894938068
1932494680,73.39411740602677
1879156962,73.3474617482246
2093012983,73.28840491147149
1433821847,73.26136814599188
2501357973,73.26040481949087
2092858593,73.17725829331508
2092978174,73.1493533060788
2499255987,73.08276619775
1427683692,73.02505430005891
2093966733,73.02478632332372
1930159575,72.96733140897355
1433125275,72.92766047894231
2501206273,72.88990335357855
2092878961,72.85515819797624
2094658367,72.76059273700639
2092826104,72.7522526669881
1434681592,72.6704520867713
2499845773,72.6498475619872
1880483524,72.51853228388173
2503619391,72.4709946199135
1932457121,72.38571057799292
2091253160,72.33341027625316
2091995304,72.2351957363857
2092872947,72.1663994400549
2092810204,72.02023641466926
2094590024,72.0064341628794
2501242995,71.99460073572122
2499657887,71.9309239803584
1879166025,71.86598910338925
2094660043,71.85011307961511
2500934104,71.62544629861185
2499669922,71.58997091991957
1879179857,71.47266373168993
2095421932,71.46768384966799
2503116461,71.46111638867926
2502744111,71.34659324424923
1930141602,71.34655968993182
1930179205,71.34602045737316
1931646127,71.34148025720134
2092017370,71.3339718658481
2501497311,71.27500374365616
2095447640,71.26388639739413
2091185220,71.23343047195637
1439456073,71.18862803037776
2499282852,71.12564416558591
1432604335,71.10979919386966
2092871904,71.08311870209157
2095407751,71.08099139605464
1434014573,71.07256781864119
2501428564,71.0327368311794
2503811271,71.00689763514694
2502304037,70.98386262597725
1932640544,70.94969988801152
1433646900,70.90925366043727
2503767182,70.89179405105064
2093884592,70.89068902676304
2095452301,70.88364622672114
2499224092,70.85275384421533
2092807483,70.80467828138087
2093088695,70.78091332297251
2092793725,70.67956774706431
2501262112,70.67525616859635
2503242393,70.62847136712007
1427828665,70.59257609644864
2499262997,70.51557319827003
2500910552,70.41243125154283
1879200853,70.34357953089336
2092946140,70.33802998946061
1879849525,70.25401218994914
2093907865,70.19008967054697
2092013854,70.1530105484677
1931619017,70.14497291607971
1879903837,70.06339148946488
1930249613,70.04901097029028
2501553183,70.04386604265459
2499754113,69.91779603819076
2091280821,69.6835968424179
2499785027,69.63881144762126
2092870637,69.6120725488453
2499475165,69.60916168270194
2500956394,69.5802428159574
2092968710,69.49658074399758
1433508693,69.4298654425403
2502422823,69.39270068203162
1932573863,69.37164189631305
1933581934,69.36509769277576
1879823515,69.23538404702877
1932642635,69.2321516624232
2499703897,69.16276461105788
2500177344,69.09415424100307
2501749561,69.02710134170144
2500306681,69.01086952920075
2501523005,68.9687664948557
1879238233,68.87845253120886
2502623215,68.8386952736098
1930978365,68.68638887395238
1932525815,68.42856408081931
1879148865,68.3668325659491
2501722664,68.33646150909932
2500383502,68.26288339927981
2502024280,68.25836751557028
2092781660,68.25371274468485
2093070951,68.23971463491087
1433300844,68.22772630122334
2094677502,68.2253535189998
2092069681,67.98868512092484
2091189990,67.94435109459826
1932518997,67.87872058158312
1932627221,67.82049250423404
1932633150,67.72317561522091
2501633981,67.65764514814919
1932493667,67.55302334759817
1932452212,67.29916327191435
1880436467,67.22155700538801
2501426235,66.96321880317808
1879235833,66.70386740916672
1434419811,66.70158667382073
1433872814,66.6218577686277
1879125197,66.54921835254075
1879160480,66.49708028618927
2501165172,66.45123919437657
2093080813,66.43213365413882
1931673893,66.42431157191021
1879829837,66.40746785365307
2502497955,66.40647705651912
1932435117,66.33301740817038
2092789777,66.30219733995528
2092842021,66.24763941856487
2093064587,66.20983967260082
2503665815,66.17001404701628
2092820072,66.07237774012765
2093930331,65.98573803186217
2499647033,65.70128691480903
2094570007,65.61315093999282
2502816970,65.55060894528215
1930150582,65.51668848738704
2093964404,65.44524626468393
1930182993,65.41585033679418
1879811190,65.37329952810894
1931680373,65.25468619604939
2503900537,65.24402118892608
2092067604,65.2305352967645
2500363464,65.17924580854829
2499474805,65.17568943694485
2501430820,65.16603038222691
1434001361,64.85180393051736
1879158251,64.76643619631348
2501550985,64.6956301585282
2503056380,64.60894390907487
2092910584,64.55012500190088
1434701290,64.50788291744891
1433050905,64.47423747423166
2499263467,64.37296956021147
2503907305,64.11812696220828
2500384043,64.1110990936517
2499392765,64.02924052669074
2093942545,63.87407640344566
1434422064,63.86545931254668
2092816615,63.828795520785945
1930930473,63.790198490334774
2092838991,63.77051917652221
1879883090,63.76034421284295
2093878380,63.68245791950703
2503230862,63.55929575310033
1934297917,63.53446321906559
2092833500,63.46215368466405
2500947195,63.404965805307626
1439542342,63.32718502871247
1434195145,63.15835273610983
1434105404,63.11945877257993
2091204850,63.114754234862524
2092042875,63.06603546140575
2092953250,62.959318895666804
1879191967,62.84988641738919
1878576610,62.83062927537084
2501525920,62.545588561498725
1880540274,62.53132938926489
2502960784,62.36476343016977
1932648021,62.31763705076668
2092766115,62.20611927346969
2092892323,62.1270420950245
2092842951,62.05053444079937
1432682655,62.037693965885275
2092034272,62.02565966505441
2092082904,61.70173569897995
2502644795,61.69003094062419
2501780563,61.64879379852948
2094596284,61.640675065396096
2092928542,61.60493048908023
2501207662,61.60057257696412
1433579780,61.4718497859806
2092782055,61.46826813266367
2092992887,61.36632518293179
2094550853,61.32994840754038
2093886055,61.32797797750244
2092792003,61.2859623324808
2092785022,61.11625834193593
2091236677,60.94862520827752
1427763725,60.91004176693653
1879214117,60.8215163632701
1880477991,60.78220556031092
2093012963,60.667486291485496
2501424261,60.63365716001688
2092891304,60.632329176680116
1932470910,60.55167684001848
2502041924,60.070929328798194
2503784342,59.805043438654735
2093087820,59.760101510190985
1880498892,59.53315527532204
1439499065,59.5031110656969
2092926527,59.36842314733369
2093901271,59.363480031439245
2503593514,59.350974523806784
2092018050,59.17036383920755
1933512482,59.13906754758119
1434682527,59.13718641975847
1931622663,59.115168329600294
1879793064,59.039988900704266
2501195984,58.9389407227733
2092063881,58.91213281701146
1932551005,58.875186129552084
1433091910,58.85271129682884
1931605047,58.852573199626804
1434174565,58.712993198720994
2502594271,58.590392377700226
1439564002,58.515741886925724
2091194375,58.463332694687054
1930949574,58.21410638209775
2092015310,57.985815893543844
2093082187,57.61991151867724
1930961211,57.51204348725922
2091258865,57.38215386916913
2092953222,57.35483651161812
1932529017,57.32060815906753
2092844294,57.315380343086986
1934301022,57.144806751128385
1434409692,56.92849971934666
1879173663,56.9258966801322
1879905741,56.912483967979966
1931028632,56.8460324844066
2093938124,56.549128616599354
2502154492,56.509272998074294
1433616141,56.41429118872404
1434373103,56.36273605992767
1880453451,56.24159109180763
2092956663,56.186310515817596
1932516703,56.17190476332763
1878574661,56.02542183289311
2095363683,55.99073037027975
1879224385,55.488791956854264
2095420657,55.46644142997313
2096214577,55.405050600420026
1432854021,55.36239726366307
1879854067,55.328155831280384
1433451200,55.263715253366996
1932516241,55.20969015436252
1434609220,55.17635472133574
2092965600,55.098888363195144
1931593835,54.96213939146497
1932643402,54.909655512668756
1878578622,54.65059685479891
1931024295,54.63528034780903
1432680574,54.463975967072656
2502123412,54.424883773793226
1930152110,54.420239421228466
2502641794,54.28050900067751
2500114681,54.00677772563876
2500876904,53.90753087978066
1932430441,53.86973838258751
2500532662,53.76757409818348
1932640903,53.55705279311746
2092876343,53.16544164487361
1929313661,53.11088322977474
1433878912,53.05423150329204
2092990863,52.964551218924775
2503806417,52.95203008331541
2499533087,52.91738687479284
2501378220,52.89414823157041
1432960257,52.28726167227434
2092992673,52.23292736475227
2499709700,52.168120744899454
1879179283,52.08329158703296
1880461271,51.92828513320188
2092816452,51.92007814291924
1439333891,51.79862943938782
2501680833,51.69964885706364
2092926083,51.52636699699168
2499614332,51.314487454273205
1880523550,51.19249128592765
1932546171,51.10791684967829
1439530780,50.93167648029732
2093077621,50.81650122521343
2501875722,50.79525222511311
1879883780,50.58562195934524
2095380191,50.52647807157106
1932449565,50.47198044470536
2502930392,50.322739535914984
1433831743,50.209200054629896
1879835922,50.0673968446572
2500128114,49.96243469402824
1433153413,49.88052003111455
1932637635,49.39720315329166
2092841441,49.351095993944185
1433349305,49.33837270561326
2501446557,49.32798662728906
2501839464,49.22809992434714
2093973217,49.106307862756246
1439348691,49.02666442946775
1433471202,48.97263089048059
1879130915,48.719142029052485
1434667501,48.61675692786849
2502398787,48.580955055897356
2094607472,48.31951668587855
1930935654,48.12682885625659
2503363640,48.083905707542286
1931609773,48.04616552462464
2501159582,47.95421502200543
2093007252,47.928280974438735
1434029642,47.876761883344884
2503757252,47.86266504517015
1930204877,47.79250885579221
2092885952,47.676011569584055
2503321694,47.453811665369315
1931006451,47.40381714710464
2503583964,47.354674938655286
2093946072,47.19166552899514
2095450512,46.86316829764949
2501858094,46.639584366714004
1930929972,46.57219998023605
1934300683,46.40801642764605
1880495234,46.37609614349627
1932488864,46.31259752630999
1931006864,46.03160965578984
2092939025,45.90943713763325
2096204654,45.85394494595398
2499482903,45.787005413248565
2093088981,45.65034216475836
1930183645,45.595596540513505
2094554303,45.58075807135102
2502945472,45.42414009001176
1934302773,45.22030387941579
1933514202,45.080996362410026
2096239854,44.85500196312993
1932564172,44.69230502185635
1931693192,44.5030685011597
2501958674,44.28364927905636
1930935141,44.135504968525844
2500339397,44.09528359276988
1434350942,43.97797874307329
1879774634,43.89407326515259
1879198933,43.856124207697476
1934311812,43.84623875802085
2092944212,43.71407613680741
1432857914,43.63665882695801
1934319807,43.40283898722187
1931696994,43.14689232467035
2500852943,43.125786152929834
1932484777,42.668352728809154
2094673267,42.43096266223243
2094609673,42.41595658833166
1439504291,42.28819429416484
1433103593,41.96174219130874
1930185973,41.78128338860828
2091219345,41.76318114758657
1879890800,41.52542038588484
2093932195,41.36309348669488
2499890140,41.26862488519127
2092922701,41.193388191267736
1880480387,41.1313057450827
2503422932,41.027397560603454
1930996373,40.97277484446423
1930160470,40.06925265923648
2092845117,39.87315021392602
1433302445,39.83271725201185
2092902285,39.69869896417671
2093019674,39.50102443424686
1434205013,39.41902110756956
2093072735,38.99703279186
2094556274,38.99404070847455
1439510575,38.98564901844823
2093965473,38.890869689292735
1930938195,38.781568457628666
2501472264,38.739852368702586
1879812715,38.671841159076564
1433652352,38.519405479949945
2092976763,38.454244509905756
2501590787,38.28974988761485
1931597893,38.10572382998307
1439649647,37.967774775316855
2095402962,37.840059768307775
2093040277,37.59234345818964
2091959542,37.57214617484884
1879786902,37.54227152260829
1432627840,37.52817819860846
1929306871,37.2342560656651
2499565314,36.983134364244485
2092982291,36.95632971240135
2499806153,36.240455867431145
2501492734,36.18642678896055
1930162204,36.163254725925704
1932479880,35.8137917937372
2501573822,35.60196137179418
2501211582,35.58942732991592
1439647563,35.426894567107254
2091224171,34.737498962271374
2499645421,34.10909650983207
1879872574,34.03429856442561
2501534095,34.02284770117127
2502186100,33.90322505946052
1878580627,33.60390013174729
1930140851,33.544399360322444
1439334465,33.178445209199914
2499612703,33.07376003046306
1434427107,33.02812033729905
2501489740,32.772658850638166
1879211747,32.018903167714804
1434581652,31.606877249309395
1932610242,31.13008786914332
1932441711,30.45799601044285
2503201077,30.328181174987126
1427860251,30.167518718583107
2096191031,30.094884699232797
2500224242,29.987429681546104
1427668517,29.49902565591121
1932512645,29.4017307372755
1879847140,29.110543373837174
2499526674,28.96287921549889
2502610987,28.713228041874387
1433119840,28.059799869923303
1427679360,27.866482295095512
1879885040,27.76557411948835
2500584133,26.988245828847493
1434596990,26.907501875376518
1932565187,26.824537390564142
2502951552,26.455010949414067
2502951581,26.296175430421222
2093065802,26.099272552005495
1879154000,25.921114714435635
2096245027,25.229288434847245
2501315432,24.93229986642316
2502285065,23.124072544586472
2503560303,22.738029567822885
2093058715,22.197386890449124
1932572455,21.59076667032599
2502045415,21.23088243476935
1879171703,20.18790578107163
2096222114,19.884287605347623
1434695170,19.874805066931238
2092878423,19.850390776048027
2502339380,19.298267307985068
2091998140,19.182956911918826
1930927103,18.919462967718
1878600965,18.796460695555012
2091198542,18.348626752703343
2095337601,18.089282394549194
1434546357,18.031887147152954
2093040804,17.449291858941123
1879834327,17.444635024489305
1879154265,17.121761611581434
2501522141,15.652748531740272
1929306775,15.31580470554579
2500280402,15.269179446313158
1427833624,14.953615826079725
1931594502,14.586983187444673
2501479393,14.060569434877223
2093051244,13.882180145387945
1434526570,13.65441307474613
2500241993,13.13589527841666
1930186570,12.418436645581064
2092774860,12.285091369320575
1434394701,11.592918316754606
2093975224,11.579117340777133
2503742561,11.465242962549773
2092844674,11.234828459042358
2092948480,10.438613487915182
1931588805,10.071612419298619
2092936351,9.51665759773751
1930152361,9.307436790347532
1932497115,8.04263412259534
1433211285,7.877030547850637
2093071285,5.025520077011515
2092025545,4.1439470053657885
1427634153,3.45130077394838
1934312014,2.2223655589494036
1879825677,1.982005412603332
1432862417,1.7110192429875273
1932629334,1.3505953408843452
2500672331,0.7144600992455705
1879133713,0.04743527632140079
2501855275,-0.43709456969048893
1879144275,-1.1499755373730378
2503354812,-1.4960465999382142
1433077095,-2.1139177073881594
1439369701,-2.126807284954124
1930157224,-2.8354268077638736
1879859157,-5.728406934558348
1930186825,-6.4675738940217915
2500263481,-6.990782671082218
2502465040,-11.503544196066121
1880425502,-13.282410795486673
1433718202,-15.566126125004773
1427810841,-15.669466807411274
1934312535,-19.635479047018134
