user count in community:751
Topic id:1,Representation:0.5260132483180884
userid,score
1930951374,65.47459040145148
1879223413,65.41299710251633
1432602970,65.31091029044384
2091968363,65.21236750887167
1427770475,64.84222728692977
1879131197,64.78451399332288
1433550811,64.72151770007477
1879155643,64.71113419605
1932538882,64.53996541702796
1879155302,64.52526347897215
1427751365,64.48849648021451
1439393620,64.30499809871904
1879883812,64.2088609215049
1879161247,64.13767991237667
1427612513,63.96359293709456
1434552554,63.920216812805165
1879233882,63.770905848658856
2501296983,63.693020413269494
1880540874,63.6769640491506
1439619540,63.64003480998093
1933560115,63.598577110565806
1433718850,63.56069826306542
1880436792,63.54050295239753
2499417155,63.524816648037444
1433128597,63.47693902725736
1879238341,63.44405163675963
1879810662,63.39765630201662
1931013757,63.30654572569096
1439464677,63.24006312283187
1434448551,63.230677832631144
1879811777,63.22410709023424
1932603082,63.197570149551424
1931681844,63.1554518618337
1880427695,63.081037057659735
1433139807,63.078639317857046
1434715795,63.039012837271805
2091978871,62.97886981376509
2096273181,62.971096624752015
1433535591,62.95667932809344
1879207801,62.94732019401968
1439442072,62.91755328616633
2092785067,62.88616525032902
2094673571,62.81967982483483
1932477845,62.80866390297253
1432764915,62.455388435585256
1879879952,62.43236736302229
1932474873,62.42560672700137
2095393265,62.40729267114208
1434273737,62.376881619968444
1433518354,62.349338472781035
2503462055,62.33440553957175
1879902965,62.33127930394917
2096245121,62.2610527050904
1879830405,62.06847296550558
1880457553,62.030317813982
1932558083,62.026234563258406
1427781257,61.9501986505845
1433130224,61.94508961182131
1931026347,61.88568782122503
1932521922,61.87160267538454
1933518853,61.87089814672042
1879214020,61.84501174592075
1932517893,61.77966862416986
1931626621,61.74421534783861
1433583043,61.72280498323591
1427714217,61.703368907970535
1433311821,61.68640946238636
1434723177,61.67392302537961
1434463354,61.669716296407735
1934301070,61.6553832018988
1427880974,61.623235469281425
2093861905,61.58236643256932
1434645745,61.537376530543085
1879864591,61.505626832859626
2502237647,61.49926441353572
1880514180,61.462161279357645
1879168807,61.46013384179598
1434476591,61.446217701092976
1433424017,61.42653485784037
1879235340,61.419488685782746
2500775855,61.39368476720255
1434054744,61.36147572215393
1439615295,61.33218402113121
1434029531,61.18574005960381
1432869167,61.180245101553396
1439364292,61.17877856861025
2499639740,61.1111512178797
2503237427,61.10151834808294
1434425714,61.08531893052994
1434490112,61.068712303621325
1434452683,61.05364376732481
1879813484,61.05019571836822
1932589155,61.03240565366241
1930230667,61.024652532881234
1434015837,61.0043427761349
2091950140,61.00237665980547
1879877174,60.96241266410101
1432805790,60.92425124744708
1878592051,60.91980076251495
1433008470,60.901513994937304
1879878740,60.89774586475747
1879203193,60.875796737877806
1931662031,60.86030981021795
1879241701,60.85525821111133
1439613093,60.83528859612468
1933497425,60.82995084995091
2501965344,60.80305625613017
1879202984,60.79292834497966
1933553492,60.771193101102725
1880457402,60.75383811678778
1930229561,60.73710413164592
1932560435,60.72122961711797
1932541830,60.707874640273246
1433080745,60.707597013365955
1433551501,60.69647587736199
1879809534,60.64804519721836
1931017420,60.58322478977502
2499247473,60.56240578397026
1439486270,60.54830000517707
2091238614,60.53653289814636
2095376597,60.47374897089227
1432622324,60.455690197699866
1433467250,60.454057839912736
1434539925,60.45000163390895
1432665233,60.43321319146752
1879883942,60.4208712118432
1427764763,60.37733916254079
1933589542,60.33469697039694
1878585281,60.32597031586413
1880471021,60.322465763470156
2093974751,60.29736249177533
1879848164,60.29410973499241
1879912771,60.260470690724716
1427656354,60.25141471698978
1930986901,60.250843532410016
1929312651,60.247673147683436
2091276944,60.213211458634326
2499885020,60.20232693997966
2095448855,60.180857995413994
1932461857,60.17711558165453
2092827491,60.166127706911816
1434492385,60.16184643304101
1932618683,60.155744985691534
1932448843,60.1546388970725
1933524122,60.15427503012323
1427739495,60.1388009877046
1930203011,60.11689409148805
1932432055,60.1081920144456
1433035470,60.10746261158601
1427626355,60.10083706988405
1427717997,60.09938334762304
1930947445,60.074002413347515
1879851630,60.060740832642146
1879886572,60.059325211142955
2500127067,60.04842937108627
1434258320,60.034053965383194
2092024830,59.91946928843716
1929311842,59.888493924985674
1879818790,59.873156050971765
1433582030,59.818300585747885
1434746781,59.7819364653721
1434675640,59.780832657859214
2092841470,59.7575808565057
1433075185,59.68923512963628
1434629094,59.65091468388207
1433168190,59.645288115510624
2092817835,59.63495231660908
1434669562,59.59444841689629
1879778344,59.55382007507262
1433800261,59.466477235107995
1879176630,59.44237186072971
1433228373,59.41329426986817
1933543885,59.385980407850795
1434517001,59.35984967331599
1930939505,59.351826100314575
1879836104,59.31129999751574
1878582611,59.29520890728644
1434103644,59.26810373595304
1433653180,59.255388043895785
1427654367,59.24973576863189
1434386065,59.22651721579279
1930999183,59.19295984059802
1878595062,59.07418209631927
1433318045,59.05316886414939
2092880551,59.04019302884959
2500682831,59.036187754080025
1880514232,59.030596869354625
1434717900,59.012978261413174
1931674083,58.992120970131616
1434537702,58.93311870737582
1427764885,58.90828208901158
1879838604,58.88370883199083
1933493623,58.86580688801821
1930153433,58.783340834023925
2095464127,58.7732136848951
1439573153,58.741915988144505
1434419580,58.720909349761236
2500850970,58.71031013462421
1433533977,58.70021399529485
2093869002,58.69946313645073
1427793024,58.69481094227191
1879146695,58.602439805395925
1880476943,58.51050845291073
1427893767,58.50917315148559
1434655804,58.49124213355057
1934299441,58.489920831331624
1433571440,58.438810572238246
1879874592,58.395217098563805
1434555724,58.39247610537966
2093945821,58.384497019926485
1433136073,58.379455693898265
1931000225,58.27018355980426
2501392185,58.26323318544885
1434533667,58.25961517596964
1434538050,58.217813209999974
2096203173,58.20247100022878
1879882684,58.2013720203652
1427605041,58.19770266133773
2503895143,58.16154150736116
1930141311,58.15064232432899
1879146667,58.14992308975611
1933547367,58.12946453618845
1879833644,58.12772188512518
1427715021,58.07713512598994
1879883460,58.02574914203322
1879144144,57.947952936551246
1930247051,57.90019249360984
1880477453,57.88587453216331
2091239271,57.86055343035692
1879838455,57.817477989972474
1933552995,57.75068197838078
1931636617,57.73983300000453
1879135977,57.69360517843137
1879814304,57.66170917538158
1434682201,57.65600936361605
1931645105,57.62225196782456
1879899610,57.592122472756124
2499268953,57.58562475580059
1427827570,57.58081536501467
1932442933,57.511129057817
1433471552,57.5061383657234
2092776450,57.50068863268287
1432761741,57.47982874322334
1934324777,57.461594181284916
1434503647,57.457192473929304
1433642632,57.423993407125735
1439407052,57.37383873806395
2503580077,57.336186189040596
1879810531,57.3220771637758
1879127944,57.315407208641474
1427798572,57.298538864312185
1434675543,57.1955025360149
1931647455,57.18281908238509
1433510192,57.180178359068385
1933506795,57.12677120233675
1880530547,57.117603811512986
1433855575,57.08673332931221
1439534550,57.03297953857096
1879903644,56.99016169340789
1879152041,56.977279169079054
1434482170,56.92124159129175
1880511241,56.90557495679553
2095426313,56.904583480425025
1879162870,56.86107692402223
1434159320,56.82524269211704
1433128943,56.791233002504214
1427685475,56.75072733987285
1879795123,56.73441245262877
1879819712,56.72787312890661
1932468252,56.682554781665935
1879224927,56.68219070016986
1427616657,56.61559619566611
1934322592,56.613095457492946
1933529521,56.51883657768981
2092038660,56.50223616223527
1879811593,56.48031976518183
1932497395,56.464539542029485
1433300397,56.46209021720335
1879194397,56.41776426492243
1432641281,56.392356390195566
1932563445,56.374411737224385
1432633995,56.36949826807246
1433222831,56.360841488929424
1879833060,56.31670826940992
1879791924,56.29355275687884
1439433251,56.20534944159196
2499596257,56.18933700245969
1434037477,56.16992431162212
1879153037,56.143063738243654
1879134747,56.120801652704614
1879826700,56.079882622372004
1434346725,56.041902752665514
1433738334,56.035696246044495
1878589740,56.02522940011151
1931028312,56.0239205498713
1931006744,55.95691282286144
1879870634,55.926804535740274
2091201847,55.9219213911996
1931025653,55.900312050726825
1879890220,55.897643151674764
1879231743,55.891662984560114
2092805935,55.833147546148645
1933600954,55.81960522788968
1930241917,55.80532310190481
1433726903,55.771465577559866
1434527732,55.75444779909385
1932500973,55.738359305546794
1439558282,55.73333521445225
1434551585,55.70890713325415
1879773321,55.68176162994593
1880530643,55.59929325257929
1934298784,55.59267951310404
2502415547,55.563924009747865
2501775247,55.42560371472767
1434002060,55.42194598026497
1879244523,55.41329618563285
2093980440,55.306693935869546
1434139633,55.30037423552895
1930225521,55.20728821629126
2092000505,55.18632234987668
1427755310,55.18588888521677
1879900432,55.15289596757053
1930958202,55.14384697604699
1879783257,55.1404727535307
1930984042,55.134340359566515
1930148015,55.12632368533459
1879812475,55.11668964738357
1433406647,54.98396213635482
1433051460,54.97037282516604
1880513130,54.960443821722414
1932477583,54.955222091198905
1433558991,54.95266791915416
1434551502,54.70144334584601
2499680703,54.67104765859013
1878573973,54.59903716310905
1878592497,54.55714564680517
2499634662,54.52485775214519
1879905811,54.49608142714437
1432660452,54.485942414627665
1433188740,54.47294855010455
1427825320,54.41747181572324
1433068453,54.40953760056
1434204134,54.33663181580545
1930985693,54.30440254045615
1434043830,54.30241634046676
1434501485,54.284073473285794
1933511237,54.278591999055955
1434314877,54.23600300395396
2092844735,54.23448023931422
1439573570,54.2093900447444
1427635110,54.17514703902676
1427815721,54.15617666005192
2092783325,54.15439069838831
2502545480,54.10799105228088
1432871933,54.087791562602696
1439374924,54.077816028251846
1879858787,53.978724527888026
1432662141,53.967015387636124
2092974352,53.93525153823123
1879146145,53.9346016065554
2501797422,53.93147592805895
2092008882,53.92368476408165
2502393684,53.85147361338877
1930958893,53.79340482300241
1434640054,53.761790402257546
1434186564,53.75719891194512
1433539910,53.6774605265811
1879132813,53.64919024705467
1427598480,53.62404546601127
1878587037,53.570906297779345
1879131770,53.56762849418639
2095364133,53.49704160829559
2092944792,53.43084345804028
1879174481,53.34877982659781
1432866452,53.31546809008167
2095431923,53.27955249309158
1427603960,53.263569780474974
1932640877,53.23001949843532
2501517224,53.157434849856536
1879870725,53.1551875408078
2503318490,53.15072985064255
1427856044,53.129038912814266
1433247434,53.10091296184633
1934309293,53.08354963835157
1434266707,53.079314079951246
2091992141,53.07411734090873
2091275437,53.06742585462068
1932581550,53.04336439821191
1434514324,53.02561140583887
1439369912,53.010805665942236
1931020000,53.00906678710434
2501303245,52.983533739525136
1931003157,52.8875239428393
1434258574,52.86076998050524
1879203352,52.847004643328255
2092082117,52.82907730695973
2499301170,52.81146694016223
2500448414,52.76717073817698
1433654304,52.70595112504037
1427704773,52.69710370138267
1880446442,52.637185837011806
1433566070,52.63147907622815
2092942635,52.63116896330855
1880478810,52.62104832325855
1879169925,52.59359162746745
1879159552,52.5469432918975
1933532717,52.51429689306434
1879782977,52.40541363611905
2500232233,52.39767417681292
2503329080,52.30322839451232
2091182424,52.300334292298515
1931616044,52.297907444929976
1878592651,52.285309472061776
2093923390,52.24731160983534
1439368335,52.224031805101404
1432695027,52.13159235262522
1432635785,52.108206463752666
1930164693,52.09967857776488
1931670620,52.09348384087125
1439427684,52.06320973330108
1879870794,51.99994023371867
1433397405,51.99820344159407
2093857044,51.995646804514294
1434507223,51.92528601868268
2095391501,51.86153905110977
2503841962,51.84393367112266
1879824354,51.803081177810505
2093876511,51.771249122981644
2092806310,51.77107951537946
1439434345,51.76967189692767
1934319687,51.76540639893358
2092065834,51.761840658714334
1434366115,51.73565652331513
1931588713,51.72924299642112
1427886984,51.713375519837584
1427807683,51.70284567618621
1433162625,51.65681231058668
1879880930,51.6466788565009
1439518811,51.57361116553243
1433605720,51.55196813195646
1439398441,51.52007648380604
2091218615,51.51580528487334
1879840867,51.515161371470754
1439332807,51.499234031926264
2502136912,51.38132468211242
1933597771,51.363289014664254
2503282622,51.329720545559795
1933538050,51.32884497546134
1434470915,51.313748304993986
2094610225,51.27346900733114
1434694951,51.266593639803176
1433762481,51.12520536942698
1427601244,51.11744044209021
2092018555,51.116416877314236
1433223142,51.0727202554226
1434687935,51.04489425777221
2095378383,51.03806286084156
1879777144,51.02883099346304
1879217103,50.99797460925059
2092959707,50.98932731226342
1878579845,50.97986862385821
1880520660,50.973302186682794
1434720022,50.832658371926655
2499739313,50.79377212510551
1433485577,50.765857194373446
1432645435,50.698301865771654
1933567327,50.69627566066055
2092092917,50.68203844545819
1930217913,50.59208007282067
1434052213,50.518791455059144
1930184137,50.44819510050185
1932459677,50.43242410723106
2499206154,50.43058252655096
1433688270,50.40743759566701
1931617397,50.40103008151343
1433215493,50.31476543270296
2502212212,50.30671801331743
1427733180,50.29584408713491
2092915017,50.24562305724773
2092937727,50.23496156308351
1930955204,50.206913455577684
1433055292,50.20379378863496
1433323862,50.13611775783936
1434130427,50.12138464366991
2093987732,50.06050763106433
1931001827,50.043078003069134
1434053521,50.00077192692953
1879769781,49.992162699512555
2092834487,49.98482990131548
1880544120,49.95570998420802
2501734700,49.954621189298464
1932508897,49.916702131499406
2094620071,49.89743409586622
1434476403,49.883107384099006
1879171170,49.87206326075013
2502756675,49.80385387940784
1932455451,49.69663197474506
1880437881,49.68482260959147
1427722075,49.605133204521636
1433545233,49.580986175642124
2092769707,49.58011913921365
1427841315,49.57651978456845
1880542203,49.55770724588451
1932605322,49.51678133804068
1433546963,49.50727395979766
1930935051,49.476321617743515
1434636581,49.4607666051222
1434764827,49.43422034140987
2095349422,49.424194357240815
1879865887,49.31576682656461
1433386572,49.29800042725609
1434095305,49.23616463381571
1433365913,49.19071691691362
1880451972,49.18435565215075
1434495821,49.17101944081819
1879866267,49.170555865785865
1879232961,49.13815606336105
1879224677,49.133091175624635
1878589562,49.114366579397036
1434558484,49.0878303591218
1434700155,49.007493320569594
1427767664,49.00700816657374
2501594203,48.944389681874874
1879214721,48.94292749595331
1427718637,48.901670818677935
2503750192,48.86836026333409
1434339064,48.843133873868695
2501674540,48.82806151648001
2499553210,48.7790972549996
1432684464,48.762090415762685
1880531947,48.59935850419814
1931691981,48.55855717517721
1434342830,48.53213636199389
1427756644,48.529741536872855
1433472412,48.4696031968781
1879795645,48.38534426322858
1930165604,48.37869563469569
1432655664,48.28087118997082
2500988907,48.138378244143645
1434197362,48.12271251824995
2092040310,48.10729915912388
1932528487,48.09351800797009
1439386254,48.087193463611825
1433087902,48.07514079928438
1433645242,48.0707988525412
1432702731,48.04020760905313
1439435961,48.02359164629084
1879232284,47.95695203499461
2499257907,47.89074169284098
1432684130,47.87609987245033
1929307921,47.849156281331176
2092960804,47.81838884947571
1932493733,47.75099249676049
2503539557,47.70384125187091
1878600987,47.6657164059269
1432668761,47.653961158681724
2095379683,47.641756072241606
1878583133,47.60509781384671
2502449081,47.549384139455995
1933549103,47.488662101709
1930243812,47.446714255223014
1433849561,47.42717000444225
2091258122,47.28501757808842
1427723110,47.23819589861704
1433830517,47.158803224919176
1433789132,47.152840351940256
1929308107,47.13584160610834
1879888392,47.08909784436275
1879249461,47.0738685845114
2503254714,47.05313440025312
1434057295,46.92147476022853
2093962317,46.77436522203784
2093885885,46.67898058217917
2503772045,46.52733126661704
1879221370,46.47555269595826
2091220405,46.417772330543144
1433995350,46.32785462627301
1434339604,46.28768568340383
1433158862,46.25978144384487
1434044670,46.209419866767185
1432727987,46.14955115616924
1433105571,46.087198084201525
1432923947,46.03189885163467
1434727094,45.978449129633766
1434170697,45.926259442156145
1930253155,45.870933617263
1879774842,45.728204965018215
1879882645,45.68315228704114
1434364475,45.65475435949774
1433336350,45.5817183279305
1933585883,45.57938912710378
1439475123,45.544119891936816
2094669121,45.47751395631797
1879905425,45.437087307971005
1433557323,45.33398420755262
1931664044,45.27925267295342
1929317141,45.265663304031115
2095350585,45.20155835068426
1932596071,45.1684818019415
1427689630,45.16729873471979
1432914911,45.071471256424545
2501517245,45.01471537649172
1931595353,44.97557761296907
1433575931,44.8953831056141
1930249050,44.8242849116812
1879155741,44.66917559303089
1433973177,44.56289983042405
2502468280,44.43309211831565
1434256870,44.39438684937245
2503273750,44.2856995429157
1434563757,44.05003358963665
2092819941,44.0065014888375
1880526554,43.837153315909376
1879900895,43.70736996352278
1434101723,43.70242244192324
1879792804,43.70046928064409
1879128247,43.635840087883835
1932479042,43.61536547314026
2093955261,43.58658686519435
2502736185,43.57083541749577
1432921335,43.508798306830464
1931598421,43.41021079463271
2096226943,43.15540254438119
1433797363,43.1433276579158
2095355697,42.77457332908441
2502991524,42.76007431566268
2092781801,42.7206485647057
1879132970,42.68960031744143
1932512560,42.64861765723791
1433596734,42.587627134963874
1432847273,42.578660354165415
1434223700,42.53252438792314
1932482165,42.44958054240253
2503101385,42.427456724728266
1439563882,42.39389405910284
2092066125,42.358111865570734
1427624332,42.27071991688269
2092832394,42.25474556267028
1433215263,42.24182362721146
1434492110,42.2249178682365
1434210211,42.21696252481324
2095445444,42.16431704682414
1433640483,42.04057047659893
2095362260,41.921650521047034
1931007435,41.68837871546091
1433706647,41.64622308840685
1439545517,41.50094333537314
1934321753,41.45852546516888
1879901184,41.4417136769573
1427654820,41.29248483884718
2096217024,41.26101670542964
1439337172,41.11816052020924
1427727480,41.08887611569225
1879796834,41.00224670668555
2092857993,40.99882362756254
1879200495,40.979893671903135
1879788453,40.79654482813718
2092043451,40.684916107606924
2500972744,40.67364303341794
1878576484,40.60468272823358
2502402680,40.53359379784298
2091239674,40.49730637340357
1932527695,40.371824411150875
1434221621,40.35762624052928
1433201810,40.227478015614224
1433472964,40.05184810184841
1433440645,39.80517427329416
2092020381,39.74979279610739
1433012600,39.44177787275894
1879187112,39.355134488462085
2092790137,39.272979040367225
1879776943,39.20079324520528
1433387177,39.19373864277113
1878583483,38.821523979032925
1879865537,38.785013726140335
1932595365,38.74262656871598
2500277503,38.63986394778686
1880529565,38.50218269661711
1433567930,38.461790864132716
1433725465,38.427092332236654
2503143945,38.42620147055414
2503489135,38.35537281869867
1880456560,38.13491792697403
2092773250,37.82864217155862
1433263533,37.633307385883406
2502571032,37.37662465275084
2096253264,37.25292623834314
2502073357,37.19481234075247
1879798434,37.05026009407463
1432976944,36.86253369624727
2502248875,36.42895161870214
1930950261,36.3746553194555
2093899587,36.176868721842354
1434370320,36.11283287378906
2092055271,36.01543592306157
2092818977,35.9903561443341
1879241163,35.97289661918549
2501592432,35.952452615829856
1434386092,35.87600515321465
1934324013,35.629758538271915
1439526984,35.497358207779925
2092016123,34.78603449119307
2094675495,34.47947374906608
1433057320,34.21805010297486
1439440182,33.56141430571151
2095400833,33.4948627810646
1880494727,33.22273616712374
1879862297,33.11130568769965
2092919360,32.91719480039558
2503191945,32.82677301244626
2092814124,32.60370747915131
1878588223,32.366561210959226
1427617877,32.31150159342458
1433575607,32.01884802601094
2503779085,31.99419421915146
2092934223,31.82428855762349
1930929842,31.809623929092652
1434533641,31.643235283480294
1432938931,31.637532624061773
1433818842,31.400475716323317
2503886211,31.184588638230583
1434371363,31.007162008510715
2500605093,30.84064769819813
2094615401,30.822489080645973
1931622005,30.79887125004934
2499823914,30.494335015993116
2095456105,30.227060598922222
2096260444,29.95363934558473
1432659420,29.575817274605463
1434301724,29.434341020563807
1433416121,29.392837973739557
2500440344,27.891553136127673
2501664181,27.122565545392806
1433464033,26.96946818912281
2092881510,26.810371311820766
2092775787,26.794050699572825
1880509394,26.76973817902552
1878587655,26.226501991050647
2095354125,25.665521771593603
1930950275,24.254068822978663
2501601853,23.09895382612852
1879201087,23.053203143525465
1930149375,22.676848109185112
2503547500,21.8186330097098
1879244590,20.73356737982707
2501706055,19.388996083422
1933503670,17.48567612228971
2091197467,16.72225537026131
2091966230,16.55308938200071
2503296557,15.499183328786525
2092820933,5.623582973864983
