user count in community:283
Topic id:9,Representation:0.42673046610162296
userid,score
2093029484,13.408897164586152
2092013684,13.30330628912843
1879217541,13.23930674435197
2499226970,13.214966872829049
2500484523,12.930091926928514
2094599573,12.807950449258186
2095391127,12.79608119712264
2093026527,12.770630476690904
1933592775,12.739158579273823
2094668761,12.724473554445701
2095369707,12.632729736072193
2501731774,12.599388638308438
2093065220,12.360565111893067
1880440000,12.292341309194594
1930938322,12.28344772539786
2502171990,12.19303370164492
2499615414,12.179034145401433
2501892500,12.149726186067925
1879152325,12.14041689541734
2501109061,12.13319010867825
2093088532,12.088315345725807
2093898101,12.053944358925081
2094672994,11.972675625171162
2503531854,11.971958807837447
1930162875,11.954589384092403
2092856594,11.922626178267647
1879801480,11.910299739456644
2503153094,11.891155318342243
2500213593,11.854646045190874
2499456874,11.853877228578908
1879844964,11.81545472002021
2499344254,11.762037856823431
2500246047,11.74532908758203
2499535077,11.634533260069409
1433562390,11.61495022223598
2501907660,11.595045553756526
2092768680,11.5829639844046
2092888355,11.570173818903129
2500133562,11.536526365297986
1930993645,11.45993238435229
2501401463,11.430345690607192
2091209265,11.42894172375602
1879126043,11.362801422258691
2502885067,11.349903346342822
2093023272,11.343894929085208
2503148300,11.338783638155085
2499342081,11.33531619524432
2092779621,11.295997767086845
2501156425,11.277891348386863
2501294401,11.27638013881733
2501965535,11.266817776662288
1930210082,11.259165826155636
2092872161,11.201960752639415
2503118924,11.189722731325027
1929316091,11.185105459845952
2094670997,11.175362104644478
2499414084,11.10327845185904
2501867474,11.102153073940894
2503528500,11.0869427161567
2501643441,11.084530921582557
2092783520,11.05086684110754
2094622710,11.04867714266626
1931005652,11.003730717953784
1930153455,10.994640102523135
2501279374,10.993497036197045
2503381524,10.970767926959356
2499316972,10.92854812171523
2501478571,10.921991684330454
1434004434,10.920973655108181
2094587154,10.918124562245527
2499393440,10.882807156710134
2500635473,10.842250213002027
2093863125,10.822039368470904
1434199920,10.807723837195727
2500106844,10.801904551754085
2503045734,10.753240108025798
2092864617,10.7412359467118
2499310494,10.741179791586976
2502451370,10.708747658127846
2501764160,10.670401482252142
2501316021,10.666269504126959
2501479774,10.591941796557814
2093086990,10.525847235009387
2092873123,10.450637681906498
1879905001,10.444770377087973
2502040583,10.42400371541818
2499858797,10.379869634550522
2499606560,10.318713242551011
2093023170,10.280092486033968
2093028187,10.261407405258037
2092815477,10.235964931611338
2503742070,10.196995686629812
2502358664,10.173535917081706
1930227130,10.171251488297772
2092006114,10.123580540278613
1879833574,10.102391763990381
2499682364,10.097235496150267
2092880697,10.0310644224506
1879779900,9.984939438532802
2502844741,9.893960829353404
1930150954,9.869464311581343
2499552123,9.867860507023394
2092040984,9.859926004397137
1930227184,9.838790338771977
2091253151,9.764050878112375
2093075872,9.747163239878342
2503346140,9.713852659781052
2499704044,9.708045239424441
2502054707,9.704448117946246
2502590442,9.695937089615809
2501905410,9.66133060320644
2500157837,9.655430122429351
2503181727,9.654891676989092
2499530091,9.653994861792274
2503638252,9.645775444040162
2501853565,9.581446481984695
1432651341,9.557402018513507
2499345390,9.498683658738752
2499885794,9.483401627101346
1879236991,9.464159107761796
1934313531,9.46368127861713
2499252035,9.455973286279821
2092082593,9.445162047447242
2501049334,9.42969352030293
2091961202,9.389749282573318
2501898923,9.367168824408187
2502849382,9.33944644418544
2501791630,9.324347590209507
2499270867,9.317224309184335
2503465050,9.301487096429495
2501235352,9.282731180136567
2502114942,9.263393945137613
2503158854,9.236330421985869
2502698673,9.231516843923504
2503725854,9.224979214582218
1931661027,9.222594390592525
2500414825,9.194001061053898
1879791831,9.189371204934623
2499470433,9.186714564504683
1433710197,9.18574710078291
2503924824,9.139423542661655
2092882033,9.12909288979374
1932646293,9.128649774306217
2501726255,9.123815321860402
1933501874,9.116357372462224
2501305902,9.091678654553832
1932438440,9.091590815461219
2501207730,9.063596973671922
2502425540,9.062835503504257
2499720697,9.059729701347903
1432924181,9.035107247891565
2502998941,9.031252572948445
1879788582,9.02912931377178
2502682142,9.027818617472406
2499671352,9.00841038284537
1878592084,8.974832419833739
2501971577,8.95061887342731
2501326697,8.891944702416666
1433107491,8.876120768640485
2501414641,8.857697921727846
2499393542,8.855801644212338
2499802202,8.837301612175624
1434669560,8.794585089401469
1427808664,8.786496944782842
2503272264,8.782219637943756
2499470951,8.781638780224947
1879231473,8.777757969023245
2502634473,8.772960510930767
2501387574,8.759502242314392
1931013474,8.742047536360154
1880503662,8.676860232378058
2503215500,8.647485288875952
1879826575,8.621714436927864
2092970334,8.595743001542496
2503779132,8.595132798707983
2499282703,8.593844271682567
2500342187,8.589717922182487
2091991225,8.582342654350594
2501721060,8.574388415954129
2503792674,8.567886730539536
1931635682,8.533786767886363
2499319227,8.522436365425794
1929309083,8.505563904316698
2502987530,8.502088534137789
2503636432,8.477316846153489
2501268972,8.468005699407499
2499633757,8.450386668670097
1931643635,8.44125482558245
2500774710,8.428606247019593
2499639367,8.406151606313584
2503617072,8.405644657179918
2501904833,8.390033774516812
1427659827,8.379667066255841
1878599031,8.348027731794097
2503257965,8.34081904570962
2503766167,8.332538642617788
2499357373,8.272188415127054
2093930581,8.25979219074518
2502217292,8.255280146841512
2502802233,8.247520789159609
2499718954,8.237062606087271
2500410693,8.205813464446868
2503113282,8.186678572559353
2095425472,8.150544892503103
2501512930,8.148062461553534
2503260092,8.139953966255481
2502219574,8.12079659400597
1932525581,8.118408736432373
1879782090,8.11059961047237
2092021475,8.066786911799078
1439332734,8.064945547512991
2500304223,8.046289471471757
2502238784,7.91307138914947
1879801654,7.8684578096767375
2093951330,7.815016118000856
2501252125,7.788899429075535
1879784700,7.768207827920123
2501198700,7.7138772900324115
2502492422,7.641822756276508
1930224904,7.589714859306608
2501761580,7.587645925911272
2499389062,7.563352028199804
1439606430,7.486002133177005
2503026234,7.4337335660956985
2501599092,7.399952380813905
1434618870,7.396653961701099
2502915650,7.3094306650181275
2091258130,7.291782242079002
2502320960,7.261251612513752
2091189351,7.235782857109062
1433228131,7.181479959728667
1433485943,7.132426424132709
2503472355,7.106568199059565
2502875953,7.070952077972684
2091190291,7.069817569193649
2500409523,7.0150963699914195
2095397813,7.010209779797071
1879124215,6.960593533389034
1880519110,6.955041674854923
2094550217,6.954885556023454
2092035373,6.952913353029458
1879238355,6.926332155490277
1930968163,6.89204576857268
1933514080,6.867385746701344
2499798530,6.778886651061385
2499735083,6.774409121783513
1930169244,6.762363039934011
2092771564,6.761774092006866
2500710612,6.7102912853529695
1930198433,6.632386326906472
2502356982,6.587107765822066
2091963553,6.494330728742993
2092020535,6.444862053484849
2501665430,6.409006995334987
1879238252,6.405383783054561
1427842945,6.37486264048638
2503215820,6.336813680289495
2502092437,6.329312050023052
2093862715,6.297569632183264
2501901683,6.129603604106252
1930991543,5.935586725597371
2503451410,5.919752475818372
2502314702,5.763624899114122
1879167575,5.724334280371795
1427648447,5.7145305920620135
2502450323,5.543183312616266
2094608093,5.508018736175558
1933512572,5.490429648926842
2093025897,5.231145987063944
2095468603,5.187365663170278
2500157893,5.165523992124696
2501598150,5.115054109910127
2095419411,5.053101153048952
1931679390,4.804749091435799
2502188240,4.768872907489119
2503582314,4.504111075489541
1433531634,4.428800372318375
2502552852,4.4235738181286175
1434155354,4.305573650819639
1930937671,3.990839736770067
2503172652,3.5402066248954016
1427827193,-1.5668963303197974
1933504091,-2.165822354050064
