user count in community:1055
Topic id:1,Representation:0.3259207234465095
Topic id:7,Representation:0.48673014858332675
userid,score
2093080013,108.27085095145759
2093011210,108.00656239871662
1880483700,107.46400329184395
2502313740,107.1018026800923
1879161280,107.04765969794941
2095392243,106.90545203758245
1930992352,106.87463196311552
2095352751,106.84165963541037
2092858435,106.82878363764053
1879791133,106.66478980889931
1880495650,106.6268358502941
2501661824,106.57602483260673
1930940603,106.53420017487093
1879202085,106.52164336313923
2095412565,106.38625730031887
2502291050,106.28731504470157
2092937533,105.94629683312627
2499291103,105.9436383995689
2503076984,105.86840116998181
2093064853,105.80923836095765
1879811890,105.63831921877909
2092752310,105.4934076425425
1434350237,105.46495707874293
1880454443,105.412000953794
1434474163,105.14883913385358
2501471075,105.10876522511387
2499257222,104.85737529524141
1879237145,104.85009334170806
2499531205,104.79654763311058
1931686503,104.74885929777277
2092777021,104.62772325746766
2500102042,104.56050501565588
1932457174,104.4498569354019
2499762194,104.44522445652288
2091210382,104.4372184910055
1433697001,104.28476793698617
2092848397,104.2771067087262
2500243340,104.19079977689097
2499525472,104.11456431770154
2499543057,104.10919166492918
1879206022,104.09074872950826
1427864823,104.00321521194475
2091961791,103.95968800064111
1427652811,103.95474794358095
1432640924,103.93355040770658
2501802401,103.92088224807513
1932510763,103.90316687086698
1880443787,103.83046372015089
1879843095,103.79538167928203
1880526177,103.77957212284728
2093086613,103.76653851772156
1434432584,103.75433840484541
2501728871,103.50787319146187
1434452880,103.46660653219409
1878603877,103.44737469974051
2502332847,103.2838611485929
2092954843,103.26250036333258
1434383341,103.22802953755011
2502245990,103.16473061132757
1433991732,103.15011540257639
1879237643,103.09522344828568
2096208345,103.04105705472537
1433546934,103.0406834870545
1879888110,102.99118264384856
2500465907,102.9722045424129
2091973117,102.94339840657919
2499238983,102.92961395161365
2095352311,102.92377393361133
2503456083,102.90883970106759
1930940280,102.89381846400786
1879248523,102.88172095041112
1934297007,102.86999811198798
2092874561,102.85770165068192
2501761493,102.85106200220042
2502326242,102.85021936889021
1930168374,102.81967150392077
1878595471,102.80943463263718
2092912684,102.72051667652306
1880511635,102.71095028816991
1930152301,102.70792992017353
2499458864,102.70451631607602
2092761487,102.62955746670463
2095422875,102.54852253333783
1879243697,102.53933304422384
1931636420,102.42717877171403
2501937211,102.4040470628318
1929303183,102.4001093965311
1930979633,102.34969845670246
2502676583,102.24540122002274
1427772923,102.24444268981941
1879796645,102.23418193554836
1879156917,102.20056201728273
1879811650,102.19729265310475
2503922830,102.17014528861559
1879807244,102.16620200050812
1879125695,102.15477569760924
1932440190,102.12712859819158
2091201120,102.05842595539548
1879152944,102.05053604012329
1879176623,102.02368845977949
2501820991,102.008551017196
2503374124,101.98227082199881
1929315913,101.96184942962202
2093060064,101.90634279679618
2501979142,101.85726290478291
2091188353,101.83680309575796
2092928521,101.82109651238221
2500848271,101.80366974387945
2499382070,101.79869956589617
1930954015,101.73386841524749
1931617462,101.68616557544416
1433199633,101.6552966463801
1880427754,101.64777870138147
2503362361,101.57676669145448
2499588640,101.45622991302292
2501456512,101.42937188387319
2501355724,101.37113103167522
2091199193,101.37082446616546
2501886724,101.3673639737492
1878587053,101.35950329809795
1930231971,101.34043379743224
2499488215,101.23187837557577
1879154971,101.23092438041445
1932489561,101.18605757507382
2500390413,101.12676833621751
2094564307,101.11012212363802
2503382911,101.08298804228595
2500869874,101.06749115088493
1879800233,101.03247804064833
1880478483,101.00694984372285
1934319970,100.99729401352721
2092878885,100.98221892001233
1879811465,100.95838214431072
2095433443,100.92767489020025
1932476351,100.90889115078272
2500744904,100.87414198314954
1879143971,100.81596233533656
1880531015,100.76274048365403
1879836814,100.74450159990761
1432959657,100.66311545225636
1933518550,100.62662666967762
1880508490,100.59782816648202
1434094101,100.50121519711335
2501599404,100.46310964405039
1933494805,100.45767806254993
2503554092,100.28352986694955
2503692947,100.27443739349023
1879208903,100.19529948133476
1930937403,100.19498757365348
2501016970,100.18435355466852
2503371853,100.134738825943
1880473641,100.12035023603455
1879836837,100.10151849617574
2092019875,100.01467093474918
1931001041,99.92454955971107
1879182725,99.90968210482768
1880479131,99.84892748944469
2502318014,99.84187101776249
2091975120,99.83322559980441
2501843601,99.82380625441097
2501216275,99.8195961880886
1931001297,99.80812119796845
1932556122,99.57660409142726
1932563855,99.489645106324
2502469740,99.42880243927416
1433733834,99.2583809292318
2093981553,99.24230725992524
1434068273,99.16141171580396
2095394617,99.09071325460991
2502277934,99.08293647665592
2503626107,99.08103224532321
1931691327,98.96578797298685
2501800415,98.95791506003576
1878580747,98.95321887412103
2091957401,98.94909832023151
1930989237,98.92740297802865
2501450034,98.92078078056142
1880527951,98.91354843023373
1933494711,98.89146991505581
1879149390,98.88086627348883
1434339160,98.8469937452698
1932505457,98.80294760584658
1879207707,98.67084021497789
1434471061,98.65953051377801
1930247677,98.52306540076131
2502339012,98.51732071214309
2499826432,98.47760847382366
1930203205,98.4544932943694
2499833534,98.42808435034803
1878601002,98.4227797471627
1879909085,98.35435956357381
2502481820,98.3466964848476
1432845141,98.33967652633021
1434531197,98.3036239925805
1880481975,98.23566013449775
1932438022,98.17954211140149
1931607622,98.14594685060425
2501311230,98.13619396125809
2499299800,98.10735931992049
1932541354,98.09268960293005
2502183104,98.05477926417376
2093088457,98.01962053203428
1439377233,98.0063588517828
1931588940,97.93508594158585
1933549545,97.9292880494946
1879891071,97.89090810625954
2501686583,97.84784645811858
1933564375,97.84091303484652
1879172691,97.83124772063078
2502125320,97.7944323186307
2499416981,97.79347727995219
2502802372,97.78629650109903
1933516751,97.66844131980835
2092082737,97.55617746039502
2499552207,97.5172328541308
1880490001,97.49454447491648
1879858492,97.40660996440269
1879154335,97.37013787390136
1879190432,97.3609476489643
2502858837,97.30666131418934
1434278044,97.30011117801698
2095467261,97.29052512360516
1879808712,97.26902293650015
1433219630,97.17970082242793
2503743230,97.17534348771954
2501209115,97.15336741317293
1931588942,97.12056379440273
1932629821,97.07655542871102
1879795681,96.9736031710827
1879889052,96.93982997407181
2092766250,96.91260996131658
1934306281,96.89737770959557
2499576032,96.85883971259389
2095451137,96.83557251308012
2503747972,96.82972173165894
2499308242,96.7858484284845
2501098453,96.72334735571681
2094643294,96.66808018891598
2502980641,96.64963039546882
1931633804,96.60684606710859
2503632677,96.59200096722594
1930148543,96.5860591607462
2503700332,96.5810308306094
1931689215,96.53237612790826
2502636654,96.53107303577099
2503887320,96.51410771201014
2502823810,96.47587302579376
2094558563,96.47527027198709
2500362523,96.46564734868578
1930148935,96.45422008097594
2501149074,96.4096705197913
2092080263,96.39384229285486
1434636037,96.38906734850644
2092926813,96.38468913341445
2502932442,96.32682891813015
2499249480,96.30092438438405
2500221872,96.2706967946357
2500900994,96.22264564371851
2500289660,96.17657084688662
2503187830,96.13623242560834
2501854321,96.12660629657036
2093053971,96.10590995663551
2092948962,96.07374818441866
2093049863,96.0236405962348
1932573783,96.00162334920603
2094597364,95.99380984228489
2501094995,95.98280509526798
2094687982,95.96554049454801
1879147434,95.7907254516918
2499283287,95.6573792132974
1931020402,95.63742008012268
1879149213,95.6278950868427
2092931571,95.61925751993066
1433467521,95.59039098955365
2093946140,95.4439201912109
1879826951,95.40900200179075
1880504634,95.40130841884942
2502267942,95.3617203198944
2501447114,95.36012914659209
2096222302,95.33753613262968
1434384562,95.33171721997036
2500838150,95.29272006389644
1930973711,95.27719063596254
1433063880,95.12918741389905
1932591405,95.12064083458861
2095392045,95.09269934688271
2095399191,95.03414197322982
1880468610,94.98495961236803
1879149283,94.97331225872384
1433101515,94.94312331021766
1879156897,94.86389173875763
2501120651,94.79036549974644
2092894141,94.78220993757014
2091273977,94.76454797783954
1879831903,94.7589893539382
2503774534,94.65958685964351
1879863864,94.64509080103554
1434206133,94.62533168474835
1932490153,94.60453002536764
2503151560,94.53098298059305
2499581512,94.52378050611772
1880509377,94.339315292699
2093074877,94.26310733095005
1433936424,94.24085566769364
2092866367,94.2064680148932
2500612951,94.17171362485382
2096236307,94.0555515790238
1930928765,94.03029311284365
1879886464,93.98800854264258
1933579024,93.98599698848463
2092776380,93.98153449424416
1878603172,93.94251192764037
2502208634,93.87962497841511
1879773570,93.85475500319257
2501621443,93.85358604829082
2503506700,93.8106191348711
1879135213,93.75118388063935
2094684312,93.62360536689118
1879176952,93.61429383832467
2501409150,93.59937485779014
2502887135,93.57433958941499
2502296224,93.55900897503744
2502146201,93.54823710534666
2095409650,93.52039464955607
2091951267,93.4301871604158
1931594537,93.42610279397783
2501241902,93.40949734156439
1879877182,93.34892848705377
1879214795,93.33217328151362
2500433831,93.26239343968352
1932611027,93.19443992488485
1879792694,93.1770775240377
1879202681,93.14596280765748
1879243184,93.13707063128645
2501296824,93.11246994384987
1432707775,93.08730450559787
2499225637,93.05283417441345
2501780115,93.0441043060101
1879865350,93.03419878118706
2501008205,93.0249858214519
2503605217,92.8623698123705
2501015290,92.82103789027607
2502432240,92.767179344498
1930246051,92.56709780493831
2503778574,92.53826470112413
2092860551,92.53149135544098
1879813337,92.49313897318135
1930961914,92.49075328165215
2091237282,92.47583828142541
1930150194,92.44920179556686
1439321142,92.41191443120483
1879157904,92.40203669439114
1433025417,92.3931735861128
1930986841,92.38134771807614
1880483995,92.33156407704124
1879189223,92.31762332086713
2091262507,92.28840672316755
2500327027,92.27577302307176
1879179333,92.27358877918161
1880476520,92.20501604374125
2093960770,92.16534699110557
2502723321,92.16210015902321
2092895481,92.11903800816823
1433442071,92.10371259999505
2092908945,92.08079399109866
1434508174,92.07040850510805
1931025780,92.05732759628353
2503638610,92.02579620299937
2499247044,92.00301086575766
1931600081,91.94446083207092
1930174271,91.93524260262548
2094686062,91.885180907127
1931012001,91.88024333028609
2501573564,91.86787919112527
2503427920,91.82307244765514
1933585211,91.80300934038618
1433859440,91.6956390437035
1433755423,91.63368008635778
1427816602,91.57485071665539
1880439310,91.57176913018576
2502042364,91.54724702666661
2091194191,91.53021809297863
1878597701,91.51290880072739
2091988012,91.4694908012372
2091949710,91.42833685014534
2500453793,91.40680440603208
1933521451,91.37383666026543
2501412210,91.3721858529293
2502397084,91.29714257423296
1930973980,91.17726034305906
1933555950,91.15236380812944
1879833267,91.12332715306167
1932627120,91.11706963399142
1931640135,91.10945777300492
1930940712,91.0805581268092
2501690062,91.04567626715311
1932639853,91.03509902120413
1433603200,91.02729582897908
1931610084,91.01943277868418
2503768161,91.00771562474375
1930966252,90.98288863621676
1932606413,90.94099090056329
1930984701,90.9072267310992
1879911255,90.87495909733198
1879169507,90.84448655406314
2093042550,90.83665599756183
1880456647,90.82643846253274
1880490507,90.64445832391766
1931028313,90.62186153440265
2094552514,90.61547877850793
2093085411,90.59879823636572
2501722000,90.59826294523269
1433452523,90.57836858517487
2502403510,90.54435171787091
1879794502,90.5257209649385
1879214501,90.4950407852636
1930200207,90.48170693038311
2502386213,90.40931905133993
2092026415,90.40194515715291
1930229253,90.39142874791104
2503373132,90.38480991439155
1934319462,90.38024262423993
2501716040,90.3164769346514
2094623015,90.31283254194359
2502529801,90.29616778366795
2501169814,90.28483973561454
2499205031,90.28091850099621
1878582487,90.20904282807427
1427784422,90.20670624871393
1879894710,90.15955568239761
2500746960,90.09633120138751
2503380831,90.09088184985411
1434197324,90.08828596291342
1879773543,90.07502042913575
2503346200,89.98468668249043
1931665035,89.9224319837995
1932461261,89.90956605606573
2501835781,89.8733988603049
1932622561,89.81026186521551
2091977392,89.80933044865805
2091278312,89.8044263398315
2503534702,89.69571758175044
2499605735,89.68065267021059
2096271871,89.63010266155914
2091982721,89.59959146385864
1932514924,89.55323662395853
2094584945,89.5150969849833
1930976787,89.51302548545242
1879178187,89.46334493342657
1879800564,89.40874386412591
2091223811,89.36266398187635
2093967565,89.35748742301871
1930975947,89.31522797568296
2501063052,89.27979011352429
1930192312,89.13819041709343
1432637681,89.12451738366664
2502617040,89.0641744161878
1432715841,89.06363419360201
2503549720,89.0146689117802
2092997547,88.99263903829737
1434250440,88.98650839697777
2094582137,88.96899576586085
1439482372,88.8933548589763
2502282840,88.88951462159774
2503315264,88.87208855374375
1930249271,88.83704083113466
1879786804,88.81256151140863
1427722133,88.80978171548912
2092773853,88.79260225933898
2092076503,88.77317470718432
1879815904,88.76217629200356
1432603415,88.75650070485689
2092860614,88.70858890103783
2094549637,88.68147346133975
1879776741,88.6750650988304
2499223451,88.59773116919911
1439659294,88.57702828198164
2501044013,88.53620510822472
2092800062,88.50584732013759
2503916172,88.49594995417122
1879782824,88.47370431659101
2091230624,88.4649940687558
2499296120,88.45048703408717
2499206293,88.44142465743836
2503872484,88.43542546063044
2499396915,88.36172867388882
2092892851,88.35818747845668
2093940160,88.26576973831979
1433430875,88.21219622118969
2502113181,88.17299322938888
2499499890,87.99860470383827
1434601634,87.88048923231207
1932653744,87.8604513392953
2091268024,87.7794143858711
1879780590,87.76782551876161
1932623811,87.7622289121367
2503722825,87.71019582578893
2092842911,87.69720955620139
2503786723,87.68724322783707
1879835704,87.60450533193988
2091246440,87.59272534158632
1433144307,87.51590215319935
2502105703,87.4533415934919
1879881134,87.44924849238586
2503655660,87.42537598678828
1879855724,87.37419050525239
2503892845,87.24983550433771
2501155181,87.24363546657754
2094632982,87.22811940285783
1933575795,87.22625020350532
2502636050,87.21819106883964
2093876592,87.16476987587129
2502943682,87.1140412754752
2501957217,86.98335517096339
2501503601,86.96972838536873
2093977123,86.9062697874973
1930197052,86.88595484996165
1930968441,86.88344323307012
2499371070,86.84146373452691
1879793953,86.7854981863116
2502781272,86.7398573964164
2502265414,86.73346507027742
2092896782,86.72985408270064
1932612563,86.72143934632078
1930954477,86.61312830085012
1434162980,86.5827608332565
1931006080,86.46652935111496
2096227567,86.40553635809562
1879222605,86.39910545756196
1934303325,86.35024184314388
1930945727,86.34069303805899
2091947402,86.29054698216387
2501040175,86.16460943379428
2501230707,86.12440858233475
2502159035,86.1203034260021
1930949107,86.10769688244959
2092907515,86.05051137119464
2499818804,85.9999005288255
2500793294,85.86668768717945
1879903312,85.84634942009367
2096279842,85.63166494217583
1930241843,85.55076349854122
1879232271,85.48139783907087
1930969434,85.45670052853404
2093042637,85.4179315541925
2092895213,85.39688903620703
2499716555,85.33888859067109
2499284220,85.3214677390023
1933600554,85.23645645792095
1880526614,85.19520130074581
2092836372,85.17806527671004
1878584235,85.0720882284702
2503034700,84.91315001940119
1434304104,84.86925050716485
1879832213,84.85415933809256
2095492575,84.83097033723853
2502401707,84.77166747033696
2093943622,84.62151262786813
2502267454,84.59801233629575
2092080070,84.57918303041879
2503129437,84.45206035121254
2503573112,84.37230381088285
2093960557,84.36781452915574
1433630363,84.33782746908084
2499230603,84.31058849060865
2501745474,84.28088555813021
2502542662,84.23025038912533
2500265754,84.1006017596896
1880536181,84.0297412761911
2091271224,84.0182136541957
2503570454,83.97864565583588
1879829071,83.86986183440932
2500916855,83.76623711234573
2503862154,83.68144494701774
1879823660,83.64802969751715
2503523992,83.62369101932657
1879839430,83.57388647092313
2092934154,83.56234336526583
2095439572,83.39298654748416
2500399293,83.22941644228932
2095368807,83.17567156423274
1932608894,83.01511803182451
1879130510,82.98853198270578
1931643017,82.9381980093408
1433781027,82.89527578697492
2094584252,82.84993352079812
1879775944,82.82175494036612
1433871525,82.82104323558345
1930933573,82.79677673201786
2502775600,82.77626188530012
2501404785,82.72072183242554
1879791237,82.6779654784886
2502582172,82.66217260922835
1879146547,82.64601650762921
1932567225,82.6223197448006
1879780801,82.60645494648395
2502636935,82.48019792831786
2501326262,82.42525758642005
1879823803,82.33413354806021
2502130954,82.15154996840133
2091188577,82.07319941069804
2502319740,81.98344627592533
1933561165,81.97677217946642
1879802412,81.9580696306442
2502123624,81.93051777740038
2091253857,81.82136554025323
2093911237,81.77260163127433
2503564650,81.76656018797235
1932582351,81.76591601780336
1932483774,81.722332087397
1931617017,81.71402596184458
1879825524,81.64696276738691
1439514351,81.58782457090663
1879227840,81.58682500589792
2096253487,81.55870931522875
2094616831,81.54341404809045
1879822001,81.4853505505136
1878601460,81.40553682078078
2502292901,81.30257639223139
2092932582,81.25347140986234
1879178394,81.21629455070749
1427595804,81.20404173943155
1931656005,81.05394177324685
1879787050,81.0240227680214
2502110792,80.93831153093747
2093858032,80.7773015796705
1931608954,80.77641755745981
1930180330,80.76721200196128
1433277003,80.683199123486
1931589363,80.6260218654746
2095350227,80.6242944605026
2092007703,80.60587509775723
2503025170,80.53331448491026
2502107004,80.4920335730123
2502286981,80.40681739128516
1879224101,80.39550389826776
1932519405,80.3918344190838
2499330552,80.38616724677065
1879207954,80.14481804636358
2500266087,80.12927956797513
2503819890,80.08517947705815
1932499717,80.01970498864705
1879842813,80.0114805860203
2092965332,79.92841120675038
2499434797,79.86747990381528
2502581142,79.82310772962123
1930216045,79.68563265849502
1931616884,79.65136357868744
2093009913,79.60397789684058
2096271540,79.6038883861423
2094616277,79.54638176797623
2499729902,79.46423936941719
2502376575,79.40728906126375
2499302703,79.2530875549559
2500972741,79.22395471652831
1931664417,79.21992492389283
2500640503,79.17202917757778
2093922924,79.02967304864394
1880452565,78.96767835345636
2503779154,78.88915427965331
2499305347,78.80947562524788
1879150732,78.64712140536612
1878592094,78.52908285960068
2501643600,78.52222619728835
2092786760,78.35803627020525
1930197437,78.29007926569483
1433263520,78.11364037950159
1433177945,78.10292030147775
1930959933,78.0422401123427
1879847007,78.02127921358807
2499500162,77.92929622356253
2093001787,77.91448862430629
2092902047,77.77665699783776
1931608607,77.65156715010619
1433313887,77.59029832031507
1933587081,77.52909303527834
1880533182,77.52732090672694
2500736950,77.52106358802462
1933569752,77.51558738950192
2501677534,77.45900311045486
2503718010,77.35049018204174
2091186777,77.34210932760728
2503320787,77.34095161275397
2094649620,77.15439403010377
1932535815,77.05886687877342
2095416015,77.05178985084538
2092973252,76.98492819350541
2091225392,76.95880113427054
2092990864,76.92206217656567
1879842480,76.84984279990587
2501499373,76.79228453458713
2501163810,76.75166841592193
1879842675,76.6888674295425
2503261852,76.68705705758916
1879845685,76.67902798271135
1930939077,76.63893133124668
2501876944,76.60517842356691
2092886003,76.49048383673328
1934298653,76.28368615906615
2503608270,76.15660899437594
2501143594,76.09123644951646
2499591744,76.05417340105899
2093956967,75.94951796474467
2502093972,75.77568764004687
2502617454,75.68814239978727
2091981662,75.6564232993232
2502246510,75.61586592112555
1878596164,75.60421655527017
1434760937,75.53053231342066
2503197992,75.51680212407865
1433271214,75.37580889082226
1433881343,75.16908399707742
1879795914,75.1378059744527
2499655397,75.13309456368665
2094669691,75.05205052331553
2499828202,74.90404179837896
1879814690,74.87100689625893
2503052112,74.73748938205865
2503921877,74.73403157078077
2500150361,74.6579939691646
1932634055,74.65440784317136
2092993380,74.55990096741536
2500561363,74.49090430737495
2503876297,74.40490379467363
1931630260,74.3853694254675
1878586150,74.36517121650672
2503869741,74.27230111020087
1879850674,74.1914150754854
2499772990,74.18259922188138
2499441582,74.16962529919823
2095382143,74.16600989422616
2503244174,74.09489146163004
2501775000,74.06991006725487
1934302351,74.03022443712491
1880513295,73.98807812923224
2501183215,73.89459011271849
2502502294,73.76424201463117
2094656613,73.64831255712949
1878597327,73.62273975579807
2501418171,73.58119096145418
2501197010,73.56847726823221
1930960880,73.50998769330357
1932531327,73.4453911132666
2092038522,73.36768526902546
1932472671,73.28451487462878
2500253524,73.24262670149518
1930166677,73.24013996377981
2501276130,73.17582527693696
2092032733,73.16365991379486
2501287882,73.14168774085441
2502308657,73.09933261502248
2503702802,73.06353457164116
2499655133,73.05561272701168
1879822264,73.04428099190099
2503242567,73.03024735748814
1934303255,72.96968917394842
1930946377,72.7536499699722
1879840945,72.68086580465553
2091997783,72.6372502600178
1879244284,72.62224098311572
2093945075,72.54336167860654
2502287237,72.53272324770342
1434293665,72.42582780594094
2092080571,72.41147765425815
2502505582,72.38172888312297
1932651147,72.34753149054177
1930991267,72.31622801590817
2501320055,72.29995608167869
2500809400,72.29955301857693
1932460174,72.26929189329064
1932555224,72.15875339023357
2500895150,72.11617200521421
2094612804,72.07515150969141
1879823771,71.9943411846634
1933492860,71.92001339111584
1879853294,71.84658819834063
1931641962,71.80591442384889
2503275000,71.71207298654787
1880518571,71.70094373494807
1880483660,71.67933687267677
2502635175,71.54191193550292
2503653185,71.5067255689037
2094668963,71.4810469047828
1879798201,71.4635537976983
1879211333,71.45518108392022
1878589487,71.30238520062571
2499255770,71.29389173238394
2093057597,71.22394910140511
2092918933,71.1757601258098
1933493590,71.17002655737723
2499712482,71.14315086153384
2502520590,71.12632344353538
1930954185,71.02469817205944
2499313540,70.85546880761035
1931625055,70.7146350839461
1433714624,70.68484695813416
2502838235,70.57212816112296
1439358383,70.55658865191307
2093937187,70.50213079288342
2501987473,70.36286178091414
1932568195,70.31567000129765
2096230544,70.29596822161176
2503006452,70.26090877296
2093943574,70.24966189269514
2501065732,70.06827222332613
1439375154,70.05114940697936
1433352803,69.854266047164
1880517807,69.75400672003718
1932504094,69.74280237112829
2502096030,69.70251599634935
1879895723,69.67559229205779
2093918845,69.64788496201865
2502528323,69.63259150244953
2503368450,69.61351851575047
2095444641,69.55065885573592
1931658407,69.49714525594067
2093923470,69.45698436879451
2093010643,69.38007774045886
1879847252,69.28176282082508
2501573705,69.23169752127413
2091186947,69.08935611862259
2093896111,69.07687171905884
1932506461,69.06627847939417
2094633064,68.94969448237912
2500219720,68.93684118226676
1433061381,68.8410447161903
1427705930,68.63850406489773
1932463507,68.58485028619508
2095336380,68.3888321381061
2503056204,68.3849790596482
2500202283,68.37692171079222
2502217212,68.3356375692003
2501788375,68.22144303554558
1439334713,68.20595919675641
1930212161,68.01545210436781
2502694877,67.96859818513765
1434597257,67.929965709779
1433378440,67.85026543473631
1879855563,67.8175346024556
1930147935,67.79288122783525
2096268040,67.78391837688189
1930993880,67.5623362462497
1932545561,67.48909804642003
2503826374,67.47891716915929
2095398655,67.47779471156386
2093072843,67.44247158269371
1931672455,67.38170281007592
2503744012,67.37392870206341
1879224335,67.34500230288877
1932566195,67.00600729075123
2500829670,66.86013546361448
1879163794,66.73687053221559
2501095202,66.61926903138868
2502501430,66.59214452990624
1879887370,66.55751689529495
2503009400,66.31637663692086
2503931750,65.88111596333687
2502459502,65.83226266817186
2501226367,65.80110971128727
2503273580,65.76243852491054
1930934351,65.64424133897619
1434687635,65.44564248009345
2503100674,65.410613617911
1427732714,65.36630467908388
1879177281,65.2813299510695
2503500327,65.2533061088557
1433466075,65.22890923618147
1879800210,65.12813111903574
2502129845,65.02989538012
1879217553,64.96519059957166
1933523414,64.95861128631145
2503833490,64.92078607429211
1931022664,64.84414359478319
2500980572,64.80991784422275
2093866991,64.7860254121388
1880495803,64.73797997735058
2500371823,64.65728026009215
2092840745,64.41005590936322
2092853552,64.24560901725837
1879866257,64.23985636824952
1879171031,64.19805830986368
1933501107,64.16992363392464
1931679275,64.15634972118171
2500325924,64.14796735237529
2503538754,64.12842553433865
2501199145,64.09968078791083
2093856124,64.07342260122489
1879181184,64.06621606620207
2091950073,63.848781354894655
1879159263,63.777118852589766
1879149223,63.7624446827401
2095365654,63.734069740641786
1931021600,63.48400246060266
1427839717,63.4371789277329
1934300257,63.078148281652076
1879859474,63.00457291069047
1434222243,63.00151270645084
2094634993,62.97599058091464
2095485540,62.792537953404036
2092887923,62.580935360343574
1878584871,62.25732194006433
2095429141,62.21147488606381
1932534517,62.17653678493491
2093005667,62.0723983839922
1933570641,61.93130747955172
1879175273,61.82235174466055
1880533831,61.75732169678829
2503584952,61.72559315824121
1932582531,61.724930247376925
2499370034,61.65661667051673
2503588050,61.642697276827846
2092091040,61.621522910744034
2503707324,61.533020843662364
2095422180,61.4911348372502
1433589300,61.41436882571956
1427611500,61.38593953022982
2093929672,61.31876168813751
2091197315,61.18757558936419
2500102190,61.18424939956015
2501729072,60.88071704263345
2499802124,60.8758600228339
1930136852,60.73551703129044
1931594822,60.67227952305247
2092058544,60.52915620424196
1433703774,60.5047828775766
2095340617,60.41314021636496
2499489561,60.41194510642269
2092799007,60.16694208806794
1879771185,60.08818111580992
1880488002,60.03259782657965
1434235361,60.02683288975874
1933555542,60.01276031647003
1433523485,59.7630944270887
1880488220,59.6952084983311
2093969754,59.62727209832438
2499645960,59.57602411146131
2501052531,59.461373525441786
2092856014,59.44117605248864
2095370287,59.355550444054685
2501692424,59.32203538305339
2501244800,58.81618332102636
1879902430,58.79921055278632
1930201942,58.77279980821896
2501819262,58.67290330727353
2092064384,58.67071785593555
1879138233,58.37821033510636
2501883342,58.272420850489766
2501651352,58.183392354620466
2092817663,58.00888963776709
2092806583,57.98464857980116
2503793365,57.98055465681033
2092922593,57.87814836897245
2501575212,57.680500955273054
2501969041,57.577158872568994
1427602581,57.49905140084266
2093011495,57.4431423848583
2500103064,57.226774889531285
2091180663,57.16448287505486
1931637655,56.770122700510626
2503160971,56.69865319927274
1434221201,56.681904240806034
2095358872,56.65946003950579
2500174963,56.65137245312272
2503439794,56.58001520462912
2503442302,56.558610832915335
1432633344,56.38038328269832
1933581352,56.25543235658144
1931649310,56.129332463648765
2503719523,56.11386821831329
1879138491,56.050545121024854
2092060795,56.029414177521886
1930939857,56.02273989497488
2502367164,55.729645720677695
1439411820,55.666836321706654
2503404540,55.53171063592518
1879906943,55.50592262781073
2499624740,55.411941142292285
2501652962,55.34146837208438
1880448233,55.25072167416212
1931003510,55.22584150258847
2499667832,55.119770735702126
2094576674,54.99057974341321
2500296344,54.92224987970328
1880545253,54.07228054807858
2500212595,53.87421380213417
2503125171,53.4471608099276
2503096674,53.435241085125995
2503419273,53.371250087221355
2093866724,53.17823942236787
2502510802,52.948648827709675
2503770674,52.67578057812287
1879835164,52.583254550908556
1879183745,52.459316037969344
2093905673,52.40565896140332
2094672883,52.32562329079309
2500293600,52.3193197617046
2499244132,52.20119344247114
2095482085,51.906090185776854
2095434701,51.83956219133143
1433958992,51.82922286598486
2503665651,51.81002873571791
1934307945,51.29253250781895
2091186867,51.278628268222576
1930207455,51.1631944356059
2499405205,50.90737644406515
1930964653,50.69372702913352
2501409181,50.57668115363009
2094621957,50.38972810983403
2501240590,50.1669387232712
2092922107,49.94599295992748
1930172982,49.75598390637916
1932600585,49.699061950442754
1879164957,49.66817148162008
2502792727,49.57899110151637
1434204871,49.37708879820998
2096259373,49.20374803916917
1879889037,48.98205924126657
1932468557,48.7525642241053
2091224802,47.68296548188188
1930950830,47.52493775982771
2093946341,47.09672679318427
1930998551,46.48001775517419
2499259304,46.22516577972334
2091990522,45.792044259114896
2092922897,45.430006353232216
2503114182,45.32921201008461
1432823653,45.24492038820225
2503031734,45.0096696774418
2503396477,44.786754585353584
2503345752,44.56608104606001
1879858124,42.727287227486144
1930195303,41.84555553200835
1427820455,41.3840878948985
1433177313,41.008172922573266
2092925813,40.58437767002886
2499689664,40.38028168324667
2500948187,40.238653705267204
2095341063,39.976143486961284
1931642065,39.25251760157795
2502035962,39.14881426753557
2095384984,38.81708891671232
2501089503,38.57291087145285
2093053935,37.96129493496804
2095413893,35.29445139594102
1930142043,33.675545359970954
1933530140,33.35734394510705
1932614251,30.648284437854347
1932629640,29.40681993371861
2502490110,29.12456978585297
2502214953,27.188017123426498
1932540173,25.09454871922116
2092842645,17.020071163381736
2501621927,12.195292474568564
1434387020,-3.214116729629297
1439408447,-4.361769562082078
