user count in community:321
Topic id:1,Representation:0.24743422848569777
userid,score
2093089440,6.312838158594895
2501840167,6.288350775538527
2092760521,6.276936630049286
2501330450,6.249839732896003
2502932734,6.245621780060773
1880543673,6.243602735104465
1930195061,6.222344909353357
2093889411,6.213814343632475
2502154014,6.205577613609965
1931589695,6.17737069937498
2502976484,6.173105787372327
2501409341,6.156017261745691
2500735704,6.153920889904582
2499630991,6.131965582190729
2502367794,6.131875866466346
2502374653,6.1148139516304445
2499273574,6.112770746033475
1427801217,6.102091483205076
1433678592,6.093568865367671
2500241810,6.0864907857638775
2502484850,6.076748877359667
2091962437,6.071793545665594
2500370072,6.065024442054095
1931617953,6.049004249465761
2499385204,6.0408814054735585
2502116391,6.029725446792738
2499623642,6.0232107326359055
2503361553,6.010417541241348
1879246662,6.008784109823994
1879891652,6.00174112522423
1931008895,5.994730920674883
2500642921,5.988980217956741
2499276040,5.985971687656951
2092857225,5.977466471405604
1433294104,5.9734241511786585
2093056013,5.968615959843646
1931659025,5.9535133639946185
2502448472,5.9440173119773645
2501743942,5.940619750078922
2501062180,5.930787577307648
2499597587,5.9225126132609525
2503671800,5.914496769269732
2092756445,5.9113795089386905
2502261835,5.886601076264181
2091253811,5.886018172184175
2502344812,5.875646487400585
2091963713,5.8684687860413565
1879195423,5.864390603387425
1930182193,5.850128057379897
2091949285,5.847333049044627
1878586892,5.8445973865247085
1879794645,5.840652215442304
1930150663,5.8262704452753935
2500125562,5.82475409982553
2095398862,5.824364832583092
1879141267,5.821420303521682
1931018942,5.816583983273959
2501495104,5.816477297306908
1434587547,5.812695100748685
2094624744,5.798912593894038
1929304783,5.785866125511389
2499568820,5.781526793440261
1433121964,5.781165211488276
2502383232,5.773586806946158
2503491790,5.767676512712712
2499301005,5.765322834355503
2502150940,5.764087249839905
2501214202,5.742354567946785
2503283747,5.742154882670774
1931623927,5.741970552159035
2502484114,5.732319486022976
1880517155,5.707931692264014
2499636982,5.702643890287177
2094636912,5.701652631832949
2502609604,5.699660673243967
2502212964,5.684110411446706
2502695253,5.681567925348008
2095468132,5.674250437673725
1930247330,5.672896640770473
2503168190,5.622196443243762
1433281792,5.614880180106735
2503101400,5.593902667213906
2502018237,5.587585030628377
2501834312,5.581239205784279
2501625731,5.580438195375949
2502282900,5.575950793223144
2500344960,5.574655994653927
2092877171,5.572758049598441
2501365061,5.5564335642349825
1432895617,5.543727174192428
1880514172,5.53958665130009
1879777241,5.537821859308426
2094604660,5.53679723992472
2499511232,5.53370093460886
2499367001,5.532045741845493
1878583253,5.531735781332512
2502208162,5.516843769344555
1931666125,5.508398521698298
2092051533,5.49357433464622
2093930480,5.488927570889459
1879826574,5.471286313559538
2501995297,5.47059812084879
2502957240,5.4493930985411465
2093010572,5.448702037795113
1879151463,5.44142676028823
1433320585,5.429480437977159
1879217220,5.397923109294439
1930156655,5.393706179991807
1879823955,5.386532394035368
1879149994,5.378548364460869
1879199300,5.371187465598598
2501702960,5.366423890922988
1932604581,5.3480027400768355
1434397371,5.344868219577069
2502206924,5.338487226809489
1434434673,5.337629460282243
1931646097,5.337230846367481
2499487050,5.330273454345357
2092809433,5.30683600544607
2094628125,5.301093859572137
1879137877,5.299268507604227
2502035333,5.2926581191621285
1879865277,5.292077146638979
1879234541,5.291514504519461
2094677051,5.288581484986868
1931645613,5.288500994639645
2502445865,5.287055607140834
1879856732,5.266085933793137
2502524632,5.262062520149781
2092902691,5.258383382044998
2499233225,5.243869020957474
1931690022,5.241947166245256
1880520612,5.19980398991836
1930179660,5.178687853561714
2092016803,5.15533083355818
2501742310,5.142701998570957
2499406734,5.139648001816038
2501601321,5.136897317203126
1879897133,5.133159855335881
2096270973,5.121981149745015
2503409892,5.12152555295769
2501233962,5.10724726268322
2091284584,5.101637065969211
2096270713,5.086425607703635
2500270590,5.074445541241639
1930930335,5.071663905914047
2499256983,5.058101266199123
1933506255,5.048943810963165
1434634947,5.023160979332264
1932529823,5.0206795377138835
2501951010,5.020328134143912
1433471714,5.0186649959997
2499205004,5.011846463701822
1932571975,5.0110992055514725
2096246144,5.007262060588406
2502584224,5.00325771933798
2501179192,5.002884003316889
2503891514,5.000016356919003
2500674190,4.998828037963294
2094578173,4.986396422848629
1930957921,4.9860332423943605
2091194817,4.983946501732869
2092085424,4.979997159036975
1931650313,4.97325026511437
1932580917,4.968484760966905
2499706644,4.960504632408221
2499658284,4.948820956398781
1879166473,4.944456313448924
2501417192,4.93164268807053
2501547482,4.9193171882674935
1879901180,4.913835280766321
1931594057,4.9085281094419955
1933503461,4.880648509271772
2502196083,4.879237521398629
1931638677,4.87327659865608
2093878710,4.839072584821177
1879768950,4.836212632280468
2502260081,4.833196664193871
2502098144,4.780100864207385
2502045177,4.776061362434877
2093035280,4.766516152678854
1879213657,4.765674252841937
1433267413,4.749531010527982
2501678964,4.747033916370663
2095364637,4.725890271636333
2499760704,4.7230969119215525
2503376934,4.717634376209051
2503075752,4.717450396469136
2502270430,4.693711308700359
2503257202,4.693471062510096
1933526775,4.692965267372104
1879843694,4.689372745393411
2503276922,4.681949949495112
2501419345,4.679520419961793
1933536007,4.669200573416527
2499462271,4.6602592720529525
1929313851,4.642270100688801
2500235942,4.639252061437546
2091229994,4.638549448045104
1879903732,4.562256024744134
2501423727,4.560163088104484
2502014644,4.559622569718222
2095459650,4.5382008808212335
2093897572,4.5346604306200105
2503549912,4.518360044180361
2501452932,4.490506037466122
1930156457,4.485788556780946
1930198115,4.483899795838537
2503706070,4.453432609603707
1434304963,4.441723402335361
2502735804,4.421699493239402
2503127092,4.410881856426078
2092006852,4.408375475962155
2499886517,4.398188971093496
2501868970,4.383918147769646
2092954041,4.378868989538371
2500597742,4.368973646367124
2499894410,4.366393717309692
1931001532,4.363630762571885
1434238083,4.362383061898673
1930161347,4.359735532807463
2501409934,4.329749097607978
1879895110,4.309590280728745
2502789243,4.28886213238359
2501060657,4.28885648299385
2500271721,4.280724208220507
1932576243,4.262096418193064
2499229015,4.260035649553662
1879194297,4.258399143806794
2500202173,4.255271662210644
2501315301,4.236321617054662
2091246527,4.220383584518954
2092782931,4.210908606433203
2093000111,4.206905539701522
1929314135,4.193137823395056
2503262324,4.1902211638912235
2502954552,4.154835007846409
2095365674,4.15246916124791
2094559110,4.141111950625736
2092852711,4.137725091262934
2499248263,4.1107340809268935
2499255871,4.080411133831844
2095336313,4.069427987841854
1879132110,4.046698150531249
1930983777,4.000890705090884
1930977571,3.998947745098869
2095440244,3.9870893635610103
2096199184,3.971361133290834
2093085227,3.961747412790248
1934294445,3.960957078592063
2091271790,3.933899024406533
2503048671,3.928819387400796
1880534100,3.9029950309489445
1930195414,3.8828446713379856
2503607053,3.8822535508539247
2502013235,3.8804934516108247
2500253040,3.8700857704585716
1879773915,3.8651969501646777
2499313213,3.849938661111278
1930158277,3.812425751317166
2502247592,3.8001512302273373
1879822355,3.79373879745043
2501655165,3.7931830697984403
1929310631,3.7871333267280725
1931639887,3.786139430931964
2096237952,3.783373725702169
1879802973,3.755577979626982
2501358252,3.7480319195627234
1880465640,3.7303889554692296
2499806932,3.722429671054789
2093906944,3.7030580189094655
1879151613,3.695468709445475
1880489702,3.683442301462288
1931664345,3.670675047540521
2499672211,3.638608610913543
1933510172,3.6215805876551053
2502164570,3.5809929165659504
2501465580,3.539525372443002
2092076237,3.5200732137634367
1933589672,3.486434611073715
2502109890,3.4858821368071893
1879246941,3.479551865711064
2499223904,3.4691624582871943
2501876201,3.456243060088777
1879242762,3.4049326226879826
2093908291,3.394507109868598
2503883795,3.308995631641984
1930228604,3.2792123280557743
2501532360,3.2098428800121637
2091223454,3.167695162259261
2500230182,3.147998631923465
2503785175,3.089318561418158
2091184385,3.0857004951856455
1933585575,3.070804334125104
2500532595,3.0277687365904757
1879247017,3.017336548658565
2095403957,3.0160096102738683
2092893471,3.0115105892161957
1931595517,2.99132122410949
2499257642,2.9891408138659106
2092016511,2.943023280868949
2502467922,2.938708193447526
2502781277,2.9350949318126194
2501008625,2.9252734169140924
2094562654,2.9200425502408813
2093889797,2.9122466153454587
2091974890,2.8542544950811255
2501775670,2.8005151558591383
1933520017,2.7445212599605022
2502949832,2.6076883123826593
2093904494,2.594134205136843
1934320773,2.5407941254430946
2503167024,2.2314130043730347
1930220275,2.171514630275691
2502353354,2.052590811375558
2095365521,1.959447904177735
2502397640,1.9114452560275366
2503420091,1.3246396752877105
1432689460,1.1146548085880061
2500238875,0.9357602228434717
2092092363,0.834930474341411
