user count in community:732
Topic id:1,Representation:0.5347222553468907
Topic id:4,Representation:0.3328080696514043
userid,score
2500625945,101.43243630123054
2500173540,101.02431101654543
2500742460,100.9499440446662
2093940752,100.8275470590495
1879159204,100.77017448186015
2500884924,100.73193796814655
1931645525,100.61447769689838
2503801560,100.56660412156516
2093954281,100.56146929445046
2503595342,100.5510848521282
1931589911,100.54757329624161
2093881132,100.54750531548157
2499398920,100.54534895477666
1930993521,100.52889377346588
1933520211,100.44056651032132
1879886022,100.42569227352647
1933550210,100.30878249963702
1880447343,100.27953854153571
2096226142,100.06034015483236
2503781934,99.95357469335627
1931664742,99.8497631807228
2501903510,99.78246174771127
2499699754,99.66844462487965
1934298125,99.42270286632201
1931692911,99.30859236452045
1930159475,99.29669924723443
1933539125,99.22845393241722
1934319377,99.22655290232558
2096235440,99.21082864039084
2092041250,99.17434766303492
1931644244,99.038603309271
2092037064,99.03665310216385
2500112881,99.02498027306673
2091246095,98.95723630653143
1933555927,98.86831931712275
1930160965,98.83499389710416
1879810977,98.68793726924582
1880441747,98.55393845851238
1930987564,98.55047923870224
1433177705,98.54138122515702
1880496792,98.48794847277101
2093853084,98.31667919538812
1931016713,98.3035360057838
2499631990,98.27393284433766
2499227700,98.26557412386445
2499313470,98.23863531863975
2499419362,98.16628478743785
1933545592,98.14867820719007
1931692703,98.11390061691225
2501192554,98.10926827573124
1933551953,98.05228334392972
2092023305,98.01373475392614
1879779734,97.99525411281054
1879782177,97.99105080296724
1932521605,97.97727541437676
1434181010,97.9736682769882
1931597402,97.96007333412844
1930164563,97.81216710135568
2502018002,97.7944110645347
1931600284,97.7864521760247
1932537842,97.73433851861773
2503624493,97.665369164249
1932512871,97.6026028659615
2500134894,97.58441575023846
1931013371,97.56668108749274
2092088124,97.55197077004648
1931007300,97.52654995880403
1931013615,97.42766945744125
1879248705,97.39195063858526
1933591622,97.37817173213611
1879837335,97.3475461501427
2094615725,97.32001545179122
1880435071,97.28313381175593
2092002471,97.12162040559048
2501105680,97.01484526933424
1879158780,96.97294243380287
1934310327,96.96296309798932
1931653523,96.93422747729913
2502495632,96.79963953941025
1879124404,96.76982419184982
1933543481,96.75038307347002
2091961241,96.73797000650431
2499678904,96.70796515808085
1879819834,96.67385355591531
1879141082,96.66494397139618
1879226900,96.62983080506827
2499762930,96.59153158348707
2502946162,96.58783264925114
2502655892,96.54151523618133
2093950825,96.51220580853752
1933516382,96.50276302589978
2502174845,96.48556095215467
2499859982,96.4787867630685
1932501041,96.47037108297634
1933535043,96.46613339577877
2500541797,96.30550251442801
2094578404,96.29114183093748
1879232687,96.26477381407081
2502909394,96.25913421619835
2093874080,96.24046058036411
2499680563,96.21819871549084
1931603433,96.17282478654573
2501097014,96.05651279204974
2499571614,96.01535955126334
1932544055,96.01114636378307
2502967742,96.00274489505135
2093882975,96.00165627919498
1931631517,95.99423177836155
1439661151,95.94842143103746
1434067313,95.91382925902704
1879132341,95.8855052344257
1879794433,95.8646017759769
2499312354,95.86191767690299
1931588945,95.84498333516908
1879152354,95.82487373788484
1930138105,95.75033414257366
2501598005,95.72888871888796
1932465142,95.70942572474027
1878603672,95.70688989845375
1880541534,95.66507131609595
1932451173,95.62790265229073
1933552577,95.60921922080598
1933536933,95.60207116690174
1434607403,95.58329384905028
1432700083,95.57698117773624
2501320521,95.56575363483873
1880438737,95.56425263540609
2499627434,95.56393794831794
1930933862,95.49580984639036
1930185800,95.46392757420391
2500261152,95.46309832757206
1880483383,95.444570023119
2091980637,95.43176045712977
2501976375,95.38897417340266
2096246351,95.35583711505676
2091225601,95.34384837656513
1879145304,95.34221457837107
2094648494,95.32151325405042
2092900830,95.31489409979386
1878600102,95.29085918936937
2500919280,95.28483359895364
2501506624,95.24200459976106
2092843623,95.23544570396518
2092870902,95.19642395787764
2500864964,95.18700335381395
1880438121,95.18353321013521
2091196781,95.18179200404194
1879787132,95.18095985916864
2502455647,95.17666747525328
1433650865,95.16095998462755
1930170917,95.13948656556038
2499278381,95.13440945585506
2503004920,95.13289064471323
2500192753,95.12183273843735
2092035125,95.1026845691772
2503037367,95.05884797525256
1930988207,95.05175603407595
1879144040,94.94241201095227
1433147821,94.93161178768678
2092983405,94.87744945727944
2093037167,94.8398882101414
2092766434,94.81198538753307
1879131951,94.76710098906511
2091979883,94.73369296843892
2503885802,94.71529693452557
2092799887,94.56252943072829
2502125414,94.48679848576765
2500289942,94.48051829893312
1930969647,94.4317501686408
1930178401,94.40182971103253
1930946052,94.39293826538054
2092845101,94.39100737622363
1930961223,94.36009616531805
1930251763,94.34458327834808
1930228875,94.34261529889667
1878593253,94.31550319568649
2499558370,94.29758649126809
1879140955,94.18802876310468
2091185112,94.17097255353535
1931695465,94.15575273976036
1930943517,94.13225960634864
2092009734,94.10586685814644
1932480673,94.10559679297018
2093058563,94.09814358984067
2503418130,94.09011392527368
1879866594,94.0800088621763
2502212842,94.07740022486617
1931651651,94.04714867989512
1880515873,93.9924288732806
2499396327,93.92865048550965
1930208400,93.89655621223116
2499292994,93.86224128986372
2091195882,93.73634190074276
1932493351,93.70983468118723
1931695724,93.6417761491472
1879223355,93.61592159780533
2092998467,93.59195994846746
2500249442,93.58350075304278
1878585863,93.50401312391006
1930955110,93.49334364977751
1931635160,93.49249035283191
1930229084,93.47667160184005
2093014960,93.4746706603393
2092983305,93.45840763394452
2096210800,93.4302394326138
1930184022,93.42023223711027
2501023050,93.3962052796662
1879809500,93.39028857722579
1880518952,93.38902863081239
1879165642,93.35984684429131
1930215441,93.33848131171641
1880505410,93.32660265773828
1931005191,93.32128384399383
1880476692,93.22266102616472
1931006501,93.21841806055701
1931007301,93.20565352004871
1879821341,93.0928572875059
1931637965,93.08350816175961
2503316200,93.05210227213544
1933580592,93.00431192621494
2501467152,92.96954060898804
1930190333,92.96429645392323
2500636463,92.96374484673638
2092834967,92.96229923805214
1879885270,92.9437103549738
1931017850,92.92172799876406
1879190683,92.89068308116678
1433297062,92.82020418944822
1880500922,92.69766870548314
1879783334,92.6587783470051
2091254467,92.64417235980065
1879128591,92.63487783680318
1931007702,92.62797407474484
1880495980,92.62007600720248
1930993201,92.59961697213156
1433582422,92.56702111240358
2502798614,92.54801507282117
1433773952,92.49795437103549
2092880315,92.49653033586391
2501739170,92.48208758012922
2092980850,92.47553888914808
2091187603,92.40717221660046
2095416123,92.40465521769006
1879185201,92.34005524008865
1930941090,92.30458799463663
1930964107,92.21280693692849
2091955683,92.2091169462147
2501387331,92.17442886773264
1931668753,92.12692896645248
2095450703,92.11014556724491
1879187927,92.0266328592044
2503825925,92.02080010585632
1880482667,92.02032970564443
2500981702,92.01754917561787
2503730944,92.00878833412749
2092759867,91.93404919347607
1929305094,91.87324109303873
2503875614,91.807907111743
1879206624,91.76681390744618
1878575957,91.73933013327066
2502280120,91.71845257585373
1434707841,91.70816618738876
2501079954,91.6884965159051
1879833773,91.64765833446822
1878589902,91.58319832659326
1880453730,91.51228638330593
1930187045,91.50957318711332
2091247595,91.44947941053931
1930986447,91.37485106063832
2096233354,91.36322726249375
1879130027,91.31957748821388
2502151372,91.31145499705407
2500562923,91.28558305184485
1930185404,91.26077238209822
1930962165,91.25788923110578
2501783424,91.2457914528291
2502254232,91.24005723453512
2503068864,91.22332775693275
1930999725,91.18695388670167
1878581697,91.180114583945
2091288401,91.17261003936105
1433350923,91.14747653127388
2092004764,91.13218862648522
1933529773,91.12226337416573
2502510552,91.06909727482704
1933546087,91.056718210951
1880455751,91.05039851478072
2091256597,91.04942144572438
1879906982,91.01299074169535
1439621463,90.8875704104185
2499327250,90.8875630964633
2093048603,90.73645180002698
2501733850,90.64551408265837
1932515814,90.62997242130808
1932528183,90.54987425997822
1933505705,90.53046548987443
1934307022,90.45796869960363
2503922437,90.44817135022774
1932487255,90.43037109766347
2502248924,90.42564667612564
1933504941,90.39847243548041
1879159682,90.38152464709593
1433346464,90.33193268451708
2501822534,90.32521757931974
1933514340,90.3240492671583
1879216820,90.32362799379167
1880495581,90.28975139935237
1880512234,90.28585422420146
2499449840,90.18585150226751
2091261983,90.11603836310128
2502485223,90.10096224383568
1933549537,90.07591241308502
2094670660,90.07582940050236
1931665515,90.03328106184107
2095419604,90.01167470760703
2093975642,89.99107137855854
1879787604,89.97075679109214
1932591132,89.96977726781259
1879160037,89.9377855494042
2092866564,89.92688615593399
1879824254,89.88132870958668
1930986005,89.85901204613789
2501801972,89.77539041977737
1930182033,89.75563997469287
2093890502,89.62848497310836
1930233795,89.58657817917155
1879140324,89.56770100480325
1931695010,89.51833990037792
2500845182,89.4311800905172
2094643512,89.42808647327065
1931676901,89.33701550714001
2501807622,89.21803213604943
1879829054,89.21226822321324
1930168055,89.19280167894588
2095397854,89.14447177533555
1932489642,89.14120100286335
2093875633,89.05933410878612
1930200275,89.04718542922609
2503347380,89.02869506985145
2501749652,89.02349725783665
1932433070,88.93976599847886
1434000117,88.93491823365723
1879167284,88.82292720849446
1879893372,88.78462238815504
2093883721,88.77629194037866
1933503817,88.68810944514325
2499689910,88.62095701451517
2094693872,88.54303550813833
1930963487,88.48319329818419
2092786855,88.43453333137649
2503317670,88.29946873654694
1931643607,88.27556319479206
2500102300,88.26043601940276
1880483890,88.25884531597977
1930179873,88.20855822012625
2502550090,88.20252401207594
2093853430,88.14953137050631
2500269110,88.10285406668615
2499480615,88.08425985846105
1931625193,88.06930580718472
2501849684,88.01557107772166
1931687151,87.98642804199103
1931682197,87.97653737691019
2091217625,87.93688141997879
1880445802,87.91030545665024
1879241347,87.88750298185607
1879135974,87.83036486902276
2094639977,87.82758670864641
2503738814,87.80405969697028
2502519273,87.77814576896203
2091268201,87.77329811498016
2091240091,87.67875148036603
2503721670,87.65869406294803
1432622982,87.62952909466637
2499852404,87.62241778231682
2501360132,87.60856493585356
2502400832,87.6001703478606
1879910222,87.53435064183657
2500386357,87.5167598222343
2091190935,87.49945537585076
2092080231,87.44790385948369
1931631153,87.42748001201876
2499283687,87.40774034826775
1879778215,87.31128923393194
1880532340,87.29484826668818
2500857874,87.27053269382169
1933525284,87.25750527080038
2092843825,87.25319445267903
2501647282,87.12246957412812
2499331600,87.12037651486249
1434320270,86.84291199831182
1432612943,86.71942720615495
1879850912,86.69059724830919
2499727654,86.66062919388455
2501438970,86.65530850102624
1934316595,86.47120358170517
1880495925,86.42882951396376
2502850787,86.41714653416791
2092040421,86.41370122316228
2502955270,86.31154177152747
1879788654,86.2693438478771
2091955927,86.26469078488913
2501247791,86.25218543933963
1880476214,86.21194214482985
1439559653,86.1026529687123
1879828145,86.02279170284694
1879144233,86.01662723754426
2501396690,85.96544286737345
1878600095,85.9286900429336
1934324004,85.89444169400926
1931695922,85.78885800674635
2093953313,85.77400358008654
1933502711,85.73849248623347
1932637481,85.68206062259421
1879217884,85.6644318032766
1932481025,85.66399003088583
1878603930,85.64668170164111
1433449762,85.57694513263831
2502462454,85.54927478677551
1878600022,85.4964767035129
1931022071,85.48625753211998
1930937163,85.44217703755344
2500961214,85.42681853477495
2091963181,85.42079490827913
1879868954,85.32088326642052
2091202082,85.30639936563554
2503756910,85.23916026666646
1879128362,85.21780972566467
1433770634,85.1715159672797
2091257375,85.16556888687543
1439508610,85.14860844673694
2092836400,85.10685874320426
1432615223,84.96108004307746
2094692403,84.9578686693038
2501372450,84.91208556716208
1930245924,84.89763056067531
2499269440,84.8379709553332
2092014043,84.82105820247467
1880479014,84.7791434375035
1930192287,84.69341846269927
1879199765,84.67515813445513
1433730670,84.62486493110983
1933499583,84.61553822200759
2095488680,84.25086612151867
1880501860,84.24469161873198
2501639274,84.10852892649729
2502026574,84.07939506697556
2501164590,84.03144332423344
2500395267,84.00214276380481
2096192761,83.9178053565957
2092797045,83.87989677009884
1880471322,83.83133979674939
1880482500,83.80922809901091
1930201665,83.76248432377483
2501973681,83.76147656133435
2092055212,83.75774347305297
2499337394,83.70111067867752
2092991924,83.51937989720369
1879242840,83.43054532288733
2094628457,83.41655171703613
2094632774,83.34670375043142
1879829814,83.31505783831345
1932513987,83.0965444104337
1879126680,83.06440511302895
1931653711,83.0597867094639
1879168322,82.99651423719925
1880425714,82.90723639908008
1879906454,82.867753495254
1930195304,82.74822548715905
2093936937,82.6363779598795
2092035013,82.59897009772396
2503614080,82.54428598082156
1434058297,82.31046771853654
1930169233,82.25763020031322
1879140622,82.22551896429752
2095468692,82.1261678325719
1933577854,82.08020835289796
1932609614,82.04393814063937
1930983107,82.005448637754
2503390092,81.85146128019468
1933508182,81.78014257960834
1879859300,81.77568407997009
1879879900,81.73986134608603
1931602755,81.68614496741498
1879235807,81.64083001529278
2499886002,81.58018683317371
1879176385,81.52974848342852
1880513994,81.51522680044135
2094589934,81.51138895266934
1933571484,81.36364122284581
2091241523,81.19366688361677
1879201371,81.18790651622552
1434644694,81.07624449740615
1879157282,81.05503722495553
1433536422,80.9241223295751
1930939512,80.90426217796235
1439395165,80.79740690992782
1930166017,80.68791648606437
1879168147,80.53107371471276
2500185892,80.28917301033445
2091993497,80.28841016988054
1879870751,80.25210561247863
1432717803,80.20056917365537
2503749404,80.0417925035132
2095353882,79.88619300036888
2501084820,79.81620282153662
2501208250,79.60558368598456
1879778165,79.46104129799178
2501406364,79.39341986349544
1880476691,79.14557126484752
1879161364,79.11799291383406
2502420660,79.07127101968749
2501922932,78.99486202833617
1880448182,78.98245974903307
1433955482,78.9465921726748
2092781454,78.6713407134628
2502597690,78.56136779305612
2095382490,78.54593380583555
1930981623,78.4710637005325
1933524865,78.46713758877223
2501972181,78.41313374063435
2499616520,78.4096284812129
2503663570,78.33412290964613
1879889292,78.32777638337264
1929308284,78.24129550855086
2501037764,78.13355066021786
1879246974,78.11730481211046
2499702803,77.9568429069416
1930985172,77.88418862531134
1932544014,77.88005998501193
1879163690,77.87672042662973
1880439531,77.6365876176288
1879177922,77.62139504204167
1931004287,77.47189183196242
1879222304,77.45412706641648
2501600154,77.36077633791088
1930203735,77.31620262103806
1930188773,77.30628663444315
1931688383,77.0506272890034
2092079667,76.97695818400337
2092900257,76.6680244362888
1434027090,76.62092174160182
1879868464,76.52584410558828
1879125257,76.44410624074571
1880532331,76.2919618750366
1933561047,76.25672938383504
2091971523,76.09223028473716
1434688680,76.0746487300328
1879848477,76.04661752332868
1878576931,75.96602004231681
2502189602,75.92612815372829
1932562641,75.924949330261
1932503285,75.91701412065106
2503874871,75.89372006171399
2501252530,75.79035222306261
1879191175,75.71143134423832
1930181673,75.66616843101448
1433540682,75.65357937014852
1879195522,75.58645848393769
1934307130,75.50870062266705
1933563930,75.22945263754559
2095353392,75.06554896585469
2499497915,74.91093823550368
1931006257,74.1885396087348
2094580687,74.03463574318668
1433474031,73.969879604618
1933509027,73.96688887207642
1933597263,73.90338318277733
2092016344,73.73222621471228
2502398367,73.47997941335906
2095342650,73.31697582211245
2503069673,73.17145082364792
2503181132,73.09009469939132
2091973917,72.95289203486132
1932615813,72.92064683911421
1879781372,72.91389578622719
2093854050,72.79016368020085
2502119500,72.18843177530633
2093883525,72.16904319340256
2094662255,71.92735943442096
2094641604,71.91996494952497
2503387512,71.70863741071379
2501429182,71.61057565221512
1433535571,71.51051280126484
1878598725,71.3925459610014
1433053694,71.39038304455546
1930939385,71.36451500807605
1879158991,71.26773282515448
1880489170,71.1840386826452
2092037605,71.06006196878216
2091963423,70.9770699213946
1879214934,70.86074639415442
2500726200,70.80394403301973
2095353173,70.70859040655728
2499232910,70.70102910089459
1930973615,70.51573563089484
1930166371,70.38897722760643
2500431790,70.33469273564263
1880464601,70.23533120392827
1933595357,70.12884339655
1930180411,70.11390462260815
1879803447,70.00272240594033
2499598291,69.88839487056138
1879769624,69.88379418919266
2095409990,69.77285018110572
1932529424,69.76997472529897
2501706190,69.63894157546372
1932602591,69.49270327103737
2499752952,69.32683490894277
1930969745,69.24239521323933
2502493942,69.16261702244005
1879884063,69.09421837527677
1427844833,68.99875326527312
1933516945,68.90590099082202
2096225232,68.8928742847933
2502485307,68.75802722551751
1930170175,68.65069830621533
1434414634,68.63431721093839
2093016204,68.55270738009257
2092991893,68.4433181304878
2500108750,68.33930100331513
2094622793,68.07257971465434
2095406634,68.04570922080845
2095355493,68.03133580456597
2092848593,67.77779423596748
1930216093,67.76093198455476
1879784384,67.75194441267794
1879157655,67.62376097048553
2502130825,67.5888590193655
2502559843,67.5531678099794
2499334794,67.38776610080608
2091260015,67.21279775352177
2092921521,67.20014726173524
1933539210,67.13534852777771
2501083502,67.12158400552235
1933530363,67.12059855661683
2091980411,66.69300785073165
2499416443,66.63584921318235
2092054787,66.51839686011652
2092042382,66.48681383027149
1930144851,66.3942867009052
1930935605,66.23594782607375
2499771952,65.96033123839075
1434273035,65.02467311942726
1878598662,64.96765809524695
1439489482,64.77451923290063
1880459573,64.71916759315864
2500594534,64.57160072017155
1879857592,64.51372781842429
2093023244,64.23609097814267
2499278701,63.993282424079894
1879244874,63.447694213997785
1931695603,63.357727916168315
2499780760,63.31993103237602
2501735680,63.073014173300976
1433386395,62.79551827731313
1879874324,62.48627998577679
1879240034,62.11475132015259
1934297453,62.0481149890641
2093045167,61.083233067523146
1433560262,60.94760131468753
2094574934,60.30922676750989
2500567790,60.19343213157584
1931670162,59.787108256481794
2095441474,59.78079922722877
1932495682,59.474015681234405
2500283183,59.121853955809534
1933572800,59.07408256534592
1879888574,58.91607287584435
1930137001,58.86267048284775
2501935887,58.83538816560532
1930202261,58.480267413880995
1427620683,58.4609403515501
1879141271,58.429899296425596
1880485512,58.23312682377622
1439384105,57.880495962546085
2091222152,57.645288774565216
2092846763,57.60307760917716
2499372704,57.45318803455373
1879871287,57.294088086350996
1931644251,56.62362448911735
1879241994,55.60690520296616
2092833410,54.99140959170134
1930964742,54.721838011485644
1879172645,52.26756402487367
2093093094,51.757899031868334
2093991275,51.25910757782489
1434276055,50.71232574519854
1934296573,49.82079796691596
2093087693,49.53419148480853
1879787230,49.417851843551084
2503662834,48.89747270601654
2499360504,48.0201870707333
2094649562,47.331418280367345
2092026823,47.30901635289338
1879820652,47.28047563039955
2499362737,46.73231332019276
1879835964,46.42675349716337
1434396997,45.4784934835327
1879215667,45.47830197464942
1930942051,45.314284648113244
2502091300,45.19046254765286
1931639655,44.78024925304641
1931614960,43.593859153319166
2094565175,43.10208843409574
1879854952,42.92253126165387
1879768300,42.9201803782399
1931026823,41.73023266726944
2092011654,40.9192151354284
1879825792,40.134121168738105
1930160675,39.13268253529287
2499619937,38.75126095075711
1930202531,38.30719153672437
1439534114,37.49488996327434
1930987015,35.89284018544831
1930930971,35.826960589760574
1879231327,34.04427228133474
2501857660,33.23758862276928
2503480364,32.45304892938958
2096201335,30.107316341529213
1932518294,27.36559525189235
1933495237,23.69949811850298
1880533134,22.41831651681118
2091231384,21.71400574988752
2501980387,21.11116750155327
2502718800,20.452803417007882
1879878382,20.00148310987773
1880510250,18.810612561863266
2499346223,15.838255455267308
1879806622,15.511108628183408
1934307703,13.899107801218404
2503471987,6.527468863932848
