user count in community:3178
Topic id:1,Representation:0.742628083361931
userid,score
2503620760,608.8508826320057
2095391242,607.7307110082057
2094597582,607.704513553383
2094650971,607.511031758801
2499433780,607.3781592683099
1879835622,605.3853432217633
1880502085,604.9019051266409
2093046393,604.8999784564921
2499254732,604.3693222546495
1930207255,604.0524882363194
2094634580,603.7621120008181
2091261215,603.6459750248589
2095489587,603.1407746871129
2501295122,602.9395760629601
1878579107,602.0698184581428
1931592151,601.7879047111635
2500168913,601.5059192785341
2095406881,601.1765235117703
2093971667,601.0872416972732
1930154655,601.0532407744222
1880424747,600.9730013570463
1879167280,600.946285427547
1433594093,600.6925308451708
1879130405,600.1632464120888
2502026802,600.1046190591097
2091982014,600.0571100134264
1930141241,599.5056095875418
1879908332,599.2879613657244
2096185780,599.2005471516538
2095404687,598.8659603667164
2503652512,598.816871391201
1929308057,598.3809723189673
1930195211,598.3221475596747
2502668812,598.2978397507247
1880501980,598.1821050426049
2096199951,598.0375278326363
1432735085,598.0083096827684
2093000957,597.5689209004888
2499848593,597.4280665576039
1931693170,597.3489578667121
2499477321,597.1287611415574
2094690957,596.9141366394299
1931656571,596.8484495322485
1933500587,596.8271975251173
2502692472,596.7665291889825
2502955872,596.7190924149655
2501975543,596.6694034282456
1931685907,596.5603636605782
1930149441,596.0722637155101
2092814872,595.9791908814042
1931590410,595.9238371830598
1880435202,595.8480673718335
2092073525,595.7986559958003
2502731893,595.7644892433271
1933502477,595.7063571972805
2501439690,595.6556264880707
1879849895,595.6523114739578
1879145080,595.6195077121425
1930970873,595.5224064535261
2096238664,595.4958922076146
2502198263,595.4673933902249
1880528621,595.4634159868936
1878583115,595.4423047913139
1931606564,595.430834049033
2092066705,595.4295099960407
2500268340,595.1887182276622
1878585421,595.0400411312743
1434585263,595.0149422374784
1433218652,594.965667957027
1880532025,594.9339921256474
2503183434,594.8836450282154
1930949072,594.8832404912465
1930948044,594.8119056922264
1934311760,594.6666104140722
2502841033,594.4947045530049
1931013913,594.4459717864642
1434000397,594.3847894044774
2093086902,594.3328374626157
1434081092,594.2453090516062
1880466722,594.2392597473392
2501943412,594.2141032353401
2092756964,594.2134776254109
2091989041,594.1391952690744
2503415980,594.1372827619974
2092794371,594.0264505111754
2502181702,594.0027286382588
2503478215,593.9553827129947
1879176392,593.9132900534188
2500289390,593.8314454242826
1930201521,593.814207176921
1434763932,593.7077887898762
2095489837,593.5800258920567
2096244891,593.182572733255
1930222465,593.1321525615384
1433965811,593.1253914228544
1433518063,593.071326657458
1932498447,593.0603768164141
1934322373,592.9756334957214
2092837295,592.9152389944433
1434536551,592.8988771553768
2095474875,592.8364909542672
1931686391,592.6740713992153
1433575465,592.6470001881121
2093881290,592.6450286385655
2501851064,592.5267061134482
1427834320,592.5054099488791
1933580580,592.4920944910974
2502691713,592.3684482112375
2503002652,592.3141297070658
1932542753,592.2822639458353
1930154233,592.1397534271913
1439385562,592.1293856288228
1931654123,591.9329093313237
2092039132,591.9170118015198
2095456702,591.8570458485308
2095402500,591.7918651268801
1880512672,591.7790336018519
2501670035,591.7785262085104
1434566265,591.7303668987705
1880535191,591.6375067495134
1931629247,591.6103384144209
2501852257,591.6062688893369
1433554382,591.5946794859113
1931639725,591.506095961693
1434137012,591.4159846514199
1433228560,591.4008278209333
2502723563,591.3232680967558
1878581232,591.1789717345863
1879768804,591.0874828255777
1434341077,591.0142379873275
1931017185,590.9380883109427
2500866724,590.8903388410425
1879894863,590.8631686178429
2503623450,590.8353237225768
2501439933,590.7561920545036
1880479080,590.7127350101475
2502919853,590.6004793755886
1931626655,590.5506094724369
1434755755,590.3962466113401
1433310914,590.3747812534051
1879900374,590.3251340187171
2502909364,590.3052042963777
1433668703,590.3031124466727
2502073210,590.0974813958021
1879813564,590.0585400095815
2500114310,589.9943383691912
2091184117,589.8971034940254
1930145635,589.8621820016712
1434263584,589.7657780845302
2499286345,589.7495749553916
1933528515,589.7189013226624
2092020053,589.5854260243436
1930944465,589.4881472480067
2499718200,589.2401939449899
1879810073,589.1623916327242
1879135614,589.0423204225626
1880455814,588.9875760710867
1930196420,588.9219898985385
1432785024,588.8848501343801
1930202785,588.8746152889944
1434310311,588.7229278837206
2503800525,588.7182518205609
2502447274,588.717531601003
2503380480,588.701929056581
1433138330,588.6665919060398
1880512414,588.6542472817058
1931024783,588.5909651099564
1930166385,588.4969207158437
2501524180,588.4038408561923
1434190202,588.3289813379349
1931641951,588.3094463975248
2500477995,588.2324179358718
1932645275,588.2151419298572
2501321532,587.9863013995848
1930963823,587.9585672501786
2092796333,587.8404522543462
1879861982,587.7516575143387
1932541935,587.687799914769
1932549361,587.6824777878927
2092933560,587.5523174907559
2503535262,587.5486952770873
2092011162,587.5098864049528
1879850750,587.4488175230127
1930956663,587.4341232658421
2500990120,587.2611105149384
2501965674,587.226017322871
1879241531,587.1718748887507
1432691295,587.1079939999871
2501715910,586.9493340343736
1930982315,586.8960189392541
2500941035,586.8900169474952
2091969695,586.8687755933977
1880428513,586.8106851009044
2502307687,586.8080495237042
1879853932,586.7433387842592
2500161752,586.7038523855333
2092922295,586.2441164697436
2092971103,586.18279390436
1933526915,586.169040365555
2499220427,586.1573757058329
1931672847,586.1429596806275
1933539462,586.0861409989818
1933514114,586.050902940484
1932610080,586.0026743548007
1933561393,585.9017672197656
1932544583,585.7856895392522
2503079482,585.7080115305442
2503762072,585.6840139287908
2501913505,585.6550899351276
1879896341,585.6480980476489
1932446255,585.5410474228007
1880520570,585.5158567581706
1880442072,585.4695234251506
1878596574,585.4600699220289
2501698365,585.4364690992984
1879868534,585.4307272777448
1433506392,585.4279279826955
1930984960,585.2929748417617
2092882041,585.2783881425132
2092808473,585.2610567732921
1879139463,585.2371594001565
1879894420,585.2271087517672
1880476793,585.226098549842
2093978254,585.1793134408541
2502081387,585.0541252049891
2092873110,585.0402422625839
1879834875,585.0401373489985
2094644051,585.0346429721737
1434426421,584.9931211110148
1434564321,584.8617207830575
1434711685,584.7962737134264
2501846295,584.7726570359227
1879130233,584.7332052794065
1880540863,584.7068223575668
2502383664,584.6604732844304
2094593570,584.5536300564002
1930988275,584.4983745721962
2502933294,584.4758673513941
1933519427,584.441751103332
1879815392,584.278681617414
2091989561,584.270170389005
1880450407,584.2646728468152
2499208964,584.2558263409722
1930211315,584.1534009133176
1932566162,584.1518400590579
1433801405,584.1394438065163
1433304605,584.1111150346547
1930178262,584.1050314454012
1879151193,584.0998455915715
1433899854,584.027022769443
1433845555,584.0024130136087
1878592927,584.0016138939982
2501473964,583.9921389403514
1434419542,583.9890833796721
2501626682,583.973400020994
2499742414,583.9425156436802
2503846183,583.9274524576869
2500183222,583.8505853481032
1433428820,583.8097040603592
2500299700,583.7689447897613
2092883925,583.7360183053411
2502636873,583.708446554565
2096262830,583.5990780611166
1930965767,583.5517140474396
2501282453,583.417266971069
2501962860,583.2949761793292
2096185777,583.2712988139848
1434199081,583.1960098269917
2499846657,583.1599497265673
1879802911,583.154354836213
1932453091,583.1348219815235
1879171053,583.1072161478905
1930229825,583.082203969557
1433631280,583.0304950381546
1880532555,583.0217804970583
1930253957,583.0213892226557
2091181502,582.9650094882876
1434747404,582.9523379366611
2093875080,582.9480435861333
1879137657,582.866510433723
1433764400,582.8652698260087
2499290194,582.8172070027432
1879805097,582.8146889775998
2092063751,582.7705908948107
2094679580,582.7555116957709
1879872902,582.7388700701748
1434750034,582.7098189926343
1929317197,582.691173261583
1931607770,582.6834877100457
1879861454,582.6591125328339
1930162164,582.5924956185435
2502824085,582.5861205521664
1930966837,582.5242607994244
1934307724,582.5216216573865
1931694330,582.5197030900447
2096202780,582.5110786758073
2095355117,582.4386242266805
1879867475,582.3956288463119
2091950920,582.2300670362226
1879200961,582.2040045825016
2500342980,582.1732397404187
2091212663,582.1380669788405
1879841492,582.0886350509766
1880507171,582.0711452296456
2499524970,582.0650948542751
2095400730,581.969522228137
1879214497,581.8361982752065
1880494774,581.7932583822053
2092944627,581.7546240497273
1933578004,581.7140584751579
1931026252,581.5954762106174
2503819115,581.5423547563139
1879901992,581.4631919702298
1934304085,581.3432848031553
1879837990,581.31257464669
2501669253,581.3061213407515
1879839551,581.2512942068903
1427864321,581.2357990730383
2500354917,581.0809573373855
2499394864,581.0126541334798
2092914524,580.997080440721
1931008920,580.9354158518308
1879162233,580.8991895556821
1932494700,580.8667379133673
2502022884,580.7089411476413
1879774574,580.6738393576862
2093877881,580.5845618197984
2094574507,580.570029208097
1880469012,580.511086263053
1434771544,580.4263463894907
1434440064,580.4083721130531
1930981985,580.3853224713963
2501965622,580.3381249814565
1433833077,580.2676883187629
1878584035,580.0603011232221
1879844885,580.0501793436872
2093888471,580.0085765329577
1879184517,579.9792363301212
2503803340,579.9705001701083
2499281561,579.9341293716776
2092995855,579.8602954983483
2502294542,579.8549583332546
2502464201,579.8432847287368
2092994290,579.7699531946702
1879134031,579.7359335544701
1930965995,579.7188657093889
1930248343,579.7028122316894
1930244925,579.6887201930881
1933502173,579.6631962439167
1879168733,579.6482813146
2500552377,579.6223057594516
2499573814,579.581578665846
2501385830,579.569047106071
1880451182,579.5165018218769
2096226313,579.4895272194183
1930222534,579.4404903110789
2502509532,579.4119272397659
2502892431,579.3763925975278
2499491461,579.279294772215
1930940544,579.2383535236406
1434634922,579.2332514633767
1439482777,579.2080603371098
1933521987,579.1705130792378
2095453721,579.1396628616124
2499646710,579.1186595815296
1878581001,579.0740336923868
2092780115,578.96385763042
1932585327,578.9580196341672
2499646840,578.9467677590222
2499703585,578.8494733077447
2094639653,578.8271317464497
2502193122,578.8198474139851
2095430435,578.7924046587639
2499496530,578.7661683801939
2091248795,578.7051484460286
1930953171,578.6714237401893
1880503622,578.6676410939932
1439371020,578.62668424184
2501655084,578.5919242938917
2092919455,578.5908041061874
1879183200,578.5879668679809
2093946195,578.4812546176772
1879789757,578.4636177511577
1879213093,578.4628164406746
1879775550,578.4620543497647
2499585702,578.4487462949653
1879890940,578.4269191786404
1880530875,578.4231628950338
1879823630,578.4164495196773
1880475223,578.2978884707431
1879187595,578.2789010251358
1878577960,578.2669477274006
1879807004,578.2589762275678
2092824144,578.2186055011118
2501390215,578.1516125019543
2092822234,578.1514323111163
1439320732,578.1491730285836
1879884974,578.1151239693331
2502260154,578.0787590188162
1930158634,578.0511510536151
1932552691,578.0271624121391
2095458867,578.0202961734303
1879156402,578.0137892029445
1433653314,577.9334665950215
1933572564,577.8880527736145
1932517774,577.8498224309853
1879207284,577.8134487908607
1434721137,577.7844901276544
2095363141,577.7479203935185
2092951364,577.7384363500655
2502441550,577.6900312508
2501496503,577.6781618433739
1880507755,577.6656744770977
1427864260,577.6007231719462
1879166904,577.5025021287518
1433305461,577.445484043498
2091181713,577.4314243917444
1879777673,577.4207527867796
1439331640,577.3881451249686
2500501663,577.3546908314145
1879911024,577.335506426417
2091237372,577.2617997029635
2091221131,577.2414342469181
2499252610,577.2262112033751
2091955361,577.2258605251831
1433552760,577.2189147336678
2499246984,577.2020370231451
1930209777,577.0454555727695
1930994552,576.9339459408004
1933501672,576.879439871806
2092789061,576.8439403983099
2499445673,576.7409461905086
2094646635,576.7197833518045
1932526717,576.5771334522873
2502503880,576.5189552834577
1880543295,576.5116315849267
2093079835,576.503228737233
2502316690,576.4601934507248
2503583390,576.4456075187996
1433345865,576.4218672338013
2501607020,576.3986535482999
1880453697,576.3939463661267
1879184891,576.2962169407805
1433543690,576.2826572890878
1879768342,576.2679603306656
1879797933,576.2503219227411
1434345395,576.2363076335021
2095485922,576.2307029539338
2501384551,576.2163991971117
1880448245,576.2088068443345
2091227401,576.1923688783512
1433043994,576.0357966430987
2503588042,575.9806020399564
2095424613,575.9218300949474
1879811431,575.9157387161966
1879158530,575.8905640321535
1932513320,575.7283513483956
2095406713,575.7154815121065
2096207992,575.7018386327144
1879796033,575.6919526234877
2092069575,575.6598974751237
1930948903,575.6438141083632
1433277800,575.5745370880544
2499655780,575.5012866396982
2091984891,575.4111749096847
1879199295,575.3421731285008
2095391795,575.2852357136327
2092852901,575.282297213511
1932526457,575.229452659527
1879213375,575.2009324249102
2501792972,575.19412641631
1879903355,575.1898057406574
1931666521,575.1812708401837
2503815403,575.0902636104305
1931655655,575.0094143229909
1433057603,574.9925821196583
1433305747,574.9848249992369
1433496540,574.9817266450779
1931619101,574.9256049298921
1427701864,574.8917740817953
1880495045,574.889993456307
1933517301,574.7690718748328
1879784077,574.7291659007473
1879794964,574.7197530994806
2503795060,574.719486234823
1879880354,574.6673327895311
2093919124,574.6598520173159
1880440770,574.5870838806711
2503245234,574.570076284767
2095378413,574.5280387522672
2502368457,574.5115766785069
1933590363,574.5023767769737
2092003205,574.4323567221221
1434224753,574.4164221963944
2502443574,574.3625361840425
2093900827,574.3359707956489
1933601152,574.3039348398298
1434447807,574.2587175168242
1879129987,574.196527206961
2500206542,574.1964714727279
1879843151,574.1864822145724
1880518065,574.1505477510138
1879876820,574.1039571472451
1433341422,574.0887313589096
1879227784,574.050193390788
2091968342,573.935143638847
1879200502,573.8486393204352
1879832410,573.7775209762384
2092093090,573.7641437728856
1879168340,573.7376183530964
1880452731,573.7255051480008
1879179924,573.6818093205502
1880500503,573.664536845254
2093078171,573.4444202947085
1434419591,573.3912930115247
1931002220,573.3796241873539
1439387340,573.3634167035711
1879165097,573.3280792998572
2093967510,573.3126301852617
2093049490,573.2789440024795
2501745235,573.2504939722126
2502643273,573.2470669477428
1930950300,573.2462342592869
2092043947,573.1422224491345
2095437153,573.1228343967259
1932645644,573.086880888387
1931660912,573.0632164105616
1434642151,573.0472063865421
2094619862,572.9425619562716
1930958281,572.8399420082618
2502478215,572.7780638435588
1880449090,572.7588804848035
1434642131,572.7219703310387
2503789574,572.7217248350491
1880534613,572.7156120348675
1880502731,572.6631423923445
2502336984,572.5745554399754
2096191451,572.5359616542768
2499488247,572.5032008817958
2092806983,572.463082569841
1933521161,572.4517972444108
2093931387,572.436764672597
1932496917,572.4109387700881
1880526407,572.2913301790556
1433638020,572.2531459540329
1427590831,572.1203328783059
1879802107,572.0706264392306
1879828401,572.0701074032843
2502160831,571.9303276437506
1934304382,571.8753810631517
1879154851,571.8680628361888
1880450772,571.8449259385749
1880459891,571.7218902712873
2500949670,571.691922582436
1432612955,571.6848937261396
2093027000,571.6713585304016
1933525414,571.6693653317567
2092842581,571.5799626025788
1427592300,571.5433389539553
1434184805,571.4673656419931
2092768147,571.3347516942212
2501004621,571.2269631827401
1930196033,571.2237794490552
1879159893,571.1526195861642
1879196597,571.1492829910851
1879135361,571.1232604371334
1880466742,571.0668098734956
1433872087,571.0660198987989
1434510235,571.0587141752849
1932556065,571.0082656119665
1433647611,571.0071816214345
2499238152,570.9842414730045
1433637537,570.9122777521834
2092876215,570.8768179889101
1931620197,570.8495700161344
1879804590,570.8342260542255
1879174047,570.8251771613609
1879768104,570.8155787398856
1930162215,570.7848636400159
2094651713,570.7423632610331
2502445640,570.7140730614261
2500174005,570.6608505536989
1439595414,570.654700300447
2092951285,570.6229140335058
2501580822,570.5257672693275
1880531513,570.3576424069321
2500522135,570.2645471795407
1930245992,570.2183562767082
1931592542,569.9467030741845
2094675562,569.916757108417
2091969387,569.8923166015874
1934301905,569.8515098518985
1878582655,569.8318373562603
2092998852,569.824295845642
2094602937,569.7245243503661
2093029673,569.6897223967304
2093867111,569.6603756633536
2094655364,569.5999676323859
1932449774,569.585016424516
2502768851,569.5429428484205
1934322437,569.3260400984555
2501616304,569.2885986873918
1878586385,569.2762751045138
2502140135,569.2518623244456
2501577444,569.2234227314984
1879812695,569.2147610726967
2499257310,569.1985622006974
1930953733,569.1907304164541
1434424964,569.1846023818931
1434559737,569.0378995618887
1880541425,569.0359549689966
2503005447,568.9601388891522
1930225351,568.8876723663401
2499245945,568.7818406088533
1930978534,568.7572031493428
2502056104,568.736617261671
1879867287,568.682614421053
1439545701,568.6698370999844
1879802041,568.6316282160059
2092775851,568.6277302010251
2091997843,568.6067409323371
1931633462,568.5471203139706
2503351750,568.4230076906458
1932452561,568.3709152985826
1930982357,568.3115162205204
2092821731,568.2769598812623
1930960975,568.2140028941571
1879901644,568.1538451382
1879134392,568.1221751405583
1434460071,568.061209010883
2094611334,567.9953408798112
2501343091,567.9758821265441
1433478450,567.9757067302961
2093003253,567.962568371047
1434643147,567.9501866694804
1427860691,567.9482574280254
2092811361,567.8057783182263
1932427615,567.8048332205025
1433088241,567.7287996638283
1880491662,567.7101743968368
2094562911,567.6774449595764
1879207025,567.602127279478
1434732715,567.592880338138
2501907501,567.5411502625459
1930160684,567.4506844977042
1879174594,567.4001397252829
2501468972,567.3536689745051
2095403241,567.3529955889395
1930958424,567.3202466604806
1434426213,567.2592712340294
1879900004,567.2399217114486
1880474951,566.9789360392335
1427900227,566.9338653667259
1931677815,566.8736098486719
2501743761,566.8290826170268
1434066772,566.7909604142486
1879149511,566.7892779032711
2500192650,566.7737424448686
1930189123,566.7637964990283
1930987565,566.7373957214896
2501252461,566.7105566799682
1879197002,566.6742912421166
2501726952,566.6448052012179
2501353714,566.625684102306
1878604512,566.6056926672541
1931648751,566.598806482238
1434351692,566.5506622103603
1930971255,566.5430022217568
2093864801,566.5272247589944
1879770050,566.4579115272511
1434083793,566.4259900249266
1880461842,566.4151506789095
2091252791,566.3552768182442
1880521683,566.3384997364517
1932568343,566.2947484181059
1933496767,566.2077808598561
2503865540,566.1656483532634
1879847300,566.0465710207195
1878587233,565.9990471077128
2091998937,565.9944145953891
2095467563,565.942066210535
2093022531,565.85874605051
1879204481,565.8054852661406
1880494010,565.7901816830187
2092775241,565.756988887419
1931679971,565.756182564489
2091282502,565.6583068244119
2091270821,565.6093399703333
1930228511,565.556362245339
2500600360,565.4859603868936
2501670285,565.455454751216
2091984467,565.3959943014231
2502107100,565.3755887379158
1879791684,565.3466247642663
1930148521,565.3078270496055
1880536880,565.2319122286253
2093922244,565.1079246912954
2500217594,565.0506071913906
1879133002,564.9694965451321
1434559965,564.9474203265653
2091209730,564.8613404548629
1931617721,564.7594307593289
1932548365,564.7237661326967
1880494383,564.6789830624052
1880497102,564.6532434122611
1434243861,564.6116064837917
1931631663,564.549958867998
1878578191,564.5372100391584
1880526592,564.4944925708334
1878588667,564.4813760883552
1931011233,564.4156513498222
2500200731,564.2593186733988
1880492085,564.2435701521672
1880503964,564.2403724712526
2094685961,564.2024839183711
2095437317,564.1987983678687
1880495271,564.0626640849266
2503515913,563.993519474162
1433207191,563.9762371517453
2500922010,563.9641968710949
1434307681,563.9523543771971
1931599557,563.9505645573704
2093919727,563.9438347076637
1879143957,563.9333172329377
1432724711,563.9065433204056
1427751511,563.9014437672354
1879142160,563.8931405401815
1433265597,563.7855712233796
1930165571,563.7592509941203
1930228834,563.6783332815429
2499601602,563.5995168662367
2501331684,563.5908081992013
2093967037,563.5805459050212
2502647937,563.5534423779804
1879145085,563.5350825305968
1880476694,563.504213291627
1880459165,563.4574119063932
1879139245,563.4468002583264
2499534042,563.4420479672702
2093947391,563.426634266046
2091275554,563.3914173564227
2502472000,563.3497444570228
1930974695,563.317937463405
2092926110,563.2404015368121
1439626837,563.1061903422235
1930252473,563.032216652032
1434730644,563.0252493423118
2092877773,563.0233812142409
2091966895,563.0201122596238
2499211421,563.0022526580194
1933592057,562.9760954895055
2500415904,562.882075957653
1879182765,562.8706657599905
2094679910,562.8632333751112
1879176622,562.8582474242291
1427854112,562.8387850654592
2093083860,562.8212335897578
1932578094,562.8141906552632
1933505515,562.8139287396201
1932470601,562.7919564508096
1434502651,562.753883983244
2091181103,562.7132522593727
1931633151,562.666573955816
2502471393,562.6172167271774
2094641523,562.616913425858
2092799092,562.5851323963841
2091241342,562.5848185678404
2502648425,562.5836553454354
1930174345,562.4796898208293
1434557285,562.3940415212013
1879136302,562.3565042547135
2500514000,562.3530609644549
1879841224,562.3293688339514
1931657053,562.2951630546778
2503697704,562.2519200873362
1934315867,562.1417211068672
1879193544,562.0654369358659
1439502590,562.0191396066019
2501012173,561.9318634663135
1432805264,561.8955974874532
1433999665,561.8513199682747
2091208623,561.8273800577866
1434704997,561.6631259095592
2501789540,561.546870808488
2502322064,561.539313129152
2500973963,561.4941446457365
1931671902,561.4850774254838
1434180100,561.4777485193798
1879911894,561.2838700594757
1879126995,561.2171409681063
1433286642,561.1777958515432
1432895575,561.127506472492
2499826160,561.1181869671832
1433230401,561.0919490545198
2500362537,561.0728013229518
1879770454,560.904768767562
1433606504,560.8977732142644
1930955494,560.891200061518
2501582641,560.8675254518747
1434498742,560.8489696687143
1879838192,560.803267363218
1427785057,560.7511575369016
1933522340,560.7419179340012
1879145580,560.7307487618036
2503735491,560.672265047262
1427869902,560.609194596465
1433691375,560.568107119276
1432725760,560.5159652560759
1433070232,560.4755297050438
1880447342,560.4709831317805
1879862424,560.4596479949272
2503074832,560.4552975703582
1433665610,560.4397581843098
1933549843,560.4085343577153
1879806221,560.3826724493864
1931028585,560.3655134968245
1878603547,560.3315098145056
2499463584,560.2597679847597
2500991562,560.2559669464704
1932648625,560.1197001613857
1434732514,560.0900577449066
2499314952,560.0835637522932
2092920133,560.0760574963033
2095399021,560.059744578244
1933491755,560.0383910244453
2091962443,560.0314240056697
2503066912,560.0111484595326
1930148371,560.0031980175505
1931683174,559.9143167659406
1879184040,559.8420379348948
1880506000,559.817097767939
1879840172,559.7675549112447
1933526635,559.7666506031662
1433864152,559.7653338351081
2502822723,559.762725905157
1933510195,559.7495028110937
1879845963,559.7279730275194
1879908067,559.575631575146
1933577791,559.5033501292671
2091183973,559.4861792076986
2500293390,559.4581920336523
2094568234,559.3661165336074
1880491875,559.3311216400655
1879904025,559.323414432425
1434421631,559.3213910115912
2501174514,559.311345414518
1930940283,559.2863669536705
2501585892,559.2552309721453
1433866004,559.2442935006475
1879139004,559.2374140296715
2095490667,559.233148034365
2501886235,559.2268285164798
1932505013,559.110564966559
1931646343,559.103561251209
1434392503,559.0902526666514
1931003013,559.0432700788841
1934320697,559.0391956598028
1434564737,559.0177304810585
1930204572,558.9777110918209
2091995703,558.9105236248035
1879243234,558.7817144012162
2093050194,558.7719281464035
2092067403,558.7640343490253
2501950102,558.7162759799874
1433933491,558.6387051059426
1433758267,558.6026914363707
2499711222,558.5966623647072
1930982635,558.5848671031293
1878594043,558.5837583651165
1879216587,558.5687162231413
1879788732,558.5498693185025
1879224264,558.5413420380827
2503628165,558.4041376744914
1433646237,558.3441676408372
1879191871,558.3274850087821
2092058795,558.3227807443664
1879875315,558.2206019156273
2091195395,558.1990001644645
1931681182,558.1687903416296
1879908932,558.0601039687855
2501217920,558.0150924732217
1433059564,557.9704627577455
2092958540,557.9315033357396
2500109674,557.9108124023402
1433596983,557.8797344025221
2502535787,557.8538177508206
2502972784,557.8537834051707
2095404001,557.8181979521113
2095434091,557.8070121711744
2093978867,557.7846459489382
2499278570,557.7061251617515
1879789243,557.705723949944
1930950260,557.6478774602804
1427682987,557.6255007200284
2093960491,557.5881998611153
1879840542,557.5548343992452
1930226754,557.4598042050646
2500406050,557.2176013046836
1930175220,557.2127067786088
1931627153,557.2033050531918
1433962915,557.1828520455355
1879155935,557.1480436401836
1934322781,557.1226131761159
1433959054,557.0839307230548
2096252302,557.0632715597161
1932455594,557.0585544483624
1439551730,557.0394443258499
2502895124,556.907691347723
1930187431,556.8340851933661
2092863863,556.8194655681658
1930220551,556.8044391648538
1932568125,556.8013093381554
2500509887,556.7505192061109
1879134130,556.7050133016616
1879835433,556.6128380372925
1879890827,556.5868188279461
2091963161,556.5357381653289
1931622735,556.5285753580605
2092903852,556.5189324459474
1880522272,556.4735549534452
1932450391,556.4262053357979
2503516244,556.4232782880765
2501751000,556.3760314862863
1879876312,556.3227636636694
2501954140,556.3143762414353
1931645227,556.2826620324114
2092939483,555.9215647664421
2095453897,555.8831218290021
1930939995,555.8651518500864
2093083712,555.8417399277204
2091197941,555.671213359874
2502232464,555.5941414758383
1433714461,555.5749275956949
1880501330,555.5744824185097
2093863414,555.5253054736165
1434143190,555.4344437679312
1933531492,555.4141480598175
1439422443,555.3884645221489
2091204291,555.2529896466908
1930226962,555.2120613728051
1434504367,555.1426115954914
2501810187,555.0755655132407
1932541573,554.9813353284011
2502895320,554.9773632767046
1427830533,554.9614416875539
1879177731,554.9144818046932
2092757155,554.8515330686906
2091973893,554.7920951332293
1931691851,554.6967324821279
1879199610,554.6383624463198
1932500584,554.5493414259383
2499266922,554.4635233987127
1879902534,554.4289585329203
1880519011,554.4189612017474
2092022550,554.397091334166
1879241787,554.3546210613423
2091246714,554.3237131387431
1879847921,554.2280158434187
1879838747,554.1972243329916
2092846992,554.1759109601559
1434282604,554.1498298430112
1880544807,554.1287118090395
1879150034,554.1116160821372
1427616842,553.965083540583
1930232087,553.9462624852222
2094670014,553.9031630879101
1879785245,553.8574230064164
2092056530,553.8093063059341
1879856853,553.7602429622337
1933544141,553.701955576349
2500155602,553.6302201690628
1879189555,553.5298156423785
1427716985,553.4815960568195
1880536125,553.4689808633044
1930990001,553.4444434721922
2093878794,553.4325532415612
1931668791,553.4285488209765
1880476002,553.4000233894553
2499255137,553.3122387291274
2499205517,553.2241834314949
2502453835,553.1872006627422
1879844887,553.1856549455226
2093066435,553.0991640744567
1933560215,553.0287031321387
2093935072,553.0138776879306
1434660721,552.8900877611169
2500156195,552.8866732290334
2502365924,552.8819140601933
1879903004,552.8653147842298
1933582313,552.7545259739267
1930148975,552.7514956171751
1879174884,552.7436700878403
2094698452,552.7336776164185
1879200053,552.7248539294474
2091954005,552.6214642763211
2095463592,552.5776928767363
1931661347,552.5167231144992
2499476163,552.4878052181043
1433393804,552.4129980787061
2092025971,552.3739032913036
2091252947,552.2861793620683
1879167022,552.1981289288499
1434465751,552.147759944152
1878601113,552.1389360418863
2503212142,552.1369182866317
2500953563,552.134475523502
2500340490,552.1005808006009
2093051931,552.0786848536344
1930945923,552.077719594944
1933532702,551.9487546127137
1879792962,551.9408584574019
1879132835,551.9126758679448
1931015301,551.883170672279
1439506484,551.6906296556092
1880443285,551.6346429502116
2092038275,551.4848103702287
1879202050,551.4609516143776
1880457192,551.4216201249915
2096269170,551.4032984946904
2501166762,551.3790145947522
1434235581,551.3394305174844
1933491244,551.3001942131108
1432702001,551.2919623601061
1880488502,551.2595828856383
2092996530,551.2211307819385
1879204733,551.2017934316381
2096257231,551.1851644746524
1933513035,551.0912465550429
1880534213,551.0764864244361
2501844605,551.0720783008869
1427837635,551.0488929925202
1879146051,551.03619002414
2500178713,550.9933702111346
1880476042,550.9162057032337
1427840352,550.8803621075937
1879183244,550.6788448459027
2093858462,550.6720680457598
1433739244,550.6390721823352
2502742444,550.6084198880689
1434717217,550.5923773745318
1931691605,550.5760172437052
2500991640,550.4401153938283
2093089093,550.4310530626306
1434744771,550.4004576251093
1879129565,550.2994034755025
2499448075,550.2410524130503
1933509284,550.1946748717031
1934312607,550.1867599058705
2502078922,550.090612759711
1433852991,549.9970474999868
1879167282,549.9476630762775
1433560783,549.9149803093302
2091247067,549.9019619074529
1880442022,549.8722063265709
1879773981,549.7682647938022
2092857115,549.7396346558436
1439521832,549.7078630195119
1879240773,549.6955898001877
1880516174,549.6187416082463
2093853633,549.5468890255596
1433935884,549.5067821519789
1879160514,549.4688842826674
1932457627,549.4370860298646
1879843533,549.3970453575041
2503629030,549.3883412542249
1879813224,549.3809229654796
2092083621,549.3164173158218
2501830371,549.3037544713616
1434660360,549.2665388097553
2092897401,549.1680356672579
1880443695,549.1595488059245
1433378471,549.1152971121159
2094605064,549.0856524412225
2092756274,549.0453186081372
1930943243,548.9649264277908
1932629414,548.8616667178976
1879837111,548.8173386384299
2503567480,548.8075623441807
2092979117,548.6544937139453
1433791590,548.5896860630897
1433742643,548.4791736723917
1433636373,548.3137910564883
1878577443,548.2094226467459
1880456851,548.1687598459176
2093018750,548.0838406123898
2502015954,548.052579600416
1427862181,548.0503584962673
1930970327,547.9977234957892
1879790140,547.9810342111907
2500421450,547.9433058575021
2092028602,547.6994480853822
2094604053,547.673748083038
1879150955,547.6448032369686
1879793210,547.5900986901014
1930969033,547.5831373531774
1879152222,547.5711757479964
1933548690,547.552544778187
1930932124,547.4458160194929
2499664302,547.3917025437112
1930927003,547.1824579900115
1930155762,547.1281638621573
1879162604,547.0629293793162
1878584127,546.9744938368973
2093971127,546.9713848122265
2502640310,546.9515515709386
1932499721,546.8390566017424
2502746283,546.7859771711505
2502250022,546.5578380707003
1930177004,546.4999592115744
1879234001,546.4959769822366
1433447725,546.4386158695514
1879771370,546.4336538864924
1879888805,546.4146372664305
1427848567,546.373383601165
1879903515,546.3573392583907
1879912241,546.3139130579655
1930253713,546.3075431458819
2502235304,546.2750313097905
2096252117,546.2317669841743
1879835940,546.2210540371693
1433996671,546.2046287547237
2499573570,546.1973965053913
1878593964,546.1613228991794
2500185220,546.0961228646967
1879208353,546.0585812349033
1932584891,546.0462709881486
1880510905,545.9222006197232
2503716041,545.731652169221
2096218634,545.6121043926876
1433751803,545.5666755015086
2096201044,545.4838981984431
1879797891,545.4712256301526
2503768020,545.4263231081771
1439532923,545.4240063099697
1930172525,545.3932314570718
1932459477,545.3460617695747
2500506442,545.0734110746579
1880454912,545.0693505987501
1932590597,545.035486970346
2503615694,544.934376381438
2092022164,544.8651255745292
2500904052,544.7866942739136
1434282653,544.7785935955006
1879220321,544.6816150552577
1930994834,544.6798342807249
1930993477,544.5339901316202
1929307083,544.5258126298144
1930211141,544.5025345513759
2499360782,544.4817630690806
1879192453,544.4115821361507
1932534394,544.3262408051984
1433483257,544.2003192529651
1879173071,544.1896092074903
2092091527,544.1054546196386
1933561427,544.0316631566673
2095377410,543.9579659471406
1931638773,543.9059902551068
2501957302,543.8870758713174
2501963084,543.8508260156822
1878578202,543.8350628214932
1434228821,543.8099425585087
1434461050,543.7772352201467
1879187742,543.7059204479895
1931016063,543.5945555045743
1930936075,543.3844369704938
2091198994,543.3803368841341
2503365995,543.3457966312766
2091214637,543.3410517456663
1434424903,543.3283230677642
1932638224,543.3260533327046
1879797051,543.2183202318115
1434138737,543.1800070915037
2096274065,543.1493244337804
1930239843,543.1184098574482
1879856344,543.0966706372144
1930183377,543.0467229505163
2501717110,543.0258443417524
1934311923,543.0187032833313
1931010185,543.0046837097266
1432936420,542.7187223214919
2093959901,542.6923899631122
1933516095,542.657510660629
1932575485,542.5894698441318
1880521572,542.5655016781412
1932459383,542.4128259216316
2501793810,542.3980131244188
1433134215,542.2749235663596
2499670265,542.0040220033815
1879145194,541.8907176243217
2501440053,541.8170739293032
1879155530,541.6523186190328
1879169997,541.6344275858041
1880429174,541.6343799941984
2499399392,541.6221213660368
1930944562,541.59886491073
1879831662,541.5797503182789
2499565614,541.5691538668275
2501011200,541.3969355049577
2096259843,541.3735599593513
2499368071,541.3715955900526
1933500367,541.3524304968099
2503187662,541.3423837468416
2502007812,541.3304099176902
2502545140,541.2908746431337
2095414645,541.2820538214088
2500801210,541.165802038165
1931012337,541.1536917609357
2091205603,541.0428667255171
2503401552,541.0125481284506
1930148957,540.9386188972018
2092033437,540.9114380031966
1930175471,540.8371056718164
2092883075,540.7676349102779
1931695150,540.7127024958176
2095378004,540.6803160946458
1931012665,540.6766425826833
1930225993,540.6142075136589
2091201194,540.5574626727887
2091288237,540.2320001726092
2095413343,540.2275493015834
1434420081,540.1546814396787
2092864520,539.9095787482294
2096216827,539.8636682225265
1433481133,539.8302299134639
1434114220,539.7517211936727
2092066853,539.7412115669151
1932633181,539.7330850184806
1433417231,539.6782279474414
2091277421,539.6274227567693
1433063440,539.5566056962456
2499547555,539.5412923167106
1930176135,539.4732235851178
1434510764,539.3883713740955
2500643587,539.3843601092246
2092872953,539.3601159347178
1879198502,539.3161040976369
2093956093,539.2929049255055
2095477823,539.1907156865631
1878580667,539.1659459876262
2091976697,539.1626984208281
2096257452,539.0690008667882
2096247543,538.98875052518
2499575284,538.9503315353573
1879232197,538.9298539824435
1879160491,538.8934562951426
1930140375,538.7952713671526
2502828810,538.7851872180772
1933491181,538.7419050235842
1434593852,538.7095244871529
1878601672,538.6880895176612
2500774780,538.673412368588
1434348073,538.6173669291035
1931692594,538.5799336756434
1878587424,538.2642667423862
2092053641,538.243269652553
1439430370,538.2273912732378
2499805230,538.174590093443
2499563234,538.1393863415623
1930254163,538.0544927467228
1930138403,538.037846300031
2500103512,537.6324012404774
1880511327,537.5997118657217
1880504060,537.5790812728051
1929305261,537.5294292934689
1930212491,537.4792353685261
2503134067,537.4773075133621
2502822742,537.4270069045523
1933565513,537.3951871288879
1878596620,537.3408973635294
1931594170,537.3324039671782
1427672811,537.1536779058388
1434531735,537.1353168736952
1434226220,537.0828501074498
1931670622,537.0769271378555
2501067452,537.0595127435366
2092815833,537.0173693112964
1931602815,536.9109157250167
1932591893,536.8195494474238
1880527400,536.7860570634908
1433229632,536.7370614693872
1432645403,536.712543533638
2092878740,536.592231829176
1934309274,536.5340550806499
1931644995,536.516924815656
1434029707,536.45744606901
1931592705,536.3843000208728
1879141351,536.291316408133
1879168323,536.2645348411089
2095370230,536.2626804084279
1433730470,536.2416757143279
2093948907,536.0837373333839
1880456420,536.0532295067571
2503892540,536.0363009172993
1433668467,536.0098908925756
2093882415,535.6751560827951
2093941700,535.6408665244429
1433032790,535.629157364946
2095404921,535.5956925687246
2501161275,535.5897068333175
1879804230,535.5808094262763
2092995194,535.4748674888675
2499585657,535.4188050369941
1930191663,535.3840538331175
1427758353,535.3548088551584
2501209342,535.3195518330572
1879806462,535.210975498337
1931618645,535.1560884731114
2096186462,535.1236590942748
1879193925,535.1180863971824
1433578515,535.063236192549
1930149945,535.0483783498096
2499329804,534.951425413816
2502948892,534.9350219038572
2092967043,534.8722911553604
2500162972,534.8564952948517
2502479774,534.7803789672945
1880500342,534.752524397784
1434767884,534.6232104262126
2095336533,534.5717586602667
2096237447,534.3595755816308
1930976177,534.3185063453806
2499760460,534.293098830669
2502068934,534.1249408246142
2499631330,534.0832059235594
2502160832,534.0178453217919
1931687261,534.011400207797
2092903445,533.9839702196213
1879774441,533.8700634332967
2094623895,533.8646486317882
2091998194,533.8445482160249
1930992041,533.8421331091275
1930196795,533.7817209304012
1934323725,533.7631188973671
1930183927,533.679939373073
2500110331,533.5565775630081
2092054937,533.471370107902
1931626407,533.4558121851603
2092884813,533.1368766357381
2092076261,532.9456140928011
2095453367,532.8851594907054
1879234880,532.880751602509
2499288012,532.857552209972
2501430114,532.8312591444965
2501605592,532.7863675209122
2091993037,532.7038439473903
1930953321,532.6328134100348
2502781687,532.5804302623078
1931010914,532.4866266573797
1879148700,532.4686843035231
2092072103,532.4063187995
1879856112,532.3912396082638
1879886614,532.3723940249474
2503490933,532.2996631161456
2499302000,532.2195689312291
2502168854,532.1612873374369
2499486765,532.1000060281772
1433646922,532.0944389933358
1879836662,532.0917603557516
1439462111,532.0684423500201
1930969773,531.9643141769151
1880531821,531.8814548609552
2499226087,531.8707784473008
2092820791,531.8360919106972
2094555297,531.6709911077041
2092021465,531.6478986390115
2499373222,531.4968908512133
2503251084,531.3888453262064
2092818393,531.2801960042867
2502476613,531.2391905211065
2501037812,531.2352963138896
2096252547,531.1616305075158
2094610030,531.0998051624688
2095433595,530.7452204994628
2092890315,530.7404907453309
2503381431,530.707940128011
1880526935,530.6722458799858
2095464937,530.5740903665584
2501703010,530.2821176682903
1931654175,530.2545268242416
2092825207,530.2108768733876
1879126244,530.1492928592509
1879194432,530.1304176330699
2499360415,530.0992076930139
1933591323,530.0899487202091
1930246545,530.01038213847
1931638380,529.9964719541227
2091260101,529.9769179434455
2503035440,529.9410498070658
1434766840,529.9218410674251
2503414640,529.8851044715466
2499511530,529.8688368625421
2096203591,529.8454245379374
1878598573,529.8018780214347
2501989382,529.8000577135817
2091276091,529.7184274526576
1933514214,529.5575436611357
1879777331,529.4869068849455
2502053444,529.3454048605964
2092833354,529.337022587153
2503931324,529.2133799804049
1933564873,529.1093128361864
1931688484,529.0898391777401
1879188362,528.9415954237684
1933549441,528.9075339486308
2499540550,528.9064324402887
2093919637,528.8636404435181
2092895693,528.825270984356
2092790393,528.8124765090749
2499282211,528.7951714001964
2502488273,528.6768063568477
1879237691,528.6456866844942
2501159280,528.5522732247707
1433302311,528.5300395805115
1879824034,528.4889580411356
2092914461,528.3914378061273
2093085513,528.333186823785
2095363637,528.2354910401195
1879230850,527.9912684245065
2503513380,527.7990614692264
1931640457,527.6507576648293
2092857535,527.6179280138018
2500212710,527.594594375529
1879128395,527.5428715232728
1931670540,527.5089318566218
2092793435,527.4894682415508
1439358541,527.4550582327656
1434388940,527.329454486006
1931026140,527.2720861941858
1879183555,527.2515351918215
1433341277,527.1289750184085
1879808471,527.0660015381059
2499311944,526.9948442555934
2093986285,526.9879058988761
1434125854,526.9611570260921
2499553550,526.9272883175477
2503819547,526.899644750063
2501045992,526.8771883867967
2091250994,526.849503832861
2094626040,526.65940450673
2095368143,526.542156324338
2500203413,526.3482713187097
1879781792,526.3287370590311
1931658225,526.2151769595098
2500496697,526.173008501682
1879190741,526.1174430832381
2502668945,526.0946820546052
1879786732,526.0721343249705
1433903955,525.8907513923399
1880501890,525.8718259053446
1878584581,525.8329275060946
1930251057,525.7294703569664
2499428540,525.6984795769578
1880505975,525.6318772909078
2500809501,525.4989399968232
1880451887,525.4748961466138
1879882765,525.2296801834593
2094632757,525.1622647573558
2094630197,525.0844045280248
1930999350,525.019920262073
2502401514,525.0048361495437
1879235277,524.9456448787219
2502496910,524.7312288992696
2500117303,524.654994598994
2092882120,524.4972873460531
1434768663,524.4556337248431
1433943210,524.3426651200189
2500857540,524.310028001377
1931666694,524.2673350478996
2092918875,524.2294713311894
1879194601,524.1618313233365
1930203374,524.0169979454881
2501052660,524.0169529018956
1427731845,523.7927159591561
1879195004,523.7268303562696
1879189522,523.4340267375279
2092866067,523.4249488891425
2503390892,523.3101018719947
1433210537,523.2515600035158
1433003152,523.2331304336591
1439451013,523.2198046572054
1878594980,523.1988937642233
1878591313,523.1301264599472
2093061554,523.0243326259141
1879170940,522.9999944287248
2503873401,522.8181157476613
2091198004,522.5367899291497
1879203637,522.5330584599781
1439345361,522.2649144648466
1879803475,522.0852123123476
1933597017,522.0463471449115
2096227133,522.0451407552823
1880537700,522.034538198849
1433163723,522.0214701142911
2093968013,522.0172388006351
2503492265,521.6671676550071
2501503710,521.6461320374475
1433673030,521.6337642682345
2093076580,521.5747595687853
1931021683,521.4032385639707
2503761563,521.2900469608616
1439386423,521.2773244291038
1879783072,521.2718221517856
1432785783,521.2518102249378
2096218723,521.1465528171346
2503751580,521.0943017153317
1879232854,521.0388085854851
2502263730,520.9661972766531
2500167733,520.8378638882956
2092943774,520.7967973739485
2501578225,520.79138354929
1433609564,520.5693920830819
1930938422,520.5640139048753
1879813020,520.5091496942918
1434338352,520.3606985016403
2502927371,520.332975584203
1880483405,520.2969323366137
1930196863,520.2880329513646
1880466291,520.2028955777135
1434088937,520.0703372720463
2094559220,519.9708780678842
1880518192,519.9608670958339
1931688311,519.854041056675
2092960034,519.817703173569
2092072415,519.7622455280799
1930969505,519.617892107771
1931009925,519.5278226332924
2500645250,519.3685845939208
1934314961,519.1889943950032
1433144245,519.0511044315793
1879140633,519.045331960454
1433385411,518.9393909894322
1930981344,518.8647382741065
2093915881,518.6922926158064
1930214863,518.6916376117684
1879156641,518.5835409358477
2095349894,518.5767595185197
1931610907,518.5668278508371
1432947450,518.526883838329
1930241967,518.5001699775004
1878596054,518.45515624583
1427855105,518.4541066863553
2094582245,518.2594099251703
2093031417,518.1675183326598
1434380940,518.0585229662324
2501038712,518.0567207091815
2502378464,517.9798047502223
2502885197,517.9638533465148
1434639643,517.9504799786507
1879220504,517.7411604165646
2503202880,517.7010102180386
1879234602,517.6970005884596
1880475155,517.577832483785
2500706622,517.5568922552179
1930164227,517.2821509985699
1434553561,517.2486135560342
1931658307,517.2032971859908
1879831075,517.0823147351823
1427890455,517.0455753869526
2094633823,517.0344546431501
1879215861,517.0215060716945
1932521001,516.9879354763152
1880507833,516.6606621865533
1879882734,516.5518478504157
2502530682,516.5407557235045
1434104447,516.4864527294723
1880496205,516.3769886011055
2092823411,516.321806453024
1880470220,516.3007980140769
2094671381,516.2842411076242
1878603625,516.1463728619684
1934322984,516.1426879992193
1930216252,516.0900783620805
1439597407,515.8952520333302
1930214073,515.7970957852903
2502861624,515.7201370337693
1879189547,515.6737647407533
2091235064,515.5704901340437
2502167824,515.1238381641186
2503210297,514.9010447803043
2503199797,514.6358977735063
2501091467,514.6312326001682
1433830194,514.559991452693
1433039047,514.5056163211335
1932631533,514.4570608149872
1434559071,514.4065900001817
1934302332,514.4001288932594
1930162385,514.2580651107359
1879146780,514.2469111591006
2501417297,514.2342981757678
2093972881,514.1545565013416
1434747630,513.970195982382
1879210993,513.8526560913009
2501567841,513.8067166570024
2092084755,513.7869685853608
1879794900,513.5348638382904
1879901255,513.5142610250027
2092922035,513.5006078123309
2094604510,513.4986802854354
1880538780,513.4463271794593
1879892092,513.4110333110207
1879890132,513.4097661883123
1878575471,513.3049962328697
1434420062,513.2211918550535
2500845293,513.0852342027663
1930182093,513.0788973725048
1880504282,513.0741299201579
2502124400,512.9477158218862
2093962521,512.7233973510564
1879220197,512.709273681915
2503718362,512.7024112159795
2093889262,512.5539181578716
2501760072,512.4667207749593
1434642433,512.3064873233754
1434193271,512.2859328978254
2501262454,512.195710597503
1433727052,511.80318680196444
2093028210,511.6722806617018
2095405365,511.6647684175535
1930156640,511.65342173762053
1433857384,511.54054659407285
1434596923,511.2221525227186
1879161730,511.0801050951013
2092022200,511.05772406233933
1879154673,510.9496219093845
1878577095,510.9480759139516
1931604093,510.79782503359337
1880439182,510.74856699209215
2095489284,510.5931851925564
2500682675,510.4111648794242
1932505485,510.4025000048423
1933567755,510.32456750809837
2091228570,510.2523252912758
2094656850,510.2266722954526
1930228001,510.07412796084174
2499815750,510.06431169241966
2094653980,509.8800004023003
1879191701,509.84956847187044
1878597082,509.69114607297695
1879854537,509.581889326196
2502731733,509.48425548308916
1439316504,509.44845826912456
2503185300,509.38709419474674
2092089121,509.346115690837
1434182501,509.3150206900747
2502778782,509.2536523825136
1930247287,509.2470872113243
2501680722,509.19227147272017
2501140600,508.9456399358413
2092858925,508.9134095433976
1879212093,508.81044956341043
1930943263,508.80607576822337
1931615354,508.7532605234024
2503261990,508.4528880703125
2499339590,508.10708127587395
2095383675,508.01392552330805
2503473304,507.93168766313204
2500424603,507.84235513057007
1427716044,507.57927287564456
2091269851,507.50733486600717
1933511611,507.35037647869933
1433758735,507.2580857849543
1432663931,507.2472925575892
1933496913,507.16718885939883
2093011980,507.1148558614872
2503180127,507.0307087838492
1931018977,506.9667721382759
2501634180,506.94828987066154
2093976291,506.7993560527921
1934322553,506.78650699332445
1931618811,506.762194975918
1433066175,506.7609654799305
2092879253,506.71240893671654
2502498080,506.6727594221768
1880512827,506.6627337691129
1933562353,506.5696274787413
2094676253,506.4007669861947
1434720681,506.20836639212456
1432725934,506.132775858697
1931634564,505.9583135342954
1934304752,505.74390164668813
1439459871,505.61709513654233
1880447703,505.61197525421375
1930217551,505.59232110456674
1934323135,505.4733716512452
2093058397,505.46612975428167
2502317682,505.38114565384615
2499300257,505.3394476143392
1427699837,505.09076828159573
1880456120,504.99723585070666
2092063834,504.9714348255494
1439411150,504.96226714513193
1439591115,504.959778334039
2501894420,504.94998341742814
1931622151,504.874768743599
1879905101,504.7307168321084
2502452763,504.7266910201567
1433685875,504.54301097853045
1433032465,504.51774269455746
1434430871,504.48422187938087
2091982001,504.453381955342
1932517464,504.40057195116793
2503647720,504.35988187621257
2095468952,504.2906579483435
1930219040,504.0468720379331
1433385627,504.037485302911
2501955804,504.01911790867194
1930983443,503.9670422988824
1878584853,503.85590587982585
1930997573,503.8179428202643
1930930292,503.5683371112537
2499596977,503.44792264264197
1880542581,503.419086014918
1878586877,503.4105683092877
1880517107,503.39403392424913
2503130940,503.38110711489827
2091198831,503.3402075327693
1433325045,503.33906656644496
2092763133,503.3011251231608
1932548213,503.29645810963325
2499860350,503.2786277587602
1932642990,503.11331382157164
1879870332,502.70931269061
1931655571,502.6999611679238
2499218462,502.6770539575828
2502351772,502.6454462497537
2091216905,502.62925039079016
2501859655,502.5741327858491
1880511843,502.4324445520005
1931009541,502.42883242586606
2095368283,502.4133466562448
1879210305,502.399979271937
2501244310,502.1140327370933
2096187871,501.97900410858506
2503018191,501.8356774643157
1930188835,501.8222420468502
1880434252,501.8006362586294
1879192224,501.59432569810116
1432718793,501.555563280942
2092893880,501.5406361882628
1931670954,501.4091555880244
2092052657,501.20261476249624
1879225737,501.20066839519285
1433875892,501.1332457093393
2095368054,501.11648226687197
2095382730,500.9539034458917
2500298964,500.7179439869781
2091204184,500.50361080873313
2499701364,500.3199497883565
2091255017,500.2833530092925
1879169402,500.27326655465544
1879172017,500.2696003063439
1879808512,500.2454788290346
2095391671,500.122745383866
2093864421,500.1047819931697
2095450235,500.0766203154457
1434515530,500.00369122333854
2499578592,499.9489452709223
1933501687,499.8733069401443
1433657347,499.83008402705275
1434002732,499.8261085302789
1880495633,499.58718842794485
1931675414,499.5800077077542
2095488793,499.5610535302364
1434362572,499.4910365734299
2093026454,499.4167958590568
2499557423,499.3002598407665
1433502264,499.27060011584706
2501520672,499.2565858433458
2502054835,499.19418362769505
1434289237,498.9362835491705
2091999621,498.9211156110261
1933525430,498.870093831022
2502139984,498.8289046041501
1930955163,498.6911014602833
1934313423,498.69011022677796
1434542493,498.61822428224156
1931673274,498.6165949104771
2501947111,498.5258653446721
1930207641,498.4651465790053
1434119177,498.40103351740447
2092013871,498.36085085911964
2499503285,498.3025304479365
2093962644,498.29808537781514
1879896272,498.14723167507873
2091998895,498.1317964845032
1433603622,498.08708881462195
1879770063,497.8418831502646
1931632375,497.8277510924422
2502274783,497.78466659789825
2500895977,497.7789034653379
2092917647,497.70880634626417
1433447874,497.7053057587738
1934300967,497.5802167434898
1879165430,497.5506761027575
2503717070,497.5440722106585
2499215295,497.531226352294
1930238760,497.4502813188866
2502349134,497.4305479862745
1930137013,497.28517270744527
2502850240,497.22332594873257
1434604293,497.11886578695305
1933540517,497.08244580663444
2092824721,497.080562496104
2091216573,496.971285463518
2092836355,496.96711085629596
1879882810,496.81349247240115
2092984265,496.72640514464877
2499843982,496.49779363339286
2499590492,496.4822248283023
2502294870,496.41901795687204
1879790333,496.4185767803874
1434731981,496.37931759585837
1880472232,496.29531462108565
1931665431,496.28083804910153
2095428873,496.253911521604
2499230872,496.2206317713711
2091986543,496.19761805491294
2092029500,496.01982695882896
2499232403,495.9375958192796
1880472362,495.89870780717087
2502245897,495.47865355382237
1434595863,495.46406614975393
1932481550,495.44393197917566
1879852660,495.39951760337556
2502304210,495.25151584266433
2092030383,495.1760398016514
1878602162,495.0861973824077
1433390473,494.9467557156805
1880488485,494.93409975778195
2502346602,494.906675741557
1930193667,494.63339275574475
1879802075,494.5053465311383
2502371533,494.21519510640127
1879872130,494.1814330439011
2091956291,494.0819088526318
1433601890,493.7588228956437
2503469850,493.5616846814086
1879167552,493.3228249527999
2093048151,493.1524082430369
1931013184,493.1241644225537
2091988750,493.0502835134985
1427836754,492.9968720347914
1930187851,492.9446739584912
1931696723,492.9110923411614
2499480752,492.74473398019387
2502935580,492.7198469586221
2501972392,492.61727464387394
2092882304,492.59008119250484
2093002063,492.50470451388514
1879843600,492.46226809716416
1933536517,492.44088901196665
2503823792,492.4025367560307
1432981687,492.3847632617292
1433298592,492.32373409425185
1931646317,492.2567434851497
2502635747,491.9698165009388
1931635213,491.94863031892396
2092938840,491.8572529543637
2502092911,491.7611191592685
2500211607,491.589146679931
1433219737,491.5148791487496
2502492342,491.49010879772896
1879231355,491.4328493332149
2503731217,491.1743118830454
1879894060,490.9249130546012
2502282002,490.87729546961117
2093863210,490.8134417490927
2093978042,490.75666978874796
2501953781,490.7261024007773
1434483330,490.61972064640315
1427871170,490.4376800928609
1879884332,490.3901616850685
1933511405,490.26604644996775
1434456800,490.0059785850416
1433072795,489.9839604828128
1434333017,489.97678990099473
1879841014,489.90750027550274
2096272905,489.8851271240228
1930180122,489.8374371223531
1931635527,489.7784407303558
1434117060,489.71819677973957
1930227733,489.58500509249524
1880451044,489.5621282608539
1434769525,489.5532206017834
1880497114,489.43335057844644
1930149725,489.3969594731772
1433658445,489.2881095954006
1880427535,489.07153440661943
1427743413,489.0456219055743
2501257510,489.04479307049183
2500266107,488.8863428174801
2502352790,488.8750937633765
2094593862,488.49007624644963
2093084625,488.45659499713025
1433158597,488.39709329440603
1432616984,488.39183551042123
1930249087,488.38986627356513
2092015653,488.3713233531823
1879883554,488.0521321258329
2094696493,488.03639104529276
2503278492,487.99482507551056
1931641727,487.80750085052136
1434635635,487.7438632710827
1880521735,487.6656651280985
1879230497,487.54575270684023
1930222963,487.5401110678747
1879148511,487.51339471671366
1879860222,487.4356956130948
1880530810,487.4337645408089
1433713134,487.3859033267844
2092091702,487.35360231423033
1433135800,487.3057606906935
1933593281,487.27834664412114
2499701434,487.1088185652354
1879138273,487.0738184034205
2499595081,487.0280932958412
1879861984,487.0212912027639
2502974982,487.00734159525996
1880426505,486.7446909644085
2093884365,486.68477761868286
1930233401,486.57933270622976
2091239712,486.5210778414483
1879857984,486.5103236281994
2500199512,486.4426102497081
1879902582,486.3781668287188
2499529310,486.34058296244746
1930221823,486.3180574121259
2094697551,486.2421811849631
1427608695,486.0624495582642
2092028927,485.9954404351081
1879225765,485.9012716951736
2092058925,485.884468969833
2503056460,485.8665414151457
2093991530,485.8301922623502
1880438927,485.8206798830877
1434231522,485.71498735923274
1930198071,485.6067798576764
1434682553,485.31905435250314
2502231512,485.23792334608623
1434701294,485.0754542230467
1930219773,485.0702456995418
1933580604,484.78372924450144
1433237377,484.59160278318376
1879861867,484.58247796221775
1933509675,484.51145837753677
2500398013,484.440329471493
1879134702,484.0836956955941
1879893423,484.06869603788596
1932448024,484.03097819932884
1931603865,484.0103762382458
1930963421,484.0023478833379
2093987277,483.99494366101146
2502950784,483.819433723187
2500580865,483.7859436707736
1879899837,483.69939645858904
1880478602,483.6148050967659
2500383762,483.4948861899137
2092077323,483.45761585046927
2092007395,483.44637011560985
2499768852,483.37781550405526
1879147780,483.25247157643355
2499764350,483.2393745932714
1930199167,483.1767704142277
1931588647,483.15232731103123
1880544771,483.0949230785415
1433960787,483.06662744762474
1434078367,482.9200041080957
1930954471,482.70862909379036
1930973967,482.70628463636285
1433504873,482.540772341778
2500527117,482.45878135320424
2502599653,482.40851748344375
2503193011,482.38323976556217
1932554282,482.29848631091505
2503922934,482.26286308972226
1933575493,482.178488633983
2093050600,482.14452261362504
2501895521,482.09575404974726
2500932124,482.05644541646893
1879184551,481.8261637543944
2502314732,481.57499410621494
1434757120,481.4750780186157
1931616813,481.38756083092187
1432954130,481.1032995602826
1879154217,480.8117797316698
2091199825,480.80889029788625
1879828032,480.700918206574
1880511060,480.6985348223098
2092769347,480.6853738872897
2502951294,480.6834210385801
1931006010,480.560362952668
2502421872,480.3616734982455
2502049552,480.3589642881625
1932620137,480.3569786185454
1933570794,479.74606437140085
1439596052,479.4617962533891
1932620974,479.411730563725
1434489412,479.3540586692846
2093870940,479.23734409508324
2092810844,479.23447744706027
1931673484,479.2191027887232
2503120331,478.9854798632331
2499426904,478.8515348748985
1934313973,478.788542492001
1432780360,478.75644946958465
1433141692,478.6995062722978
2092053352,478.5122866595783
2094640780,478.45263059647607
1930985463,478.35410083313616
1931658070,478.12656252603324
2499212230,478.11319891434033
2500476697,477.8872002225253
1879822735,477.85153456537637
1880535341,477.8356556956274
2093007033,477.48068931721707
1878582551,477.43768121023743
2503473880,476.9063813800496
2502085930,476.8860876536051
2501234240,476.7969391875435
1879898995,476.75005410501933
1879812904,476.6554209208819
1433596194,476.4881618342787
1879133105,475.898663441335
1439498664,475.7945391497702
2499213580,475.783386793021
2094584300,475.7360150490274
2092942010,475.6999962595953
1879899142,475.63743231544606
1930207171,475.48770365554026
1433353080,475.4429855302296
1439612393,475.17369083278203
1878578874,475.0230210602491
1880506252,474.8268399379512
1933568354,474.8227526438932
2092794503,474.8142890820319
1931002392,474.716323381304
1930981352,474.54711825880025
1930937742,474.5369462444294
2096248911,474.5272660285993
2092896924,474.3137301115986
1879848224,474.1716059696861
2095362597,474.1314284486618
2094575812,474.09074473658006
1933511965,473.91828963258854
1930951603,473.7925858774802
2093937191,473.6169606561633
1930237825,473.60122030986946
1880425094,473.5494623869544
1879159590,473.0925387064584
1880479792,473.04795909476724
2096255124,473.0312627062363
1879840017,473.00097109368164
1930152335,472.8520531288025
2094594650,472.79357528638604
1434718541,472.6944729094448
1931664441,472.58226997573087
2502479894,472.3461088610773
1434178744,472.30207275627214
2502089410,472.0909752822248
1433014400,471.91610141657634
2091976587,471.7829873990163
2092050097,471.6968668377344
1433711954,471.60663993003374
2501762335,471.4548165842333
1932459814,471.45330928590937
2499446312,471.44874154001695
2501558950,471.2996334628961
1933521051,471.2862200332167
2501690592,471.06118483899616
1932499622,470.97343370099503
1932571185,470.8739369563954
2501376780,470.8125400696563
1432974172,470.777725247085
1878574173,470.7004516839952
2095410027,470.649322244215
2501518671,470.52347621301584
2502586772,470.51949821230096
2502729377,470.17155989617254
2092049037,470.16078457414596
2092815185,470.0042390058661
2499241432,469.94441505523406
2501923811,469.87445899548226
1427851377,469.7445881405047
1878599187,469.7168515158828
2502943922,469.69314823768065
2092847721,469.6573391403517
1434491204,469.5748756978136
1879816440,469.5717120220677
2093880161,469.56383760774753
2501868731,469.5352668677652
2502106120,469.45838768034776
1933543465,469.3019249166127
2095451857,469.2950542085345
2503626845,469.2690209574212
2502073675,469.170933682692
2095367872,469.14118465375185
1434268952,469.10395613158
2499835172,469.00758819058495
1932641025,468.96023235463156
2094624710,468.77179749011526
2503851520,468.74352020932133
2092022400,468.6774495916652
2499590433,468.63964481632013
1879204533,468.5827659312691
1433119823,468.525731532436
1434224355,468.4574372449498
1879822043,468.2479537367387
1933529375,468.0291022268519
1879881704,467.89056322774735
1439377027,467.87485921738715
2500585022,467.7768757676669
1434532894,467.5565393381375
1432703867,467.5293121651349
2092087977,467.52703199216813
2503066120,467.4516604871098
2499600715,467.16150243411676
1879864903,467.0071963549871
2091269033,466.81204598576085
2499761712,466.68834102982754
2091953365,466.5754279129289
2503692245,466.528964371599
1878580004,466.4598768067166
1879217593,466.3653756663725
1932468067,466.3254309253433
2095461514,466.29223623103
1930971677,466.25880594427935
2094677365,466.21053560869615
1931608247,466.0479044039661
1930198160,465.85442594712015
1879132554,465.8484046469606
1880426713,465.8083223261562
2500824484,465.80164448856925
1880438257,465.6827738111985
1930165154,465.3953784308918
2095483775,465.1939595697489
1433033120,465.1248013322402
1434428723,465.0130045721634
1931008083,464.9464901518429
2501005770,464.81764405205587
1434283474,464.72726103854075
1434145857,464.69644633887907
2499603604,464.5412931124017
2092756995,464.46804487825307
1931602441,464.2709786187823
2092787267,464.14132164272917
2092000993,464.0930489340923
2500811717,463.95386362911745
1879811904,463.8700283952009
1880485342,463.37483499827397
2094694375,463.1530474476924
1930200011,463.1238730988396
1880500124,463.08834493319097
1880445213,462.9999097952428
1439370650,462.8758041196737
1930215614,462.78506623522645
2499289927,462.741032101587
1930139031,462.72345787178597
1439414705,462.7033790532919
2499664711,462.5827143776062
1879155071,462.4870518579512
1433264242,462.3013474222994
1439497600,462.2698705388882
1879878010,462.269435878043
2091184465,462.2083974604128
1879223875,462.17637111551295
1880500567,462.1388702672723
2500487107,461.9022070470519
1434541951,461.8833009397378
2500957827,461.78583444733766
2502021250,461.7682812270998
2093867465,461.7168501002383
1930172281,461.70911285080865
2092886751,461.65802307605406
2502788671,461.656697998283
2094594120,461.54327344613904
2500514233,461.5027597275688
1879795537,461.4064565648539
2502638572,461.2708426523194
2503589982,461.24335092389134
1434040484,461.21204493172803
1930973297,461.01719529559773
1427602503,461.00219983376803
1427733671,460.76631254139016
1432674253,460.60517828856155
2094560147,460.57659412554057
2092879621,460.5278408448568
1930978814,460.4444038997418
2095461623,460.39329361391196
2503112265,460.36587768334965
1879801550,460.3099738777698
2501254685,460.2848057338628
2093917370,460.19985390182023
1931612277,460.18938351954097
1434139611,460.0885421434829
1931588261,460.07094705146585
1880482604,460.0580569652815
1879142512,459.92204511206063
1879779583,459.8571872371642
1434544513,459.7157995030793
1879143117,459.6783390526682
1880541811,459.47911139140126
1930242275,459.467538065581
2499276117,459.457719449471
1931026637,459.44009522176907
2093906730,459.38755557729615
1433496890,459.37646221279226
2092864580,459.37033765313515
2501820164,459.3480533303303
2501953380,459.25458203046526
1932482801,459.2224953932915
1433503065,459.13417015942224
2094560175,458.9992720635469
1434251832,458.8283320748509
2093860037,458.59769996377923
1930928551,458.51760341985715
1932453615,458.3821920567546
1434418352,458.3341048635393
1930140941,458.2938462401202
1929309203,458.21016496329037
2502675011,458.0691126212734
2500829892,458.0338229529955
1433710540,457.9821664927162
1879774782,457.9389591547698
2091230723,457.911429788243
1434177157,457.9037486400171
2096238157,457.89137830116243
2092031893,457.7544245673316
1880496345,457.6280662232759
1879151935,457.61565555229413
1879884724,457.60932111947903
2499412165,457.55036031989647
1434173303,457.4964447647684
2502970410,457.4909593974889
2501023030,457.47687240792294
2093962151,457.26363234793143
1434618582,457.25866789221413
1879887305,457.1444813852411
1879769734,457.0402020375132
1433368312,457.01858190050746
2092010880,456.93295722606337
2499883642,456.6394583818751
2501738297,456.6065602906468
1931003797,456.509992496904
2092790224,456.47988740081695
2095400011,456.44978293928943
1931029115,456.4000840769618
1930186197,456.1830771785102
1879147112,456.0428434263739
2502082510,455.9985219748554
2092904945,455.9583053314617
1433466462,455.9309302142655
1434203610,455.84466377298423
1434301931,455.8397897872011
1880476657,455.7541987173016
2095346133,455.68995992406343
1433205823,455.62939332266427
1433245247,455.60574412284626
2092803773,455.59339346473837
1879137553,455.5624992797162
2092088127,455.51073289412795
1879187432,455.4694869330869
2501665382,455.1587461191262
2092963791,455.102511201325
2095493951,455.02891777177075
1879211305,455.00782462399445
1930215645,454.9760392454665
1427803060,454.91954777054076
1931008345,454.88955346804227
1434544483,454.8577874163449
1933496003,454.76946518503246
1880452447,454.66684128597313
1932495843,454.57970120790884
2094667025,454.45497028571134
1880529157,454.4496369603196
2096197135,454.06731322905273
1879816730,453.8870489455137
2502923162,453.48467114426967
2093966457,453.43811530808824
2499732414,453.4070833740319
1880472723,453.2288067250193
1880441582,453.1938485355293
2502086472,453.1771855383812
2500953042,453.1371174421994
2095475884,453.0126758583665
2502835711,452.92251677441135
2501018897,452.7748432175766
1879894654,452.76202127335193
1879844673,452.45230261135436
2092043787,452.383815963507
1880532087,452.33571677648916
2503520765,451.78772249331877
1879223590,451.76427823801237
1434198271,451.6624672786553
2500851610,451.6117582553808
1930236085,451.59117688667135
1879829462,451.5897224779216
1930157535,451.34625351524153
1930165005,451.281458464386
2503041264,451.2082481187012
1879227964,451.173863572742
1880504970,451.05974058206596
2499494677,450.96301086527774
2501248034,450.950584188567
1439578930,450.8743504411901
1933537260,450.55850896717914
2502214751,450.43335543776607
2091986131,450.3554272641602
2095425003,450.14661103292826
2093950760,450.13255501144795
1931669875,450.13194749121664
2092870905,450.0854440560829
2502339590,449.80926636847425
2092019887,449.691355467505
1930243203,449.65751670091834
2093990220,449.1471848805418
2500916822,449.0794429800479
2503675931,449.0672616191249
2500243043,448.69249274820004
2092892404,448.67407604665027
1880488212,448.62022054208006
1880507394,448.49692861053376
1879896024,448.48954918890644
2092775401,448.470738418921
1433803721,448.2795305064149
2499784602,448.1321616489542
2092000735,448.1255879711254
2093091603,448.0034259273568
1433294943,447.96419500726154
2092014177,447.8191060059571
1931639727,447.71918132209584
2093092247,447.7062795767711
1931611361,447.7051598355317
2093898481,447.6678821983528
2503711534,447.44763930045946
2092017483,447.3440619710102
2502447625,447.3438146889875
1879771057,447.14398264482304
1932466341,447.0586052904769
2094662377,446.9192427658106
2501397475,446.8911801933038
1879151930,446.8188969035489
2095346027,446.7695321851835
1433639300,446.72128485140246
2502930653,446.55526789641016
1930183113,446.52742710086994
2094676837,446.05696916207023
1934297260,445.8874530940235
1931006322,445.8029816934724
2095384362,445.6932011314056
2096243505,445.6864413478837
2503605640,445.30844914402996
1880481251,445.2501956916342
1433810817,444.99251530166504
1439414042,444.9897209586607
1434641584,444.65994708613454
2503453451,444.63602652687194
2499225250,444.6128827347889
1880514311,444.5774055300736
2502047610,444.57680905942925
2501604322,444.4275545133738
2501412120,443.81806034956907
1932634004,443.6330091061958
2091997493,443.619786722953
1432836790,443.3975391905105
1930170022,443.3217027000472
2503626602,443.1767453413663
1931643020,443.1517341129069
1930148211,443.1391924304764
2503084312,442.8077627323993
1434544810,442.79483639051347
2501950561,442.79202075956533
1931026657,442.726448229449
1879878254,442.68680683153536
1930164047,442.6147830949317
1879791110,442.6074257844881
1880518521,442.5315097736813
1932577857,442.4863761367724
1427778630,442.460370309242
1930994542,442.3665280930466
1879137674,442.1979272165442
1427603313,441.87509575675955
2091204570,441.7518020921201
2091996213,441.6473844212666
2091246713,441.40195459897797
2501899404,441.08694921026404
2499388704,441.05331178415844
1930212753,440.9634733520689
2503134564,440.7709532206588
1930979700,440.5623042032377
2503060941,440.55160208883325
2500413904,440.3539151488321
2092999530,440.3111343826635
2093867161,440.18854298285936
1433193614,439.8264443637909
2502468340,439.82462442231235
2500148685,439.78558971906887
2096234531,439.6536260273379
2499303891,439.62711643908455
1932430190,439.5549225855601
2092957237,439.17595969567066
1879144844,439.1319468695966
1930188871,439.11308792056207
2503073171,439.0117319921237
2502852091,438.84282668991665
1931688451,438.7982290683771
2502675917,438.5642438303553
1929304267,438.50715579205945
2095348250,438.34003770441973
2501016302,438.26456135807865
2502128382,438.21749896639784
2499498142,437.93764714929677
2092813173,437.64775108159625
2503472983,437.5795853444348
2503847682,437.5514593201555
1931639002,437.1996442394598
2092940467,437.1884500688174
1931690637,437.01921483764943
2502831002,436.55330576648663
1427876533,436.2786221614891
2092871577,436.2106343703987
1879793421,436.18400799557065
1932616481,435.98792570735486
2092867693,435.9084861026879
1433595894,435.82877266255747
2093905824,435.58535805195226
2091244587,435.54113320778947
2091955353,435.4855300901808
2502075067,435.42851106369955
2502546630,435.198406971422
1879214581,435.18411329135654
1879167103,435.07500242167515
2091191752,435.0150395464821
1933510183,435.00054548916484
2501137482,434.9820232448394
1878578405,434.801663676722
1439362620,434.76578075706004
1879803624,434.74626032170784
1879151823,434.3494695932735
1931661997,434.04705403253104
1930996643,433.9783998799136
2091250091,433.87842685320066
2503739834,433.7371886501511
2095351923,433.1815816646398
2502240043,433.0545827286948
1932428662,432.87863674351576
1433399202,432.7902299742421
1879820723,432.72123115366503
1933498845,432.3294355506997
2503767942,432.31766327604214
1880477391,432.3059002128077
1427835531,431.9359386225219
2501369984,431.81857323069596
1879153543,431.6916337580416
1427603034,431.52032539323835
2499329290,431.5099352566602
1931614801,431.3603386394284
2096247613,430.8865336735682
1930137101,430.5702465290974
2091961550,430.44354984177494
2095434001,430.4151146577461
1879856934,430.23528262691707
2502260182,430.22357522186525
2093014723,430.1770514622286
1434654963,430.1413388261819
1930137325,429.93877797235456
1931593950,429.70266343726627
1433368557,429.6957979296087
1434410281,429.35313618683364
2092804167,429.080309215638
2091226041,429.0348720521605
2095356013,429.00031695312595
2091288993,428.9816514884946
2091224645,428.94347721518614
1879135063,428.78161645393857
1427591573,428.6942201399209
2094629835,428.6531898057233
1433521667,428.1909763168173
1434101331,428.06493857466165
1439599741,428.01250405844706
2499560500,427.95357197845294
1931590945,427.8748863843611
1879135231,427.8126505910811
1434477690,427.68986647190394
1931646933,427.6851304756743
1879815304,427.62883180074436
2501220240,427.4488057083334
1930145571,427.40262599568996
2093954513,427.3004398834
1878574921,427.0614192210782
1434285184,427.03479794609336
2501491620,426.8014706202652
1880477263,426.79179811132343
1933525097,426.79078723331395
1930190805,426.6034268780258
1929310313,426.54130553426614
2503630092,426.4933489544961
2091191900,426.3079880371527
2092868741,426.14874165950727
1879203007,426.12791767361995
2500119065,426.0278494382954
2503385734,425.97736900206326
1931693722,425.7786408275205
2499486102,425.75462830838177
1427875813,425.69375408980216
2503561852,425.6715187218757
1880441331,425.5015999770522
2501356707,425.4949516202805
2096244485,425.33114687390247
1930248475,425.17232055249275
1930215635,424.7415688733039
1931638127,424.6921587034254
1931648893,424.3889364211342
2093911634,424.31599815681625
2502366982,424.30727352561985
1879878690,424.30693385220155
2502656582,424.26740828847
2091264563,424.0639260159523
1880538272,424.03792961841197
2503498813,423.8420173663679
1932576647,423.2710969569163
2503480454,423.12579155939244
2092045355,422.9855520226407
2503911060,422.7676421961452
1879189505,422.6998788415557
1879866563,422.39395247439984
1879812770,422.29617026474716
2501749142,422.219019350953
1434452853,422.117492304379
1879154083,422.0049820067966
2501353045,421.92867620448044
2095422492,421.8251297322975
1880513753,420.81697986814055
2501972754,420.8095548606155
2096189110,420.7991849434174
1879824454,420.6994239069766
1930172921,420.6229924442114
2095456460,420.5621173109616
1433693345,420.5606651161535
1879807693,420.2898161329124
2091210800,420.0924781332171
2501819795,419.9442591542768
1880433130,419.8478500050944
2501869350,419.312967979998
1930220847,419.0853579322244
2502577127,418.4373866231236
2499535565,418.42814450012395
2502891367,418.39889655319075
2092826704,418.36450702469824
2503303150,418.26277668763925
1934304167,418.13725918236054
2501536430,417.9965663436674
2499491592,417.6512476784475
1434599762,417.5046584930822
1930947453,417.48418814624574
1427593641,417.2073816497559
2499651060,417.140760438167
1931639737,416.780004521187
2500146585,416.71438581711607
1879841305,416.57628867082684
1933511781,416.566320183414
1930180117,416.22671213613404
1880526357,416.158484057739
1434307661,416.1254379878402
1931629201,416.0628207825882
1879909450,415.914018346454
2502850823,415.7934246469381
2093865801,415.1563746061392
1880434772,414.9852729973854
2093047690,414.93234952162265
1932542115,414.23075160696175
2499721744,414.1886686362471
2092856491,414.07362850572275
2091256321,414.0095696673033
2091237704,413.77758444588113
1879165147,413.50057184666
1933516660,413.1291912199239
1433355884,413.080243818832
1880503815,412.97002526612306
2092935932,412.92602490612194
1933565622,412.8013403462621
1878587204,412.371696195192
2501550442,412.30431254188056
1930253297,412.3004968414779
2095439577,412.0793862563017
2091974085,411.905124283651
1434118543,411.90331212027854
2091253535,411.13616385582105
2501497002,411.0939357324765
1931645057,411.06957972024935
1930949627,410.8681313664053
1931676065,410.8426326695089
2500933895,410.2050696791748
2091948333,409.9060887744035
2095375077,409.87893763227083
1932470121,409.78491928796564
1880438183,409.78472771913863
1933541191,409.783583110637
1433242512,409.58251022381796
1434507202,409.563020184445
2499453160,409.30518094263806
1879202903,409.00983612549743
2092064013,408.42863482546727
1930944447,408.3502932545524
2092093181,408.2263166997471
1432791601,408.0862923551397
1439520395,408.06939591698296
2501734602,407.65245277713706
1880425242,407.6096702882618
2091264891,407.4300503230921
2091285697,407.25191902786514
2502094112,407.03442869371423
1932625971,406.99212120292975
2501308223,406.9094396264879
2503575883,406.85584833399065
2092835431,406.66780805983433
2503656442,406.5663075884632
1880433195,406.52495321590845
2503862422,406.40188389430176
2502384194,406.04809299473794
2095339303,405.96028537619196
2501272335,405.35496615202993
2092921772,405.34038720659237
2093891965,405.320300294688
1879776463,405.1953178893962
2091250017,405.05973840806405
1427757742,404.8424992094196
1932456487,404.643041127841
2092029267,404.573104689018
1878574214,404.169296440153
2091955322,404.1639935375032
1427688265,404.1255698087908
1930172151,403.70199697087264
2499688291,403.25760168584384
2499236320,403.104791813871
1934295335,402.86974094205806
1434711242,402.7973279147456
1879208142,402.79112330738167
1932625944,402.01811793910997
1427616882,401.8865567186125
1931022651,401.6259091360057
1439584702,401.4432323308287
2502511822,401.41586362355156
2094695095,401.0912111949575
1434190651,400.9130760717397
1930238133,400.23752716733753
1931608205,400.22959910908475
2093895642,400.1770939096011
2499759602,400.13137925754984
2502985532,399.95745630783324
2094569183,399.9378224670474
1879124225,399.93232437952804
2503110377,399.91663179322956
2093019367,399.850163659182
1434022643,399.8389679772056
1432850304,399.6687837933199
1879855071,399.64805182229395
2093926101,399.10906771339705
2501978697,399.06935607243344
2093089700,398.95180066819
1879128653,398.90772001399046
2502365680,398.8564813603356
1880463174,398.84229884164193
2503906995,398.6300479931044
1930226091,398.56678602126755
2091289171,398.47952939666385
2501137434,398.40727553315253
1434618061,398.3717936241321
2091251351,398.1671864959164
2503868812,398.1523610705229
2502796770,398.1022151621611
2501179443,397.88755934548345
1879141490,397.88197515990345
1933521107,397.663159725883
1879152674,397.5347685274689
2501952420,397.51668862035535
2501416164,397.469124609643
1880443441,397.24701330080757
2092041122,397.0713500805639
2499865192,396.99591159571327
2095366027,396.96161312733545
1880425273,396.8692259381093
2501508910,396.51218063216834
1931653431,396.26942472355495
2502030823,396.26121862956273
2092848075,396.1666441503203
1931649515,395.9074018174455
2499218784,395.7662495689092
2094694511,395.7493529252668
1879128485,395.39529382174834
2501286622,395.24796997122434
2095432555,395.1587807640711
1433562093,395.1411991580539
1930162171,395.11802595457954
2095392360,394.98364861333306
2500161243,394.89382629518207
2092796927,394.5168785506077
2092763127,394.16225882160313
2093089071,394.1470018615375
1930973831,394.1375166304454
2500104713,393.88772425068225
1930224053,393.8145411275271
2499441700,393.50616349749976
2501822880,393.41203037636643
1879789970,392.7778612008152
2092861690,392.23890126734034
2501833491,391.85393204882155
2499427594,391.8217520167561
2502514097,391.67537765622404
1880538765,391.5996421830772
1879189664,391.34276621036173
1929302403,390.7050918402831
2093924425,389.9108077946125
2502495952,389.73225944022147
1878602370,388.1110661581647
1879796211,388.0331274301094
2091265383,387.80623410641135
2501003480,387.52984547712646
1879912811,387.4259268460965
2092925991,387.0333010155659
2502231393,386.8051633060032
2502453430,386.7638423660454
2091268515,386.3658654966256
1433804030,386.20192928731007
2501410023,386.0139466132437
1439368315,385.8035902853824
1434734410,385.5428417816943
2502137600,385.5354532507869
1932495905,385.3244831462684
2503889531,385.04954770970164
2091954860,384.8761780602189
2502076602,384.41182725197245
2499756682,384.34656766510767
2501908385,384.10791652076864
1880490382,383.43974310695063
1930175854,383.02755287321827
1434096183,382.9330840982159
2501819030,382.70886875218355
2092815533,382.5023228387357
2091963164,380.6134196704687
2501034280,380.4999871994612
2092986322,380.40162858055754
1433060821,379.9529783995534
1931619820,379.83070976609935
2092951443,379.67516239990744
2499670200,379.4420464661208
2096207725,379.15964442777295
2092087163,378.9310029514373
1879124530,378.7247136274066
2094577274,378.44074240964517
1434150537,378.0113859685768
2499501600,377.76977192575004
2092070251,376.6791460017773
1932522361,376.6376249879364
2501219622,376.4556210758505
2500551200,376.44967785102244
2093867494,376.3676458290619
2501643941,376.269966107438
1433570441,376.01065798685613
1931674021,375.9728800501936
1880511160,375.54759247390336
2501763224,375.4132178681287
1934295907,375.2150381203886
2501969262,374.55620037549363
1931609357,374.4215636507828
2502141592,374.35756200501294
2502200612,373.9385867458134
2500566270,373.7909087936537
1932635287,373.5983328350155
1929304691,373.3031573254354
1879150325,373.1291617610612
2501810390,372.4763420299313
1427592465,372.3169899045074
2094583363,371.91587229764014
1434605320,371.69951429073365
1434176520,371.6283026137926
2092069217,371.55710322871107
1879853647,371.5452605151463
1933568853,371.5303081353264
2093064593,370.07795485670243
2499593254,369.88319317399487
1931642852,369.6883142427026
2095432621,369.560922218185
2092012817,369.33267393158354
2500910092,368.4409415030895
2503131957,368.32093847297017
2500655062,368.2435349888054
2500780277,367.91241002139327
2501977282,367.8812922503719
2091964525,367.8114594485709
2093917913,367.0852920913573
1434573703,366.90390696152895
1433684545,366.3083896888612
2093902504,365.7986047726751
2503233495,365.51396803804977
2499242150,365.2081002004173
2502269002,364.35763443055555
1879871217,364.3165400752188
2091237521,364.3005917085169
2503708290,364.24495518281253
2500688014,362.9852095919026
1878594701,362.4307835586306
2499493190,362.1502142041963
2499722571,361.66353852423094
2502235563,361.6604684358554
1879171964,361.5359938759396
1879865763,361.52867884338235
1930148717,361.34381944551023
2094674662,361.08383037255663
1427718241,360.9541675015692
1931664034,359.992311212956
2502168522,359.86295027078893
2500461237,359.8362034603755
1427675612,359.6145234156102
1930213147,359.44679595756764
2091203791,359.1407600010956
2499480580,359.10945802041095
2092803667,359.09429646074835
2499874662,358.9068125299734
1880470582,358.7423451072366
1434275153,358.5289398511343
2503618484,358.4777519168841
2501862952,358.4617819060202
2499459190,358.3675429860335
2092903047,358.2523680058901
2093950000,358.22840852699335
2092825935,357.92935352014734
1434758281,357.7789151292402
2502178591,357.58485756429883
2502551467,357.3902489353935
1930966635,356.9734712290717
2502329427,356.88205217463275
1880504602,356.86520381552543
2503560890,356.5940683324901
2095391001,356.3166062425061
2501069352,356.2151771589198
2093018290,355.99343305273726
1933513103,355.61000589529715
1439483001,355.39582754611246
1879137984,354.5543113461277
1434093435,354.17880408315517
1879802454,354.0500191682907
1930209471,353.6329653468436
2091271812,353.06377725519707
1433399264,353.01962395374574
2503441821,352.8804921374923
2095348484,352.84261661211093
1879171152,352.36701212571484
1930974137,351.96688956530943
1929306943,351.94922733328525
1879227165,351.81474579084966
1933546391,351.4487572164093
1880445302,351.08522719629724
1930180307,350.7244593911375
2503564502,350.6220796744481
2501172514,350.4942159299628
2092081557,350.09468925412426
1879836024,349.50687555710533
2499772550,349.1572002688793
1879801771,348.6598911841501
2093970330,348.31633758235614
1930948532,348.13395201721863
2502985382,347.96256649095614
2091949687,347.458025020486
1879810105,347.2780675089682
1931679622,347.22119673727053
2093030757,347.18032109226436
2092815062,346.6555183256448
1433246401,346.3522836952395
1879180713,346.3522347498808
1879138212,346.266578083735
1439543974,346.1287000441889
2499517262,345.97917438390266
1932507002,345.4187368727043
1879164687,345.34188421250406
1880518477,345.2447702486402
1432634592,344.55271343247836
2502859053,344.4669760922924
2096268410,344.4162323473622
2501896357,344.3691812210298
1879191524,343.84855739153767
2092921401,343.4350097807752
2499617080,343.29335906802544
1931667907,342.64350923294194
2502215800,342.2789817780018
1879166127,342.16915847642224
2500726004,342.162770934988
1432804503,341.57771059629545
2501848772,340.7453836847032
2094646703,340.5976092763043
1433472793,340.5775645412396
2092971594,340.13273989153197
1933536361,339.7756399177973
2499862680,339.4733460786172
2092925490,339.4037131520486
2092754465,339.3068928304133
2500959423,338.8020469638853
2502046457,338.2804445617993
1879903370,337.7412212472375
2091984675,336.90694934795874
2092851002,336.57518381624817
1930158577,335.3492554530598
2501277372,335.3307452252953
2096200262,335.1929244694442
2094647985,335.1449241942171
2499763604,335.0075863043433
2503760761,334.7700309018364
1879130773,334.64292565038375
2501135384,333.94733017202964
2502103375,333.7539029017221
2092053755,332.9273636524681
1879861654,332.4216343920818
1879175861,332.17117605140606
1879136677,331.78581685190636
1879840390,330.89631647565955
2092958825,330.50395228229957
2499401532,330.44735099811817
1879908023,330.24106766364116
2502701741,330.01100516282094
1930155057,329.5523982113526
2501492133,329.49946952422385
2500945574,328.44756212347045
1434566994,328.3338594803829
2501846864,328.15873938861347
1932601025,327.6843543706321
2499290604,327.4290163916231
1433874220,327.3839641400881
1439545115,327.31086658378655
2095405902,327.17710783229893
1434269131,326.87329146432614
2094641831,326.7912199185544
2503610712,324.9924912543359
2501313312,324.78802395820514
1879194917,324.715205654508
1930163967,324.38116637739654
2501479484,323.97466612291043
2499731124,323.9403795877015
2092067177,323.71801359162276
2499628723,323.5278371536112
2502255860,322.9121108271305
2503528392,322.4364417298642
2503383480,321.8357494176947
2096184423,321.7313975205307
1433951991,321.6023328187693
1433579144,321.4416114686973
1932602235,321.4321501842746
2499380584,321.14440650602444
1934302087,321.00922972925156
2096191577,320.6331001457578
2091233253,320.33681937591524
1930226141,319.41993995864595
2499318605,318.91244377600884
2502486533,318.68739005958105
2503440444,318.0665968610768
2092849515,317.46745792036523
2502580220,317.1949120318545
1879142951,316.6341204429991
2503587200,316.6046986537201
2092032314,315.58526760770536
1930184464,315.1195345660441
2500479077,314.37379224172656
2502438443,313.6840873619876
2499584480,313.5513983049546
2499895204,313.5445479676591
2501284670,313.4764116762126
2501324530,312.73077275359464
2092970917,312.50302654748776
1880466211,312.2422962320257
1932563453,312.0900362703051
2500996171,311.8455044571209
1933568613,311.6129244054276
2091248804,311.1308059292962
2500759554,310.5232764040343
2500881744,310.49189326278724
1930186090,310.3655223347787
2499448502,310.0785247775486
1878604481,309.51322850333503
1879830417,309.4897939072217
2502662673,309.4806943490528
2499479641,309.2534234641954
2499706400,308.7563831011315
1932441291,308.19088942327403
2091988133,307.5946558783783
1880507192,307.29618566133087
2502026814,306.94393251397395
1930970155,305.12444392179117
1880518163,304.5682761178736
1930170303,303.26120878020936
1931022017,302.9877600402636
2499346242,302.80880378449746
1932462435,302.61408852053785
1439414435,301.9385686248645
1880444560,300.7872263687268
2502124515,300.5025015746622
1433287292,300.4866570099668
1934324887,299.3402052315227
1878576942,299.1391452699161
2092954573,298.716421786551
2499506874,298.42662716486615
1931667255,298.316032911056
1931692844,297.96835394147524
2092068657,297.60693254267795
2499292140,296.74959063696065
2503810090,296.62785746222704
2501130577,296.38172206874304
1879879570,295.4054660730082
1427791747,293.59864523339763
2091278557,293.48991077538653
2501332567,293.09097691491957
1433142511,292.8938670007329
2503819272,292.57189325362174
1879893545,292.40307048625743
2499378250,292.25747544774543
1434624161,290.84223153862575
1930174177,290.57162680967207
2095453584,290.46634952236946
2095401971,290.37241435051527
2502416304,289.81103815310905
1880505813,289.70289090774827
1932639421,287.90454664142726
1879768393,287.72114543384345
1934319431,287.2567938247562
2502349657,287.2255324275473
1930211353,286.93145035194243
2499459012,286.52371051262486
2093886667,286.46917307388827
1433993833,286.1587564244923
2499323777,285.71668833794496
2093943435,285.44200172547386
1879838980,285.23300738771337
2502934610,284.2389569134639
2503412784,284.116064814351
2499859435,280.342120999942
2093092390,279.85975841852957
2501601525,277.79817031754396
1433625632,276.25132313207007
2091982500,275.442661176041
2501590725,273.630088497955
1434375872,273.40449843265736
1432947320,272.7547514031941
1880426610,272.7453804567293
1932653043,272.7126518838076
1934296252,272.6446198001284
2499323951,271.56577349026605
2501282543,269.71506499766025
1931633071,269.53847152642754
2502099493,269.02134989419926
2091952831,267.7407183729551
2502048872,267.6702826280207
1879829767,266.5629784658252
2501024594,265.4055700709348
1427747761,264.8209427559407
2501984814,264.0425111531354
1930944872,263.1557075608454
2501313393,262.5697459500987
1434245380,262.13076301478714
2502759577,262.10811770934197
2092002621,260.5353765507815
2502172155,260.3719616049813
1931691634,259.4803887687694
1930163130,258.2775741796387
2092067001,256.67016334106995
2501303174,256.5639231896123
1434710283,255.73660551029803
2503608340,254.35435527268615
2502911064,254.12792909115788
2500252480,253.97902662897218
2502871610,253.6465412084971
2093056471,252.2862812971751
1879911341,249.46111054954878
2501221147,244.78686715981226
2501558693,244.11873773374515
2501997684,243.48802677099954
2503380151,242.06843374918898
1433555144,240.59021855144758
2499544204,240.54857114069486
1433174390,238.92918022338492
2095476430,236.56856329370086
2501332462,235.50837419265957
2502961292,230.7527515441975
2095452473,225.12847553306335
2502914017,224.56672361348413
2092002925,223.17063430535075
2091990075,221.088316992743
2094662201,217.80083909416194
1880437670,217.65589271940087
1930212347,217.59350392007372
2503648694,217.42814198609915
1934320245,216.125468591939
2500320512,215.79501174767975
1930931277,212.9802649094961
1879161390,208.21027618973721
1879173404,208.1553814836521
1434728167,202.4854785259093
2499577440,199.76832266412504
2091180495,198.051123957832
1880483622,195.1803693285897
2092062827,191.6957275282495
1879807672,189.84136265850856
2502154412,189.5236649689035
2502706423,184.74595567315794
1931644470,183.10702467931486
2501573235,179.5477147991402
2501134382,178.1375927154594
2499508827,177.54874877644127
1932596207,175.0481009250247
1433736781,167.45558860019636
1880507674,164.99310149457946
1880532272,164.09212102042494
2503797092,161.73053284075112
2500961500,158.3759238722212
1432710393,157.70982115293606
1434513973,156.8991524102696
2501906010,156.49880345582957
2500145240,156.39720653766346
1934313081,156.27553228715746
2501624163,155.16393453719294
1932651784,152.62690626148756
2500984840,152.26481692049632
2503382054,147.57959514849745
2499264150,135.31574755106766
1434066280,131.85935164276927
1931686017,130.31162426777257
2502712034,129.3352302733964
2095344835,128.18493491969502
1433212563,125.79764754409575
1932444564,123.01861502133362
2500416025,120.61734786682827
2500276083,115.23716696073619
2096265992,114.86049756694915
1433779463,113.75151096186801
1439408702,112.69189103230364
2503678080,105.5911777416637
2092051754,99.17300495390235
2502926130,91.45704111680988
2499522487,90.35076201665083
2500128913,88.1143947211415
2502518690,73.74858855485294
1880460051,60.29456799827454
2502088490,59.86653739292641
2095337017,59.7879507301156
2499350100,49.65869887507629
2499644360,46.72752790010078
2501604981,42.11853315672206
1931003663,40.245626059122706
2502564430,39.817898224842125
2093882642,26.802791542303762
1879788780,7.953422449035839
2502146670,5.045056947428124
2093072075,3.680335435552363
2091270412,-15.543223546632827
2091282032,-23.938331795195634
2095476407,-40.41325480097548
2499519152,-54.55776534588494
2499247720,-56.322589159004835
1933558965,-85.5472313903042
2502371055,-91.14841096964176
2503434493,-95.21382725580597
2499308220,-96.06652379648592
2500284384,-103.15664105548844
2503908500,-107.70361399374531
2093949481,-110.19046049159792
1931601770,-111.39145975403828
2501782910,-112.89159924919659
2502861462,-128.6030811528678
2502163757,-138.37568566401447
2500134344,-139.01404041768026
2095376487,-141.55393299232335
2503901374,-146.10683732403413
2502532600,-152.79960841163629
1879823051,-155.9219261682168
2502610444,-158.41407586957735
2502161500,-180.67979460906253
2094609697,-181.62090430558732
2502348787,-181.6456643162972
2503127493,-192.03705189349856
2503119187,-192.2170826642239
2503131707,-192.55871850240152
1930978947,-204.79924277749035
