user count in community:721
Topic id:11,Representation:0.5528054468198839
userid,score
1934301372,68.86624110840071
2096194874,68.6234681637865
1934317955,68.58010419396116
1433655842,68.39911896073362
1434165024,68.37206049050143
1433428505,68.35434193123042
1439339567,68.2145776364061
2092802273,68.10928613556922
1934315825,68.10635613723903
1931658890,68.02602048927655
1427813545,68.01966061680875
1433656880,67.91403321758364
2502803060,67.90156653889366
1930996945,67.90028936318696
2092967152,67.7955105277656
2092975351,67.78106575721121
1432651591,67.71675287334863
1879218177,67.69671524359936
1880459485,67.44914058174014
1433285502,67.24921836889921
1427731544,67.05396209863432
1439645633,66.99113902261054
1434580724,66.92297955225116
2500650924,66.91380922873039
2503294012,66.73130422512651
2091276410,66.7112655709345
2501379905,66.68263055860643
1879796272,66.64720940833669
2501511785,66.64380757244523
1433618733,66.55256660802625
1931673051,66.55146650177511
2093904952,66.53368909234868
1433765237,66.34145994365888
1427794842,66.30534355650406
1433795281,66.16328698518993
1879165595,66.09200662445696
1879884353,66.08639886334608
2502620407,66.06915602969822
1433356432,66.01426017585102
1930949297,65.99522588919889
1878589707,65.88141262443979
2093974727,65.8684932591441
2502028124,65.8449628840021
1931655382,65.66732059078575
1433138157,65.60582131980418
1433318164,65.58368450680457
1433942433,65.56617443674604
1433553182,65.5496928080337
1934316980,65.54170633095725
1433753262,65.52534037897347
2095400005,65.47657796185099
1931622525,65.46493715502702
1878582623,65.45705474412968
1879192565,65.43056099678147
1427872764,65.3869563279158
1433507123,65.3109860220026
1433133064,65.2922057684471
1434257055,65.23256830007784
1433680664,65.22496160080155
1930157255,65.21112439014112
1427843737,65.15189833307372
1879875302,65.11935701272986
1879228947,65.09094429719315
1931606862,65.08475856034524
1427631271,65.06023738615852
1434670970,65.04198105277695
1931624743,65.01252494752114
1433086265,64.99744535682774
1434533624,64.97595333602223
2095449293,64.96726952238666
1933553585,64.88104469074877
1433205471,64.83829528042273
1878574743,64.83086096240996
1931693431,64.76540526574408
1931021795,64.75609510797649
1433391875,64.74954996269301
1879152533,64.74168692402561
2096228203,64.60679340962507
1880469721,64.57700639255908
1439371750,64.5732638966215
2091979702,64.51987138034121
1880506345,64.48877128120183
1439471085,64.42680604978744
2093077187,64.41373908059313
1439458191,64.40725091182068
1433672402,64.35810701715553
1880501655,64.30933902892652
1434762314,64.29684421253278
1427639247,64.28039025205315
2500887494,64.25681671715452
1880492550,64.23741375131193
2094675184,64.15014498229282
1880533571,64.14855286170635
1427627952,64.1127399771892
2092902070,64.10124454185761
1433652795,64.06901846891402
2091186372,64.02541106243231
1439590941,63.98075161620491
2095403717,63.96707784391595
1878603271,63.94144367839166
1879792741,63.90126800109761
1432931987,63.8216412042499
1433582734,63.733874093307904
1434632771,63.711479919487864
1879231097,63.69062622907354
1879238465,63.65494746306201
1930144527,63.64801637628881
1878598480,63.62441090850584
1433048350,63.51612091490169
2092843663,63.45373035625023
1879223201,63.415984995644656
2092881184,63.36824148215762
1879137537,63.351305585853375
1433982342,63.348225688260825
1432760514,63.24949483918082
1878572677,63.23152043186577
2500514505,63.194206070142165
1434153472,63.17907407710707
2092969551,63.13996670004765
2092947293,63.13788483055195
1930234462,63.135053448413466
1434680412,63.12453176855682
1434511983,63.073481266834136
2500223840,63.062384508240484
1878585634,62.87148494275569
1432715825,62.842178673397505
1433964490,62.82108098632553
2502869134,62.81703137505958
1439369572,62.62222412255995
1879808285,62.61395478738256
1934322223,62.609042750769
1433487104,62.57279983638218
1434022202,62.55573823899034
1434162690,62.54223888755793
1439543862,62.537746824178654
2093959215,62.495516243791414
1439580687,62.427740757264836
1434371813,62.4219073297988
1433442590,62.41176292900881
1433287103,62.36537412626663
1434215890,62.33807177944591
1433462462,62.318441164289645
1434595832,62.30093514589997
1434605193,62.236455876002985
2092885143,62.224350077922104
2092882723,62.16812038840863
1434192330,62.161023500252
1934306130,62.1561536399551
1427877191,62.152091554061585
2091964065,62.12304449169092
1432898205,62.076570859054385
1879146041,62.0383401651251
1433529834,61.918720222937985
1434335341,61.90217559814039
1930218083,61.84049498782655
1434125727,61.785490852595906
1433981645,61.73074880281173
2499468711,61.702453676949624
1932635941,61.678779879205365
1433402950,61.67804451721852
2500217044,61.67683719825239
2500473457,61.64735762741477
2503467064,61.56232298788545
1931696122,61.55839260540745
1434288600,61.543188939100176
2092923457,61.54113053601661
1434640582,61.49846111726779
1434261005,61.47934224590764
1880450404,61.45865621946372
1427763785,61.31650237927633
1880466244,61.24044070415779
1879873750,61.20509208561638
2095359503,61.136208684978826
1879893504,61.128982826140856
1432693372,61.109860678920754
1427677814,61.06093094563399
1432714760,61.05612447957311
1932436162,61.056007065508126
1439464803,61.0336621495847
1933580971,61.01894717385569
1879891340,61.01172551112705
2500694027,60.9901503563988
1434003162,60.97201045342547
2502953594,60.91042985859347
1931632687,60.87682068518196
1878580163,60.838893423293904
2092893934,60.79701151204251
1439397993,60.79487359197514
2092760703,60.76994686298071
2499851572,60.767837493150324
1931629244,60.699035453735355
1933539015,60.68292550449883
1930940591,60.67732591768951
1432745315,60.66623195392276
1879826633,60.614578110792365
1433360685,60.58309334533163
2092853285,60.56073739877895
2502664942,60.55331773442946
2502903684,60.535876075231364
1434378324,60.48767377388962
1439404747,60.48703057807891
2092938634,60.46522391721208
1880493887,60.402085867639734
1427825430,60.4018700128667
1433275452,60.38377173142586
1434602584,60.348124481660776
2095468007,60.33281162872873
2092078510,60.32186101072767
2092881521,60.222075813275914
1433266572,60.212794399207624
1434734343,60.15861191634317
1433588610,60.00596923864005
1879894472,59.95171453374078
1930941787,59.94587370409466
1932525067,59.90353723491352
1433496763,59.868388474154884
1433144204,59.83401594042183
1880529093,59.8196290461495
2500708681,59.809646305424934
1439558562,59.804542701601825
1879869544,59.797693013715325
1879130154,59.78612507714157
1427710465,59.78556215219452
1427587605,59.735153014997536
1434619817,59.72364588425944
1931600752,59.70310360272536
1879913164,59.699126390561844
2092885913,59.639453578133065
1932576255,59.62904287954309
1879194187,59.61898438030893
2095396381,59.5841575408413
1933577105,59.39944853629766
2502505194,59.386928963923
1434233155,59.386476255212635
1879136522,59.362929196572814
2095391200,59.35763010996126
2501251910,59.333413085228536
1433553163,59.32509676526938
2093880341,59.30525878389077
1933585151,59.30117765238934
2096190774,59.279961276678726
1433537083,59.27565089626911
2499854203,59.24678855299085
1432765150,59.20151129014393
1930192842,59.171748155881694
1879149400,59.14839063900505
1878592160,59.09870732708658
1879864870,59.060849131814884
1433372185,59.02020787177566
1433726045,59.00402779592538
2501017590,58.997450400928656
1433313435,58.99246976800964
2095422983,58.8921822243397
1933495383,58.83025274499986
1879163373,58.81995792531101
1427633167,58.781522477224826
2502062802,58.77545869782901
2499504637,58.734375623905166
2502541615,58.70096861525723
1433045643,58.69969654754152
1434394605,58.687508482733975
1433048100,58.67565343864255
1433086425,58.67105555111661
2092015760,58.60210649471437
1434497893,58.559854934701335
1930930244,58.52130034083928
1879200581,58.4908630396021
1879233294,58.42631150398231
1933495833,58.41403352904181
1433087100,58.399099077193924
2096205803,58.39022940946935
1880470240,58.37886444864622
1434009002,58.34270042992444
2093937587,58.335162081471985
2094555047,58.32724165550713
1433033533,58.29249605138451
2093042107,58.267484484820756
1879824747,58.23847643555685
1879808064,58.2100452124298
1439520770,58.20015779893851
1439426074,58.177020061914384
1930980985,58.176150376751
1879239245,58.11199082532966
1439410773,58.057311399732384
2502742093,58.01289433696582
1434742473,57.938856774287274
1879172860,57.9255843505403
1879789762,57.88708529530546
1427622133,57.87988611870257
1434293755,57.86002330140674
1434134645,57.81696947432336
1434419771,57.806110512947015
1434415820,57.74909438862195
1427749581,57.71373360711585
1880490650,57.70839561926849
2096188802,57.66440413697588
2095363443,57.5405264791374
2092844531,57.48005193452047
2499556945,57.443187041310516
1427652963,57.43726727228316
2094641455,57.36924419971
1434513602,57.28393591460546
2093008442,57.260904519938215
2500736757,57.25617972413014
1932636863,57.21907228738249
2503558894,57.16950847979871
2092929857,57.16392087705365
1439497251,57.150630778069136
1439589664,57.123040283004954
2092799485,57.026667969040936
2499538263,57.006486250964976
1879193650,56.92138246505519
1880489307,56.89036347864887
1434115290,56.88256781866198
1880464900,56.83209563719618
1879844420,56.7719220503099
1432703175,56.71242485075519
1880518493,56.69273379815036
1930942152,56.66520602374928
2499545522,56.628076112197704
1439462707,56.61426435833807
1434755350,56.524031406095915
2503583472,56.50584929285823
2095416411,56.49469494412913
1930941135,56.483651843082654
1879147302,56.44528292173797
2499773623,56.44273740247642
1434724153,56.43468827217899
2500374671,56.42228133673435
2499608320,56.346208838364454
1427749604,56.31382646303814
1427882435,56.29288249929784
1930204741,56.19567672368466
1433182373,56.136716347173795
1432627977,56.12637065289097
1433036224,56.12091760407941
1432648212,56.10519195331075
1427662425,56.08437579061063
1434631637,56.0654938513686
1930947125,56.0556178642348
1879221291,56.02390174398876
1930186434,56.00646998324973
2499586364,56.00576428056858
1434337702,56.00349195131542
1880475094,55.985204878199454
1434256930,55.95989641480906
2092023721,55.957901042438934
1931676937,55.95491785503539
1433070857,55.881492420147175
1433147017,55.843934750012295
1879140447,55.78888602209867
1432681090,55.73602475217218
1434378705,55.63173558760665
1432875094,55.61100372412518
1433117594,55.59412235366066
1932614415,55.571022432928174
1930959090,55.565996340891424
1427753861,55.51735464132355
1930963992,55.50513445926569
1434650911,55.39617675596974
2503903980,55.345527988065825
1427898074,55.33998989488626
2501783861,55.33371908798839
2092770183,55.30097356118046
1930215957,55.29056835036489
1434722114,55.26483490967928
1439621227,55.190497020482276
1434459051,55.17916737281415
2092764477,55.144202833605505
1433569557,55.141469676219465
1433443917,55.13646918057323
1433255704,55.11641889722702
1933511847,55.07349414495007
2503329332,54.97418057986161
1879845774,54.966931133612505
1880533001,54.91618949196189
1433628257,54.8049311512313
2500823070,54.778535546604736
1879837012,54.769174803150825
1433682370,54.721915842790075
1433657400,54.67588168659439
1880498913,54.658913968217554
2499374314,54.49221662916107
2499753134,54.4653027577496
2503238690,54.458510541981504
1427846302,54.421812134386926
1432631611,54.39489658103829
1880456277,54.34893022837196
2092015890,54.296180981692714
1879225615,54.25672361204594
1432889673,54.23768328294623
2096203500,54.165021226320285
1433305140,54.12609896500516
1879863907,54.11082163935987
1930249892,54.07087674189393
2094616307,54.063232747874345
2091972922,53.95586864770517
2095463791,53.93987449929366
2500443985,53.909177724208725
1432669377,53.81800193517855
1933496395,53.76354938662056
1427877877,53.72099668506827
1433861701,53.713334322165295
2500451855,53.552764021561565
1439539882,53.54684003330478
1930949034,53.458363501686016
1879837801,53.4100004597289
1433127597,53.30987272652855
1933518872,53.2627071684112
1879147973,53.18588310724553
1427764695,53.172941746648625
2093896374,53.134643708049715
2091245335,53.12857404170793
1434454671,53.119785861430834
1434160101,53.059538253737195
2501687305,53.009420894452866
1432644924,53.00358193551352
1427721785,52.982140761282224
1879897894,52.96853495061157
1439360804,52.95966589020964
2094603981,52.91378290159336
2499783000,52.895767843507876
1930181620,52.78030760488681
2502355817,52.74517062858841
1433179100,52.72377383332421
1434437771,52.716254521135745
2502116051,52.70521869718055
1930175691,52.645821416990294
1880427241,52.6210340473983
1433886074,52.554233325100306
2094599521,52.52243649988251
1433191674,52.41717956719861
2501294722,52.32200865434377
2091979743,52.293334560401
1432669251,52.29314549318357
1879820780,52.2892574222696
2092939625,52.27638706302015
2503853552,52.238848766037755
2501070782,52.208263494483376
1932451285,52.16039644786504
1879811301,52.13147545751193
1880547814,52.11023970392859
1880495603,51.94882011164514
1433779494,51.93262382674336
1932469323,51.92669327157372
1439349140,51.91001589165182
1932652390,51.861932594501766
1880470004,51.849083943884494
1931621485,51.80015195415009
1434451731,51.76359535706643
1434299874,51.69288153641519
1434612054,51.623322888898265
2499526114,51.62094041281113
1434483427,51.53394692814215
1930177944,51.466476022052944
2092953355,51.44497741618786
2503221055,51.39043283157727
1434498015,51.22644521469117
2091268085,51.21131077726075
1880519770,51.12056005717301
1930233010,51.09906302925496
2093060952,51.04690522755088
2502913340,50.9314714219624
2500245155,50.87175780266185
2501131224,50.72115489255448
2500799591,50.66893969196077
1433166203,50.56525205409499
1434692513,50.55199101056903
2501625547,50.50912225818046
1879807083,50.44967896198088
2502440317,50.11958118746596
1434706431,49.91855771271705
1434266192,49.804107692455666
2092091944,49.7584328956432
1434760990,49.68132023252023
1434594472,49.65519619784538
2499412541,49.29821471866688
1931671897,49.1451730318173
2503914134,49.012651137203335
1933574590,48.856118543101694
2503898797,48.7686385795253
1932565493,48.74505630337557
1433303824,48.72834566129819
2092899224,48.4932805926538
2500837732,48.393836470573255
1932552267,48.36750108400402
2094662132,48.30038396159008
2092917577,48.27265030107847
2501975964,48.244353345836615
1880445050,48.163044836619136
1433175237,48.111577243030226
1879826624,48.07239084285122
1880458174,48.05530405926901
1439364990,48.006097027614054
1433439357,47.680112569589305
1434521743,47.64201260615354
2092776444,47.588674687565685
1879818481,47.58587069405304
1434646351,47.52656037273676
2502457091,47.52045408278136
1432776161,47.398093850008294
1931626865,47.39644985655788
1931593524,47.273642444072685
2501882615,47.10447050297522
1434016761,47.09929912755149
1879779672,47.02006648119932
1879126180,46.99727617657709
1434676802,46.91105844135743
1433027452,46.899940776689654
2091950935,46.7582131718835
1879809257,46.726324313476894
1932433465,46.712519799521864
1879136063,46.57808493292659
1432910457,46.51559953779078
1433635083,46.40816463898629
1433143691,46.330269077928044
1879772351,46.24179014025527
1930233195,46.20491881016893
1932619445,46.1510657432544
1433950091,46.14165810949774
1439501521,46.127988126180135
1433512494,45.95245116706314
1932566777,45.93499971175333
2091972133,45.79693094219317
1433116653,45.63547968274856
1427894905,45.57528465061854
2091201693,45.54216360299396
1929308073,45.37718217734829
1879825804,45.19977130576971
2503683470,45.09922194067827
1439459363,45.02245182823078
1433212801,44.868250469117164
1879773475,44.861499402707885
1930240721,44.69180911673824
2499259942,44.57445107676623
1433855447,44.485441304790164
2499376610,44.41740667118469
2499819090,44.39112403190457
1879831652,44.208563378293334
1434014663,44.13861521787655
1433480703,44.09542145610887
1439317363,44.05709712919553
2502728503,43.99012368069598
1427802851,43.87576013432836
1880503444,43.79663354644712
1433389131,43.749516047878885
1433961657,43.70455554421515
1434320201,43.625182967025374
2094636907,43.587093500037476
2092091991,43.49383316980211
1434567067,43.019760556161714
1433971892,42.72104971591656
2500952314,42.69893238531696
1879799667,42.58985954077696
1931015983,42.57899843759778
1433370203,42.43762934117881
2095452030,42.34089324155724
1433777772,42.32174997029996
1879153000,42.27234057587335
2091211512,42.237697947874786
1434383267,42.17083627011286
1434731783,42.01733360809197
1934323297,41.96240861492522
2092885947,41.81169502696936
2503117574,41.77905265839003
1879247165,41.66159931629454
1933552790,41.588385798698035
1931595361,41.52964157229705
1434069935,41.50972911191518
1434465331,41.30087373786963
2093971490,41.22145717396922
2501860217,41.053366098972454
1433472471,40.94756470940235
1933561810,40.854707570655684
1432682854,40.85396395921592
1880485711,40.851698819014274
1932611685,40.75630716786648
2094618890,40.72512356542733
1879778684,40.567163659054145
1930235327,40.55677024438683
2092880077,40.496484749852115
1931026004,40.436011171883145
1931632767,40.431981779331466
1434092364,40.26994442539122
1433593472,40.1651789080494
1433344383,40.15837386422793
1433166775,40.14498852624428
2092769813,40.090677312920384
1434598652,40.06700686234678
1439423814,39.97369190332207
1433063245,39.96911077521123
1427877127,39.92122637695509
1427827025,39.86083403385063
1433155985,39.78587393406547
1879838672,39.78115307409298
1434613061,39.66183273423747
2092848943,39.574316310840004
1433846335,39.435191728356294
2500958670,39.34767954753576
1439478962,39.1558828764202
1434419602,38.729947011004874
2094563407,38.667823367018784
1879188771,38.56789310525403
1427799307,38.55634193583354
2503622612,38.38464423332519
1879197591,38.28608527146141
1433999762,38.247516679378116
2500487533,38.190875354731794
2095466893,38.16147917039093
2503113721,38.10247775638548
1880516117,37.90922551668622
1433209532,37.67132821825383
1432828334,37.47578978488196
2502091393,37.44087714197242
2503675373,37.205902285192096
1433150711,37.205039482472074
1933581927,37.182954033789734
1432917292,37.16456550318712
1930227151,37.16038005468935
2092917182,37.07678129936612
2092037190,36.82570149854965
1879203167,36.738682310683075
2500759072,36.724815261017945
1434451581,36.585157350029725
1433644764,36.35747003356614
1879839424,36.314535703596746
2502659424,36.28964072004504
1930927987,36.23231832100363
2503088435,36.143670414632446
1929303875,36.120628022596044
1930187985,35.86463712711071
1434320761,35.79409323364773
2500846440,35.73368724195363
2499325834,35.63512591130723
1433912694,35.41061249811988
1878573891,35.319351060615794
2500623814,35.28383452159919
1434093142,35.16385804455476
1439607235,35.06001700838099
1433489530,35.03443815417926
1930185765,34.882368749957
2091284582,34.842153303332715
1433502061,34.8280091654342
2501981947,34.76031267391223
2093021794,34.70746077560439
1433022504,34.50673686975719
1427648915,34.4298992400096
2499229470,34.422722178449995
1879910195,34.375067889655234
1433638014,34.31062033208665
2092764807,34.297395309894384
1879125957,34.142693931702325
1930983260,34.141195334645296
1434110137,34.09196054175364
1433740551,33.92851178212425
2503380130,33.91032483358077
2093085452,33.8973689513335
1433669240,33.854801264642305
2502308180,33.70722690380714
1434444892,33.55306429543781
2503665290,33.54971823949443
1433583394,33.32297106329101
1879881144,33.2235669726672
2503221244,33.09380555745971
1930939970,32.98977625562514
1433499435,32.373553140369914
1433649001,32.35298782961543
2092897105,31.981112422138754
1433622504,31.58458026172373
1932623795,31.297387486876506
2095352907,31.241867944483005
1432941235,30.98508675471929
1433681503,30.917901359115923
2093069085,30.84011027113001
1878600597,30.83220121348671
1432670765,30.802650410743816
2091973640,30.531371883238258
2094549997,30.049019579206583
1879908695,29.950286095581227
2502350611,29.860451063821873
2092850682,29.846991565214296
2503470310,29.836109623332348
1933585353,29.41792669153489
2093021023,29.38139762289894
2500943220,28.94978836586021
2093889821,28.782663014859164
1879863017,28.242249376909324
2092840940,28.068634169822005
1433262197,27.924075964592404
1433114135,27.66100825656568
2092918757,27.299647912381364
2092075372,27.223056572362996
1880457634,27.214326290930142
2095412055,26.571325560464828
2092803963,26.522358227685263
1433182957,26.202057699317113
2499718764,26.086259554492983
2503536890,26.061270285421887
2500933944,25.91769960398186
2503161037,25.618088536957412
1439548877,25.38583428182632
1931658935,25.252644023273067
1439397575,24.549963609899496
1880495091,24.27017765761877
1930234011,23.81237580762468
1932587267,23.669222792832198
1879778661,23.52967007509479
2503135672,23.031407932499455
2499284581,22.78205273984837
1433454290,22.579394690429957
1427864280,22.033579813951512
1878579784,20.91852858242169
1879904224,19.74847447205903
2500245295,16.128765203781402
2092005474,15.497689110735658
2500915872,14.511211350253099
1434452383,14.098948865744921
2499414650,11.065025908689021
2091212702,9.847884362459347
2501040410,8.329778226903624
1930146071,5.301358638718726
