user count in community:389
Topic id:1,Representation:0.304505167921786
Topic id:9,Representation:0.5534563841949389
userid,score
2094560175,19.92854909009727
2501040410,19.86154420180802
2502712034,17.665289892073556
2502146670,17.115132560658495
1934304752,16.991901779549046
2095450703,16.94224546861246
2092870902,16.80033440239259
2094593570,15.736316658310326
1878574173,15.114008328853576
2503795060,14.717272503390861
2500562923,14.668901392465504
1930224053,14.41368787708486
1930157535,14.281345959884893
2501822880,13.948672889120083
1879896341,13.94751799604977
1932430190,13.864025432968266
2501134382,13.824537055824875
1880477391,13.8052436653096
2092056530,13.700762098563821
1931635682,13.638676009972837
1879778215,13.488395918899542
2096201044,13.376122739350748
1880538272,13.375041266128767
1439408702,13.373514032545092
1880447703,13.32202799349367
1432703867,13.206280253363229
1879142512,13.150029851708565
1931661347,13.093930749922311
1880488212,13.004739684064564
1878598573,12.927631212532063
2095355117,12.798624504787721
1931632375,12.725680795663965
1880454912,12.684362648057085
1933550210,12.603120851438405
1930973297,12.54594910063104
2499535565,12.485066140178047
1879173404,12.36579151290378
1879227165,12.33233336375107
1930148935,12.304452295312945
1931648893,12.278323895549772
2503656442,12.264325740850822
1439414705,12.206989386244874
1880503815,12.185825283106707
2095384984,12.134158139121393
1933539462,12.066176740887238
1930971677,11.939110330932404
1879779734,11.909291832090025
1930941090,11.901820771148808
2502124400,11.891083106066004
1879207025,11.708472882801123
1931675414,11.688790820935365
1929306943,11.639697628096172
2092015653,11.580113973787478
1880526407,11.540448645588377
1880477263,11.4876289116776
2093878794,11.40765101133697
2500780277,11.40754436408912
1880500503,11.391391446449482
1878580004,11.366810971932148
2502048872,11.3425484886491
2091256321,11.286539175974958
1929310313,11.250474889115765
2502398367,11.20253842691984
1930219040,11.08141567245228
1931602755,11.077156112282601
1439543974,11.06239936024276
1930212347,11.042835340573532
1433543690,10.983701458300974
1931006501,10.962962178568493
2499603604,10.940914636023393
2502532600,10.938162365339004
2499835172,10.91573927630885
2091205603,10.880045691694962
1880532272,10.781537557379478
2499480580,10.772214795955026
1930187045,10.76722126759662
2095337017,10.745478013702222
1880492085,10.744190086324586
2091982500,10.620113226541235
1932465142,10.592276131960519
1880540863,10.449354147240804
2499706400,10.4458300897939
2091949687,10.430870605944282
2094695095,10.430766071453755
2501922932,10.41882436868243
2094641831,10.293713805900365
1933525097,10.291572382593003
1879140622,10.174568676390097
1439613093,10.16029311888889
1931670954,10.152723253471626
2503480454,10.13118268086422
1433625632,10.108634316575678
1433693345,10.075477583773631
2503004920,10.064870326595203
1933544141,10.057860647264588
1879830417,10.057736257862478
2094648494,10.04936887306457
1878596620,10.026924292659512
1932433070,9.99644796256975
2091270412,9.953689781585387
1930253713,9.874706058630352
1933549103,9.861428919454406
2501952420,9.852322250606857
2092815533,9.80212214933525
2094677064,9.786288342458306
1879175861,9.718481646062875
2091203791,9.688142908790153
2499255137,9.633317765493109
2093018290,9.627214775682708
1930163130,9.587828567794352
1879842675,9.517403239912511
2092819941,9.464318423765723
1433346464,9.436381964301546
1439368315,9.428824731635418
1929304691,9.362980465119112
1931679622,9.309423987379244
1929305094,9.306294193138507
1929304267,9.260798950695337
2092093090,9.254070184108675
1434176520,9.21671042612413
2499823914,9.211925902120678
1880471322,9.198868866560831
1880479792,9.108631426183571
2503800525,9.064219524156467
1931649515,9.052912058052964
1434380940,9.051410589802733
1880425242,9.041300837124332
2499784602,8.991488271687187
2092998467,8.955006269924548
2091247595,8.90665626816402
1879768300,8.846763981149243
1434607403,8.826596896672065
1879246974,8.810726534615053
1434553561,8.80271307830784
2501479484,8.771955758374792
1930979700,8.756848659299106
1879781372,8.728043921878607
2501324530,8.727812454263692
2091997493,8.648753324242195
2092940467,8.647721675312008
1879885270,8.634874102161
2501953380,8.613525306492333
1930204572,8.593614314248676
1930944872,8.583393511708122
1878575957,8.569982838542343
2092835431,8.55200260707182
2501322434,8.531201840392447
1932544583,8.514767674944647
2502200612,8.465168677232441
2092037064,8.448057838880109
1930233795,8.401497862093162
2092874561,8.382045445587613
1880470220,8.381653749256968
1880452447,8.362649961823106
1879830405,8.336405265386675
2095422492,8.331101165457552
1879906982,8.322416587629434
1434224355,8.24196590606864
2095456460,8.229549363406601
1933502711,8.224723445223862
1930232087,8.193198579918565
1433474031,8.178292608116525
1433718202,8.154486179249853
2499459012,8.120673380313116
2092091040,8.074967750384976
1931664742,8.057373293097811
2091972133,8.03349242529514
1930221823,7.999325784958468
1880476692,7.9549712370384436
2095452473,7.93562092490073
2501172514,7.880841869595277
2091187603,7.802037990053889
2092007395,7.791876178568549
2091240091,7.7676325876554655
1879798084,7.76751462527419
1427844833,7.706967280114303
1433770634,7.693033694676323
1879774782,7.660625248663227
1879226021,7.618420955064019
1931006010,7.564607821041174
2091976697,7.515647208496615
1880532340,7.505303138657608
1879164687,7.501487465355128
1427592465,7.466166954927886
2500320512,7.46515049262311
2502371055,7.450677840444726
2502675011,7.432049999092827
2499631990,7.401037948884779
2502447625,7.3938327592555835
2499242150,7.3859661999403325
2499380584,7.334985501331317
1879165147,7.3336017450181235
1879168147,7.304531706805287
1432695027,7.298640831572463
2502831002,7.285528250087931
1878585863,7.2767382485291545
1439621463,7.25979083874911
1930211353,7.248345413726106
2503390092,7.243872712486023
1439395165,7.242487009861705
2501973681,7.218644595784525
1880496792,7.210342088298079
1433033120,7.159185133283472
2501412120,7.150672697311583
1931006257,7.143373478469023
2499756682,7.141310867978172
1930254163,7.12629172852985
2092921772,7.125379052225593
2091225601,7.0834036443061095
1880504602,7.0474703987827
2499731124,6.996292037702986
2503418130,6.990694590447414
1880541534,6.976576224934302
2092851002,6.972022754433155
2499264150,6.918363486604866
1880541811,6.918190367383581
2499479641,6.8647215957173495
2095432555,6.832749950300669
2096265992,6.814076809405394
1432718793,6.810478093477117
1432700083,6.793861211971706
1433993833,6.791375099804918
1932541830,6.760881890901874
2093883721,6.751601740396309
1932444564,6.673080273997456
2502254232,6.668992794324802
2502551467,6.637445544116773
2094662255,6.617115767977231
1434181010,6.587316150885133
1930166677,6.450971257941461
2499772550,6.449718597058018
2094670660,6.445218767700962
2091264563,6.40101206508026
1434285184,6.382235029121188
1434414634,6.371201943077199
1432612943,6.357860433677026
2093917913,6.29063876191644
2093898481,6.271494939374426
1930953321,6.24827063225465
1931601770,6.235442371485711
1931668753,6.180072669352638
2095351923,6.148826604358224
2095356013,6.085981008682062
2503212142,6.077171284835303
1931676065,6.030510853341417
1880513994,5.981964924139454
2093926101,5.935016089741355
2092067177,5.830695696841536
1880426610,5.803843235398381
2502130825,5.782104417355163
1433223142,5.511645893806885
2091990075,5.459021043696212
2094694511,5.396770042642864
1931005191,5.383848951093723
2502348787,5.359306370772189
1879140955,5.321895592738142
2501896357,5.292701111176042
1933597017,5.2094444939960995
2499323951,5.188608234574859
2502107100,5.17364195131599
1930961223,5.138752619775833
1931021600,5.120063856678683
2092882041,5.097506129914058
1880460051,5.039485174501721
2093950825,5.0317806595402255
2502163757,4.995757626480225
2503648694,4.9228186703333074
2095490667,4.920370363224102
1433297062,4.897310988458775
1433546963,4.847559816830843
2501846864,4.826623268818605
2499302000,4.819055825244679
2501972754,4.802137578308187
2502861462,4.795810280331576
2501024594,4.759133201443181
2091185112,4.748493985895686
2502518690,4.741693583966423
2502926130,4.686453394050647
2092014177,4.630237951190223
1433077095,4.607004521476411
1434245380,4.586381321238277
1433955482,4.5547795068886545
1878594701,4.51670496926718
2499519152,4.512529711243196
2499378250,4.4086782345574695
2499292140,4.318164726024607
2093949481,4.259287322668183
2502796770,4.199067698490344
2499350100,4.185564985775828
2502564430,4.176564475616397
2500284384,4.017231544738923
2501252530,3.96208670025746
1433562390,3.9168328538430095
1434513973,3.846403626810636
2499862680,3.7778220138539025
2096197135,3.7020961185925274
1433053694,3.6869386623014444
1930935560,3.6644497038810315
2502384194,3.6593643836265306
2501429182,3.638765200518863
2500884924,3.5842095498097875
1934302087,3.579569241364046
2503906995,3.5726402923432543
2499525472,3.357291283190509
1930238133,3.2931908006945636
1932596207,3.287899690520359
2501624163,3.2707925400483107
1931003797,3.2674678259687147
2502161500,3.2172414174425956
2499254732,3.2160881047281684
2501604981,3.18968947249345
1930943517,3.174529219866303
1433779463,3.1459397051340203
2499292994,3.114571234200626
2092754465,3.084009803501899
1880532331,3.074084007273979
1931651651,3.028034356711835
2095476407,2.9709337717913127
2094611334,2.953238599385223
2499644360,2.921453819051238
2096259373,2.9122492249741794
2094583363,2.8939744195703163
2502537130,2.8864994640702037
2500625945,2.8051306358796437
2503434493,2.8005429379545346
2095379871,2.800510722661566
2502154412,2.771156424909819
2499308220,2.7553231463786014
2093886667,2.658880881960814
1427810841,2.606173087780305
1879870725,2.511764178587295
2502088490,2.4835607772566326
1880513753,2.458281770769141
1930138105,2.413641032708622
2092820933,2.4117042745337396
2501980387,2.3989062354054163
2091268515,2.398680435949491
1879141082,2.3855253467340085
2093037167,2.3841509962457748
2092070251,2.3265789523838345
1433582422,2.170559101614946
1427675612,2.051089691940598
1930168055,2.045176811159783
1934296252,2.0262136256606205
2501558693,2.0035432337896615
2503901374,1.9920869198126794
1930958202,1.9882614830990288
1931600284,1.9600461775953026
2093950000,1.9221789588933962
2499247720,1.7697375626046745
2091269033,1.7439207207969087
1432710393,1.6999871227016947
1879138212,1.6783629414071208
1433736781,1.6658992648867255
2094674662,1.6574661136705937
2092971594,1.6324564517431588
2093902504,1.5833867776613268
1433512494,1.5413523270751497
2501216275,1.5173279751268203
1879848477,1.5055682100412788
2499290604,1.3696491643497581
2502610444,1.214013286111298
2500134344,1.1121473298469438
2503382054,1.1093348500047373
2499680563,1.1005531912990292
2501782910,1.062640616528236
2500726200,1.0616797107845004
2501590725,1.059544697957453
2501018897,1.0240108652493771
2500386357,0.9588106249601009
2503756910,0.9558555689991285
2500823070,0.8796408415426233
2502094112,0.8776241096276989
2500811717,0.7526341723781365
2499396327,0.637314866070487
2499480615,0.5989081569025362
2500263481,0.5860567370799293
2500919280,0.578740311931334
2499283687,0.5638936884149364
1879822355,0.5314940115137622
2095483775,0.5308191566052877
2503908500,0.5265481439087422
2503610712,0.4853054328404131
2503608340,0.472825671670951
2502137600,0.46427319111747006
2503662834,0.46256841516446
2502119500,0.38504877096789514
2502349657,0.3391057872368212
2499362737,0.26314720562189703
