user count in community:728
Topic id:7,Representation:0.32597803011253673
Topic id:9,Representation:0.5324340398337757
userid,score
2503471987,37.717458540477665
2094615725,36.199620148815725
2501083502,33.54073039369557
2093976291,32.66987463023404
2500112881,31.840159947929877
2502400832,31.723424440060413
2091963181,31.409844297497447
2096235440,31.04857179711426
1931695010,29.34321173380646
2501771443,28.622756381911767
2502911064,28.30597808042147
1930160965,28.039956044054524
2095382490,27.54958769040234
1932544014,27.50901260199329
2091217625,27.457579550662523
1879850912,27.317026001698792
2503663570,27.246495821999513
2092011654,27.010442295054737
2092983305,26.870227364439707
1880495980,26.122693704139593
2503480364,26.093649981319658
2503922437,25.7583187163468
2091246095,25.636936134226346
2503347380,25.445447507970727
1879187927,25.10511093085051
1439559653,24.899140428156386
2501862952,24.898801379471
2501023050,24.872689343361497
1931603433,24.81664889128438
2502125414,24.6084111390701
1879134702,24.534748188769697
1931692703,24.18541580449912
2502212842,24.078146592639136
2501438970,24.074994158062047
1879177922,24.04336431832274
2501634180,23.94575203151296
1880441747,23.885895240114753
2091973917,23.88376068288931
2094693872,23.699991127958352
2501733850,23.51129401564183
2093853084,23.469944011551753
2503037367,23.352378007066914
2092035013,23.336423326475526
1933499583,23.28752476230227
1931631517,23.23870396189038
1880505410,23.08508390830547
2092980850,23.026672444385575
1932495682,22.964759554144294
1878598725,22.929700042078707
1879910222,22.888758239791702
1879158780,22.81509384455782
2093048603,22.77548191456555
2092796927,22.657556202831945
2092759867,22.58345146256271
1933577854,22.572540423185487
1931644244,22.554415189109456
2499852404,22.528974944917884
1879824254,22.422366189071614
2093014960,22.34635101453646
2499398920,22.278187295841306
1931029115,22.252450103099147
1929308284,22.230244319666056
2500395267,22.173333057651707
1933495237,22.083874536323805
2502018002,22.014161829080777
1930181673,21.99300317375019
1932602591,21.91531083871714
1879868954,21.85256760766325
2502479894,21.8505249804206
1930962165,21.834626716622466
1930179873,21.834104958011142
1933549537,21.791263793997796
1879837335,21.735863420589467
2092843825,21.734559046007405
2095419604,21.731264223974364
2499752952,21.717592235512775
1930963487,21.697401950849525
1879791684,21.645582840868723
1930185800,21.54687969110517
1879784384,21.529300305239726
2501320521,21.429451696463765
1879190683,21.42258493764261
2500261152,21.31728118580329
2091980411,21.301232165580863
2095468692,21.280911363414255
2502260182,21.22011230057053
1879226900,21.181321088040708
2503718362,21.166207104853715
1879822043,21.017620989773093
1434644694,20.970640279840982
2501164590,20.940906699140253
2503825925,20.92842474815419
2092983405,20.908707935836915
1930955163,20.8634946709259
2091288401,20.76982488207825
2091196781,20.72606942448584
2499227700,20.63098745386823
1930184022,20.55061813585352
2094662201,20.528643310146744
1930158577,20.518602790641005
1878593253,20.512507237280303
1930987564,20.506032155441833
1879866594,20.500141849687395
1880489170,20.488073071903607
1879769624,20.462480195074598
2501396690,20.342527827081582
2502967742,20.320706742858057
2093897572,20.22828867382214
1930182033,20.21988046453131
2096210800,20.218078583819505
2092799887,20.192263241667476
2499727654,20.17056545697522
1880447343,20.169799318473242
2502248924,20.12597609296199
2502493942,20.11900583692236
1932518294,20.05800420212338
1879803447,20.035849366526207
2092041250,20.006728871081975
2501506624,20.000446492271777
1931589911,19.948360750016604
1930170303,19.863583397271874
1879833773,19.83404623111511
1880439531,19.79302903450977
2092042382,19.779213198643987
1879141271,19.670978526830282
1932480673,19.58398847864177
1879132554,19.56610952495143
1931631153,19.49463313136866
1879165642,19.47633832212861
1879167282,19.473248917772395
1933563930,19.449529318484686
2092880315,19.42604923837414
2092786855,19.416459847196606
1930203735,19.4065408162081
2502495632,19.247550542691965
1880455751,19.21283199860305
1879235807,19.19769372802378
1878600095,19.186344037131448
2092040421,19.161320751389553
1931695724,19.12927450571263
1879829814,19.12073131265734
1878603930,19.12020068609918
1879184891,19.1100918400009
1879191524,19.068676478469545
1879778165,19.04658593005289
1932501041,19.03383119789599
1880510250,19.03007733118435
2502580220,19.02092156279697
1932615813,18.938087748854535
2094628457,18.93096204579798
2502510552,18.925078081494732
2503316200,18.88831639057977
1930190333,18.854037686732152
1880464601,18.787325696962462
1931665515,18.747806241965332
2092846763,18.741578657188374
2500134894,18.718600062116504
1930200275,18.694891064640675
1930981344,18.66546716145546
1933555927,18.635653006628473
1933551953,18.59939339214726
1434027090,18.581663372355262
1879906454,18.581461392305744
2499598291,18.519142343117316
1930946052,18.514173774773436
1931022071,18.510225403781995
2500461237,18.508972131232973
1931637965,18.505258649078684
2501192554,18.495236991932554
1433535571,18.44833536966975
2095355493,18.439212823991376
1931004287,18.411596794345993
2091261983,18.405004753812747
1931695465,18.39791355744215
1879161364,18.36819162075065
2502046457,18.34785426987624
2092866564,18.347584435121135
1933529773,18.28933137149141
1879152354,18.27379202537772
2092079667,18.14670756934217
2500249442,18.141816985968966
2500636463,18.10829097338283
1439661151,18.108114892901263
1934316595,18.031603043670422
2091955683,17.95517132257384
2091190935,17.92946336134567
1880482500,17.856080443654022
1879241347,17.85310663210972
2499327250,17.840924276563157
2091231384,17.837909545082724
1879144233,17.8290873595021
1879214934,17.791335688657362
2095353173,17.77966433132591
1930973615,17.777911689081158
1879167284,17.74634454909402
1933545592,17.720519781990728
1879859300,17.711340989863505
1879883554,17.698187248094705
1879884063,17.691730940518333
1880512234,17.599472534969937
1879868464,17.56680879891323
1931013371,17.559195963721855
1931612277,17.455648582820583
1879131951,17.435220353176817
1931007300,17.37056246926292
1433773952,17.308436973301813
1878589902,17.301287078772326
2502151372,17.28236621569585
2503317670,17.226743343139763
1880445802,17.21413220908839
1878600102,17.188156405819267
1432615223,17.13407389869981
1879135063,17.106300209799553
1879157655,17.103270864512314
1930245924,17.07711900403056
1879840390,17.070459449471418
2094643512,17.053675214723505
1879893372,17.05076159702535
1879128485,17.014545189048096
1434067313,16.940912931332832
2091961241,16.87870245737985
2091268201,16.84221964517051
1930184464,16.823193487709073
2501984814,16.814487794360822
2501360132,16.80434724074541
2096246351,16.750555938547556
1880495581,16.66764668475662
1930148717,16.653582088143363
1879879900,16.581356960264
1931588945,16.494109857125956
1932487255,16.480555971667414
1930159475,16.46992200885884
2093975642,16.404528628835273
1433177705,16.253316589967344
2502329427,16.241099271956067
1930985172,16.232393583985797
1933514340,16.199242012117992
1879821341,16.190516027295775
2091979883,16.158612142608238
1879216820,16.13588202145444
2499419362,16.05210418805725
1880438737,16.013664751559784
1880456851,16.00723605664459
2092900830,15.994327351708641
1932481025,15.984535580880012
2092014043,15.974645866727414
1880490382,15.962657148028615
2093854050,15.944710154996368
1930164563,15.925579507612952
1932515814,15.909973249787765
2503706070,15.885487661206147
1880485512,15.882773465999827
1931013615,15.874079032846566
2093064593,15.855503073263272
1933524865,15.823752745643338
2096217024,15.797980089174757
1880476691,15.745664177938835
1433730670,15.69576358641125
1879854952,15.67949587392093
2093875633,15.662913251631455
2499331600,15.606999945320268
1930964107,15.606770170069701
2093953313,15.58241180447863
1930228875,15.580125637438954
1879789243,15.57924939504385
1932513987,15.572490241789062
2093045167,15.542001814398944
1427784422,15.472596728383042
1879820652,15.446035353528506
1434320270,15.36247252630528
1878600022,15.345675694252765
2501820164,15.336550422580462
2502485223,15.289146007172121
2092820791,15.275418282409845
2092009734,15.242242185057261
2094692403,15.239351789938198
1879867475,15.238778515096776
2503560890,15.233459871770279
1879159204,15.223292169819462
2500102300,15.206794957365828
2096233354,15.206336757069447
1879145304,15.117920896597663
1932521605,15.098134211396216
1879788654,15.081008344724752
1880453730,14.899879421588542
2501397475,14.812231939611749
1932609614,14.784204355011664
1930137001,14.746662256426891
2503113282,14.6727004732764
2093880161,14.668517739064267
1931597402,14.66715133601933
1879888574,14.660648285087799
1933536933,14.648815689206522
1931026657,14.613661030668158
1931639655,14.566913164522033
1879168322,14.55035618655181
2503595342,14.48068692746353
1880438121,14.47145354827851
2093954281,14.463606990446662
1879130773,14.4472281614259
2499225250,14.438437060358321
1879783334,14.42154226390543
1433449762,14.377505662906055
2093874080,14.374859944288257
1930162171,14.36812911110087
1931670162,14.361010137819067
2092991924,14.341844973542987
1879132341,14.340112777078984
1879203007,14.337735378501204
1879152222,14.29118854269257
1931016713,14.261408795801062
2093058563,14.234533697779932
2502550090,14.198806610567292
1930195304,14.16388615527363
1879825792,14.110275730051736
1880518952,14.105892792258246
1930185404,14.097115851675502
1434101331,14.096325163289745
1931692911,14.032894582762818
2092037605,14.032025906450627
2092023305,14.024333178725536
2501313312,14.015027535368457
2091195882,13.994309683897571
2501079954,13.973888471277396
1933520211,13.959924143820276
2501976375,13.956048552552248
1879202903,13.937885259633921
1931614960,13.864745436621627
2092002471,13.844779186854115
1933539210,13.784559152896547
2503387512,13.760447128259786
1879787132,13.749698415935645
2096268410,13.679720436405344
2500845182,13.677536345102407
1879189505,13.619242242267337
2093882975,13.600283945174667
1879870751,13.560337975227688
1930208400,13.53718735372107
1433066175,13.51764118115044
1878598662,13.516964503803296
2501332567,13.491163680919932
1879819834,13.480071335058422
1930229084,13.463578928267532
1879787230,13.432694114025487
1880501860,13.414468592953028
1878603672,13.406555134555273
1933552577,13.405452203398674
1933509027,13.400209346386063
2092848593,13.360926628276916
1879206624,13.318809613735649
1434396997,13.313692352596998
2501739170,13.252602771001492
1880476214,13.242480646376064
1930948532,13.235488935780129
1932537842,13.216061076369185
2502943922,13.160208904480864
2501600154,13.146970331788742
1879152674,13.136238183352658
1931643607,13.123667412733145
2501137482,13.107971718671157
2091251351,13.058598530725446
2502189602,13.042095167453521
1879886022,13.009557759703686
2096225232,12.95315416372382
1933539125,12.951432618350557
2503730944,12.902395104446214
1880515873,12.885090668795215
2501972181,12.85971434911537
1879810105,12.85858923520737
1879796211,12.785068410671096
1931653711,12.78325896131799
2092836400,12.778035989716628
1933516945,12.741049264463458
1932528183,12.716845633297954
2500108750,12.689587904607356
2096192761,12.648308812509395
2091233253,12.647339189534593
1930170917,12.626024081391847
1931681182,12.619799498770618
1930933862,12.561202671566473
1932451173,12.533268306515813
2503614080,12.509640319737883
2092012817,12.499948016661019
1932493351,12.462863964155611
1880495925,12.458324483232715
2501247791,12.316112423939304
1879124404,12.313429558257477
2095409990,12.311673556794617
1879858492,12.262629331794031
2501387331,12.22687458879864
1932529424,12.208523122749124
2500192753,12.177674427087432
2499894410,12.161256071396693
1879135974,12.154494598527528
2093890502,12.136082464392867
2095342650,12.105476746106582
2501647282,12.070837589930717
1434058297,12.0588698145909
2500742460,12.053220946601474
2092081557,12.012113004028361
2094593862,11.980973369414972
1931686017,11.957653515569246
2500173540,11.925414374948364
1931645525,11.921040351003304
2092833410,11.889334982415399
1931635160,11.826708549844835
2095397854,11.78174024959684
2091980637,11.771871464563763
1879829054,11.725536325414346
2499252610,11.711726369324584
1879884332,11.708641738704946
2501492133,11.69553131028608
2092900257,11.682187207946903
2501869350,11.661505106543956
1878581697,11.625499873864904
2095353882,11.604336155648014
1930987015,11.572827851627192
1930964742,11.559320993718687
2499619937,11.557378437566518
1933580592,11.552601496863135
1878576931,11.545746336161999
2095416123,11.465872437933108
1433540682,11.464705665817343
2096260444,11.430163471890646
2502946162,11.386546338025505
2499678904,11.373343024603033
1433536422,11.348335751573709
2501997684,11.270246796227639
1930192287,11.252737103128995
2093881132,11.240898159781395
1880483890,11.204861301014596
2094574934,11.201425481786218
2501849684,11.181731818900799
1932625971,11.152723984924036
1933516382,11.08741804911447
1439384105,11.085505957622221
2499278381,11.062476700417596
1934298125,11.021882314302056
1879857592,10.971706417515723
1930213147,10.950170373464207
2091963423,10.865116813577487
1879878382,10.801597522942625
2095488680,10.776961669080897
1879809500,10.772288849099066
1930986447,10.765729976499049
1879163690,10.743826863298251
2091257375,10.710910615992514
2500431790,10.683367792243113
1931608205,10.663568477409008
1880500922,10.64737186135203
1879159682,10.64123605708983
1879232687,10.639655044246009
1931695603,10.607993686043534
1879144040,10.57460399563464
2093087693,10.569124511918119
1879125257,10.502316321411625
2501084820,10.449845874117369
1880435071,10.39235951373463
1879241994,10.28425521071192
1879828145,10.25640153267004
1930178401,10.244357054459485
2094565175,10.113018763674734
1933496767,10.082958184507273
1930170175,10.0641834266893
1930981623,10.062868582298314
1933504941,10.01715272189399
2502655892,10.002302755417034
2501105680,9.832791623608726
2503875614,9.783003305751468
2499416443,9.644543631469084
2092766434,9.61618315232742
1932544055,9.599650184458582
2503801560,9.56572954854622
2093071201,9.47341113121299
1880507192,9.439505905818566
1879130027,9.432782400406625
1930166017,9.400453916729042
2091260015,9.38275862481533
2092956573,9.290035901890569
2092781454,9.257253142593932
1930939512,9.250679620870722
1879231327,9.246124390001743
1930216093,9.166851130982774
1879782177,9.103161789519106
1933561047,9.041281566004137
2503781934,8.908294946175275
1931653523,8.804973542432881
1930188773,8.800406461902579
2093882642,8.763494734611381
2095453584,8.663942710595094
1933525284,8.63575930165906
1433560262,8.470795927603621
1879185201,8.466990175976118
1930983107,8.463799310051192
2501935887,8.423306870006938
2092834967,8.42009487638725
1880472362,8.408958836976865
1879223355,8.387420597015304
1434276055,8.356789298977683
2500949670,8.354237948657376
2094622793,8.260091980011065
2091226041,8.2461447609205
1932496987,8.230137131015383
2092843623,8.181597339703423
1930166371,8.158331441306045
2499401532,8.153342814313298
1931007301,8.038208351430637
1439534114,7.97400074125529
1930939385,7.962079751067831
2093864801,7.95544143293577
1933571484,7.948983381420193
2499670200,7.939828920912179
1879242840,7.93897703106793
2500289942,7.8631591476153595
2092004764,7.819433157696455
1930999725,7.755484233824074
2502850787,7.7348320053166715
1930202531,7.701640420863393
2501372450,7.657207262822599
2092055212,7.630849566060414
2095440244,7.607488939022949
2499337394,7.519577962335204
2499278701,7.500417796207384
2500594534,7.463218358033189
2499627434,7.460044087810051
1931625193,7.421904980871657
1879861654,7.410061741884497
2503181132,7.40843467794908
2093875080,7.39759025683928
2503721670,7.361013202474718
1931007702,7.326290527117112
2501639274,7.314235579620465
2499372704,7.302366008412694
2502798614,7.297816266621101
1879191175,7.255946238692021
1930144851,7.20912840405302
1879823051,7.206597390279894
2092035125,7.190516247298457
1878587424,7.168555143548835
2092016344,7.097067752736441
1932562641,7.085463784268301
1930969647,7.081440767613139
2095406634,7.0793521538434145
1879889292,7.068372372613762
2502172155,7.058324804019842
2092054787,7.042368677811208
2501903510,6.985849623192381
2501313393,6.9817309021671115
1933530363,6.9300511733105665
2092845101,6.9224439390233306
2502736185,6.883256243749281
2501037764,6.857041838337985
1880445302,6.839399343829218
2500566270,6.826930766238607
1880425714,6.723875371366814
2501735680,6.704839591033499
1933508182,6.660467461167863
1432717803,6.483638659484276
1933535043,6.413367528978791
1930955110,6.4095691898492255
1879787604,6.4071969817193954
2096226142,6.337765856917658
1879160037,6.307419444042052
1879222304,6.301778333968146
2096189110,6.274788351347519
1933505705,6.246029092296112
2503697704,6.244455262913428
1879240034,6.233290226338315
2091955927,6.228137979526354
1930160675,6.180398574261677
1932503285,6.138669462207806
1931695922,6.094702571525824
2091254467,6.087802358707695
2499571614,6.087361781016112
1439489482,6.030304364294473
1932635287,6.020526093069435
1930937163,6.007686166993604
2501598005,5.90790975638183
2501067452,5.787134803898169
2502718800,5.7586167543084015
2499313470,5.699947722003421
2500864964,5.687723153500207
1934296573,5.687278901473714
1879244874,5.679602466170754
2502909394,5.664107056937114
2500597742,5.661504985176926
2503874871,5.598730864719625
1880476657,5.5431549570856085
2502091300,5.406482801957701
1934310327,5.392833631866323
2500981702,5.379666456971325
2094632774,5.354932000459992
1879794433,5.345215120805882
2499617080,5.301564321738887
2502455647,5.272262348133964
2091241523,5.255659111345114
1880448182,5.212457078407012
2501822534,5.199746458798085
2501332462,5.055763209244886
2094641604,4.965277201716209
2499780760,4.957945792679362
1879215667,4.8083940493335975
1879195522,4.767652169371779
1879807693,4.738895468692119
1930986005,4.680273179510044
1880441582,4.644466472276896
2093940752,4.630191149554745
2502026574,4.610840479018398
1930993201,4.5523609871100925
1930969745,4.490743364656296
2502420660,4.385132602129507
2094589934,4.368026830449414
1930935605,4.33066496243959
2500269110,4.320832981243542
2502280120,4.315661724552368
2502955270,4.305605756531292
2502759577,4.27394591729875
1930930971,4.230913852795601
2501706190,4.149598678728509
2502559843,4.1422807699926345
2499689910,4.115096659329572
1932591132,4.114369016822869
1930974137,4.111975247512614
2503628434,4.032361995331223
1934297453,3.997805951692012
1934324004,3.9795851615154234
2499859982,3.937796566619271
2499699754,3.924281480539038
1434688680,3.8971736536919046
1933595357,3.8960847570127695
1879835964,3.8291256678796994
1434707841,3.748424919441129
2500185892,3.7236963556502833
2094578404,3.70799510739344
1931017850,3.689077663814426
2499886002,3.6574435991861707
2503069673,3.6448973046342736
2093093094,3.5483770250587217
1931687151,3.5419110948728108
1931688383,3.512541296127235
2091202082,3.3713047629700394
2095353392,3.3639719108633543
1930169233,3.2925610627952175
2500961214,3.2847212017392295
2500252480,3.2601664031926574
2502524632,3.125216188016878
1880482667,3.079594827603148
2499312354,3.0667596209749473
2094649562,3.0245543550728287
2095441474,3.0059996692571915
1931594057,2.9947028606711914
1880479014,2.951115000002295
1879810977,2.9313350993278506
1931644251,2.9297039539569045
1880437670,2.916298876543767
2499702803,2.9125093525517216
2499232910,2.9012083217369193
2503885802,2.876175072493467
1934319377,2.8708200572196434
2092080231,2.8038071790852688
2092797045,2.7962286644340653
2499593254,2.766449669150075
1933572800,2.739281865347676
1879217884,2.5879808948468144
2095376487,2.5396343072716356
1933546087,2.504341714442836
1934307130,2.4675189045235237
1930215441,2.3859097772956015
1934307703,2.3746995143432184
2499762930,2.347309598261691
2091993497,2.2883779909122177
1932512871,2.2304262683497456
2503678080,2.1824898433812314
2093016204,2.1485465310396656
1933543481,2.1003489971173632
1930180411,2.0829922842623936
2501097014,2.0631265416120894
1879806622,1.9824447238450265
2503624493,1.8188652813848396
2499558370,1.7740982026650243
1879126680,1.745200463439363
1930993521,1.7052764849830462
2095439577,1.6428159323803064
1880533134,1.6352024775144955
1879874324,1.5864360492200855
1931676901,1.5046817913133328
2499346223,1.369795894118599
2501467152,1.247228823377521
2500829892,1.165496613936816
1433212563,1.134772754838533
2092028927,1.131966914238501
2092088124,1.1318924168299709
2501573235,1.066146186075849
2096201335,1.0205474332552558
2093853430,0.9618792723722284
1933504091,0.930505441478179
2092921521,0.923826876955989
1879142951,0.8935497831353029
2502519273,0.891844179263615
2499616520,0.8667096638563323
1433350923,0.8623060427935971
2503068864,0.7774681371318214
1931682197,0.7753503994079095
1934320245,0.661947423642641
2500857874,0.6566263886883177
1879192224,0.6414059266801764
2500990120,0.5734196582922584
2502214751,0.5505945505816893
2502485307,0.5498157155733948
1933591622,0.5417870858331604
2501807622,0.5413050664637822
1880483383,0.5409984080789955
2501208250,0.5385571946198021
2094580687,0.526904370228725
2092757155,0.511890693829629
2093023244,0.5086486307321618
2091971523,0.46492361558724166
1932637481,0.3776103239357784
1879871287,0.3776090360968518
2092856491,0.37548006855153276
1879128362,0.36150662651276233
2500283183,0.2971284658841541
2091222152,0.2751379472503775
2091246527,0.27366529025269165
2092026823,0.2585195712436127
2501008625,0.21179045035824487
2095365521,0.1913015486561624
2502397640,0.18342068307927667
