user count in community:3009
Topic id:9,Representation:0.7402313108613092
userid,score
2502294870,278.0506912326018
2502972784,271.60966305530155
2501950561,269.2496765395267
2500117303,263.4234038438539
2499368071,256.00233206251175
2502453835,255.45950659976344
2502656582,253.76532168023215
2096244485,252.23892442377522
2501465292,251.83653457680646
2501179443,248.9520422151029
2095450235,238.58564398980744
2092848075,235.3357092201404
2500127067,234.34790018426983
2092000993,233.63161462428164
2093091603,231.102408842126
2092890315,217.47982571818721
2503210297,217.0807179827256
2502193122,214.55735708109614
2501669253,214.53813211487872
2499218784,210.7861624648622
2502746283,210.6738006503647
2091963164,209.91390736876244
2501931757,209.3011044751192
2499476163,208.55479053595164
2502545480,208.5321062699392
2501473964,208.1764279791684
2092852901,208.17271314933888
2502502294,207.99522376506022
2500984840,207.22718324511445
2502047610,207.11976817054105
2501797422,206.24122904623056
2096202780,205.57970913529513
2503841962,203.78477067056818
1930982315,201.16737865272853
2096187871,200.76329360034975
2091276944,200.7566493467784
2095402500,200.48637966436056
2091982001,199.92228751571383
2096218634,199.75344039993792
2501343091,199.2159870475235
2503365964,198.91472528756987
2500178713,198.29446134955867
1880434252,197.6400853613758
1930978814,196.76418205176847
1933501672,196.06088398436458
2503739834,195.9373601895565
2091241342,195.1691061548149
2499718200,194.6845749313469
1930140941,194.59327705792077
1880521735,194.1767534678298
1931615354,193.4391614061409
2091984891,193.43832475004425
2092914461,193.4252095994372
2503819547,192.47689152056464
2096259843,192.38443184837772
2503539557,192.20567879608518
2501953781,192.16808461495327
2092768147,192.03932842726388
2502927371,191.95827472086123
1878587233,190.98662287934658
2092907515,190.87978415837574
2503324842,190.47509971731495
1930165571,190.474565546442
1931607770,190.35860727160718
2093007033,189.91123903305854
1434718541,189.5237628844703
1433158597,188.9770181380765
1934324023,188.7006914948391
2093860037,188.30889223836454
2091995703,187.97202496940065
2501792972,187.63796984182522
1930172525,187.60977969150275
2095463592,187.264763299621
1879816730,187.10664858535011
1933575493,187.0401157359894
1880536125,186.9664584767127
1930174345,186.9434431503984
1930222465,186.86170944340097
2500342980,186.45562166701293
2092824144,186.25893735886464
2499517262,185.81539026776377
2501491620,185.8108812430516
1930253297,185.61605672963915
1879861454,185.55800944040428
2499540550,185.39444301660563
1427862181,185.11245307945416
1931026140,184.9078153835211
2500109674,184.85643280847447
2503365995,184.81975380438448
1930985463,184.4799565749999
2094610030,184.3151222617422
1879156641,183.63241278003014
1879794900,182.93237037555338
2092833354,181.82973702861437
1427716044,180.86780051066532
1930229825,180.59026578288416
2499486102,180.24544910985497
1933500587,180.0094371329908
1931655655,179.9527638194676
2091962443,179.61405651604505
1930253957,179.54547398138476
1931666521,179.289679815747
1879184517,179.27171857604228
1934322592,179.24762820351725
2502835711,179.13178557104857
2093966457,178.93395362461462
2499722571,178.63402080331593
2503056460,178.5085228186961
2095403241,178.29702280332023
2500866724,177.9753559764439
2503130940,177.7133432207038
1433219630,177.63406082125783
1879792962,177.40723153594757
2500199512,177.2656143368077
1880495271,177.00975048108003
2502919853,176.9616746268556
2095456702,176.79907100850474
1879779583,176.68892413651946
1880521683,176.36797612314788
2092857993,176.22238663014082
1879911894,176.1563090275786
2502824085,175.78408843935497
1879174047,175.63144961910737
1879856344,175.5551806193068
1878584035,175.51663384611027
2501793810,175.32586197218546
1880534213,175.31695637614908
1433305461,175.1858701095853
2091195395,174.92097574140314
1880531513,174.72390179314877
2503185300,174.45724503892686
2092069575,174.16343388310733
1931622455,174.11692129312104
1930164693,173.85648382966775
2499646840,173.6626342202605
2091212663,173.61624597327219
1433996671,173.21500964142965
1879868534,172.98375998831514
2500476697,172.92091687555916
1931627153,172.88870450493133
2092908945,172.78189504304427
2093076580,172.5522629391093
1879771370,172.3876253381737
1879840017,171.95836444110864
1931620197,171.8947679286361
1879189223,171.80472846534883
1879148511,171.72502898799578
2502643273,171.71194897372993
2092878740,171.6711876833458
2091260101,171.66771508921812
1879159893,171.53141980392004
1880502731,171.4715590867977
1932459383,171.33398825994243
1932534394,170.9551724877983
2093003253,170.8924355948533
1880435202,170.75495067205827
2094650971,170.49606820648134
2093050194,170.25714888211098
2503318490,170.05856948496188
1931590945,170.02646202118106
1934319687,169.78677166454847
1880439182,169.73350068246228
1879844885,169.61843487463594
2503735491,169.53195840140071
2502081387,169.5190967402876
2499529310,169.44833928743446
1931590410,169.27605178465018
1433758267,169.166349084911
2500961500,169.1475612417908
2092951285,169.14422920350273
2092038275,169.1304511686666
1879899837,168.9597164769061
2499600715,168.80724190832984
1931024783,168.6959851672824
2502850823,168.4737075837488
2093954513,168.19703856869873
2091984467,168.1470573944224
1879904025,168.0811507583908
1879794964,167.93146427269045
1434351692,167.51790522081842
1434558484,167.50354936638058
1879773981,167.4534416469138
1878584127,167.43162467644171
2499590433,167.36816071694247
1434000397,167.35537458259796
1932549361,167.33473765194202
2501390215,167.03546638488223
1434162980,167.00021840335168
2502723563,166.95527506086165
1880544120,166.94302036728095
2091237372,166.89936759166216
2092880551,166.8092007386449
1433594093,166.79913671669274
1434766840,166.7596695470951
1931631663,166.6479633787682
1879812770,166.48864526144953
2092799092,166.33034701399458
2502768851,166.3190773817035
2503414640,165.96655878180198
1434392503,165.89889316779343
1930943243,165.6388220538198
1930188835,165.59243730812886
2094639977,165.58195024084029
2500850970,165.41163563178313
2095368283,165.145516447916
1933526635,165.14513404656486
1879171053,165.12795382606535
1932457627,165.05819796466858
1879775550,164.98069473127697
2499701364,164.89484833229372
2094604510,164.88483243794212
2500496697,164.66142674467443
2092039132,164.39351007080393
1932548213,164.37201047896403
1930996643,163.98248818144953
1879834875,163.97100945093513
1879194432,163.4910519538292
1879169402,163.44359487136117
1932563445,163.4426580528447
1880526592,163.1648382505367
2091982014,162.90994052058664
2091250017,162.7612978013342
1879902582,162.7120876981009
2501582641,162.4115687409338
1879168733,162.36410558882812
1879796033,162.28321026410865
1880512827,162.2093870540458
2092808473,162.19236927047984
2092025971,162.11576495984013
1931658225,161.77332058911495
1878578202,161.66500490332595
1930945923,161.54446631504138
2093870940,161.44145754495133
1931604093,161.23475520302915
1879856853,161.1061069695575
1932645275,161.07444605596464
1879808471,161.03846050751108
1879843533,160.98062894979614
1930963823,160.92330946655636
2095400730,160.9093184531546
1934320697,160.8715940654368
1933536517,160.75717845483192
1879232854,160.40810428702864
2095391501,160.33860530866502
1433554382,160.20253492330656
2499711222,160.1398318771359
1930154233,159.98899660431837
1880526935,159.97533901571992
1879840542,159.7829269646179
1427731845,159.70308107871404
2093968013,159.67378931612046
1932645644,159.6545764377547
1879803475,159.6244314473165
2502140135,159.48403859637793
2093083712,159.45674866421604
1433417231,159.27846087464525
1879788732,159.16030400990542
1879148700,158.95751871630088
1433057603,158.9124168694555
1932450391,158.86515296978737
2499729510,158.8550595841991
1879183745,158.84225757868427
2092066705,158.8005633306179
1930969033,158.74101333950944
1879135361,158.72220221091422
1879223590,158.5325992426285
1879806462,158.36150681843694
1932505013,157.99432447083623
1880447342,157.91523978113847
1933491755,157.85714617107686
1880449090,157.82620344401298
2499553550,157.66003843631847
1931021683,157.54517319138046
1879149511,157.45744169935628
1879855071,157.4111383290916
1930953171,157.30397803894644
1434747630,157.26542594274505
1930225993,156.8457007274978
1432791601,156.47146058270116
1879190432,156.4629458368569
1930207641,156.40325976638036
1930183113,156.32454730599068
1439331640,156.26741570756008
1880476793,156.17443504327048
1879141351,156.0979814112486
1932568343,155.92926328670066
1931641727,155.8609527705602
1433341422,155.84781281922693
1880532555,155.81004079066167
2092967043,155.70138506868935
1879162233,155.663558890951
1930228001,155.56447806971883
1930248343,155.54551134794931
1434768663,155.36978132329992
1879854537,155.28403689526291
1439386423,155.20454677759832
1879898995,155.10821619797832
1930233401,155.04039701938132
1933522340,155.02355764112212
2096244891,155.01629186263867
2091977392,154.84783047254354
1879230850,154.63614023061868
1433636373,154.5957262694603
2095382730,154.53365527230466
2092951443,154.50280013692299
2091201194,154.4999690164319
1931673484,154.28312608590068
1930196420,154.1709966063694
2501321532,154.10513514806837
1933572564,154.07837208106213
1427798572,153.98117331474805
1932541573,153.96257234235756
1930930292,153.93498646467623
2093967510,153.8966738972277
1427672811,153.74856401258242
1880453697,153.52784475470048
1434750034,153.3757213952339
2500162972,153.36152964716732
1879867287,153.16271624805566
2500809501,153.15883153723766
2499601602,153.13514433861337
2091181502,153.0928495580763
2095453897,153.08333488575673
1934322984,152.97613932793323
1879816440,152.94419529708344
2499446312,152.94414963993222
2092861690,152.85220035102444
2091224645,152.846339108381
2091183973,152.7583507684021
1879231355,152.69572703751078
2092994290,152.6697681371991
1434510235,152.65590131853912
1879899142,152.42152793580263
2094685961,152.40834833300326
2095384362,152.3902905493879
2499585702,152.38356649546148
1878582655,152.29719167807235
1880514311,152.1069660998686
2095437317,152.10604447754739
1931595353,152.055925998507
2501762335,152.0324835113274
1933529375,152.0194228028904
1879899610,151.98968802968585
1434083793,151.94245784893212
1879153037,151.87666527485771
1930187431,151.8716621664972
2499874662,151.85004150525688
1880478602,151.77434832467313
2092806983,151.72825082408733
1880526357,151.59129349492298
1879169997,151.53003068866363
1879166904,151.439886268818
1879777331,151.43077468761535
1879196597,151.13672027485168
1439362620,151.0631951287154
2503789574,151.03280366545084
1879797891,151.00346087498355
1878599187,150.93037879898458
2092038660,150.8484073716011
1434184805,150.84416277273738
1879195004,150.71538073284447
2093085513,150.69816475672062
1878577960,150.69502682898226
2091950920,150.54663394796967
1878586877,150.47069721082494
1880488485,150.28057105077096
1879190741,150.27209442287835
1931015301,149.86635200795075
2499488247,149.84592507157814
2093030757,149.6995632996992
2092775851,149.6558236331067
2092879621,149.64092253766987
1931011233,149.48379693306322
1930225351,149.48315308962987
1879803624,149.46300923587856
1439591115,149.4439836973388
1930196863,149.3939177184697
1930162215,149.33330902630783
2095404001,149.27420460317612
1880469012,149.22641132341897
2095393265,149.2243856104061
1880497114,149.08201113002752
1932495905,149.0600848366974
1433684545,148.89104608009774
1879828032,148.8730748020245
1879189555,148.87068188596584
1930177004,148.81263825974966
1439385562,148.68140831139164
1933562353,148.61459617159983
1879165097,148.601018825018
1433933491,148.51992425574943
1434338352,148.4819991254818
2503716041,148.3953820203138
2502514097,148.3584172778586
1878577095,148.31237284959437
1879835433,148.2811674071655
2503922934,148.02692278949175
2501715910,147.87665672255434
1930990001,147.82421812308107
1879823630,147.80362380973577
1933510195,147.7791965740665
1433345865,147.76943206655818
1879182765,147.76058991992386
1933506795,147.67888991652296
1879888805,147.67861422374656
1879176622,147.57130880349285
1879784077,147.564548492655
1932468067,147.5580526930184
1879241701,147.5344101165853
1930955494,147.48943778284493
1931629201,147.47068536325827
2503390892,147.37691148827167
1879806221,147.25773117110333
1427860691,147.24689530852322
2091191900,147.24010811905845
1879838747,147.15372543350017
1434747404,147.1399692180487
1879861982,147.00757423286552
1931691851,146.9666756028305
1880541425,146.95748066825033
1880457192,146.9256988793822
1931641951,146.86774478856728
2091993037,146.84571412532554
1433830194,146.82411947542587
1930156640,146.71844024736973
2499282211,146.64825510856605
1879900374,146.6301638476308
1930938422,146.58435340941418
1434495821,146.53667332534383
1930158634,146.40649935689154
1930928551,146.37936486461803
1879154851,146.33611194854538
2091956291,146.220906993851
1879225737,146.20743913554298
2092053755,146.16257788789085
2499230872,146.09858688788486
2092914524,145.90948869432245
1933516660,145.83202526756446
1433219737,145.81629738933935
1879210993,145.68252352590892
1930992041,145.59515141873027
1434641584,145.5600345325562
1880448245,145.52786367400662
1433503065,145.4747381424711
1433294943,145.40837785236135
1434491204,145.30786380360175
2500527117,145.2887638575707
2093026454,145.22860591849337
1879894420,144.97621475326386
2503441821,144.92138479117318
2501698365,144.90092767793558
1930953733,144.86173998683884
1933541191,144.8475988278225
1879145080,144.74803341095478
1933543885,144.74478558260094
1879878010,144.69896382601553
1879786732,144.64590407127702
1434654963,144.6037857887639
1931626407,144.41495441294356
1880495045,144.38157667642426
2092063751,144.37356887964003
1879137674,144.27821936855685
1879802041,144.27160846871638
1930222534,144.23584133308142
1931603865,144.20297419178436
1879824354,144.02788128318187
2094690957,144.0192589126491
2503847682,143.96808271050443
1933549441,143.93350208007251
1434769525,143.75240886244399
1434419542,143.7262793115374
1930160684,143.69271336315413
2503749404,143.65412128573624
1879894654,143.64534238029938
1933561393,143.6165852917874
1880477453,143.6015849567289
1427869902,143.52901007708203
2502260154,143.5060474509842
1930165005,143.4977310439453
1931665431,143.45253065702337
2091966895,143.43301953215698
1880512414,143.3784518099338
2502668812,143.27438636405884
1434634922,142.99615784877554
1878585421,142.96635842264254
1434333017,142.87560840024446
2502599653,142.529447862764
1931002392,142.5271633483958
2500114310,142.5226878018919
1434510764,142.46121394530152
2502509532,142.4533783124011
1932542753,142.38266684219982
1930220551,142.3817601630528
1880438257,142.36001951871825
1879802911,142.215414547184
2499575284,142.09312606988354
1433764400,142.03488957148517
2091974085,141.7274150734663
1434081092,141.72495981697915
1434310311,141.7049787000075
2093028210,141.70248987177285
1878574921,141.61782698873355
1434224753,141.57453879702837
1930940283,141.32655366763422
1880507755,141.20528475522696
2094644051,141.10017813719816
1434559737,141.09891306222673
2502082510,140.963872968299
1880440770,140.93812884925532
1880491875,140.82076037479274
1931619101,140.7832941503894
1434531735,140.7674736971886
1931602815,140.7611461337352
1930927003,140.71935121647113
1932453091,140.68753834451564
2095485922,140.64937160138876
1880466742,140.6028883138736
1933585211,140.55522797598584
1427890455,140.4972915740707
1879215861,140.49002041201183
1433168190,140.44404216754646
1879802454,140.38552093782934
1933543465,140.35803132661528
1433141692,140.3563151632388
1879903355,140.35406421485115
1930138403,140.23122327369094
1879135231,140.16559060725356
2500851610,140.13458546944318
1433341277,139.9184093895779
1433562093,139.8771174164215
1879200053,139.8264598486437
1931693722,139.7392806398579
2093031417,139.6840894111275
1931606564,139.63525503164396
2091948333,139.42752672324917
2503415980,139.35650250446517
1930982635,139.35637279391105
1879813564,139.31212747613608
2503628165,139.29371659048064
2094675562,139.27209132400142
1880511241,139.19564438015092
1879812475,139.15683604603018
2500730630,139.07449581539515
1880509377,139.06002631967425
1930944562,138.97640010604377
1433855575,138.88673983342326
1931661997,138.7873839593984
1930994834,138.75527911491244
2096247543,138.7515654987864
1433833077,138.74636360307807
1433447725,138.71873930582126
1879890940,138.70746473600565
1879134392,138.70318971363318
1930969773,138.6313968314297
2502731893,138.4829998689725
2094662377,138.45703807151534
1878580667,138.4467992100259
1880516174,138.33245421810867
1879793210,138.31817097792796
2500801210,138.28943884210653
1879815304,138.2787443402642
2092031893,138.157819590473
1434420081,138.07564522776966
2094656850,138.06942603111574
1879810073,138.0480484900416
1439320732,137.79647971535135
1879789757,137.7773507675291
1880507394,137.77536281696666
1433665610,137.77388582125897
1433727052,137.67725817364612
2093967037,137.65374803706004
1879154083,137.63842986406894
1930186197,137.6158119145354
2091968363,137.61572461212768
2091986543,137.56804340080748
1930244925,137.48552558194896
1434190202,137.44475688447082
2500148685,137.39543273042582
1434498742,137.37015602669396
2091216573,137.34477154193496
1930178262,137.1927999265375
2501468972,136.91820880926133
1930196795,136.7047292924503
1879140324,136.6016942445788
1434460071,136.58723691620025
2095349894,136.29886947528416
1931599557,136.29167985497793
1878600987,136.24674403539123
1433872087,136.20836949098475
1880481251,136.1888932604481
1879870332,136.17285033385147
1439434345,136.04518677754825
1880476520,136.02940504901457
2091988750,136.02083318935283
2502781687,135.9716131846413
1880510905,135.9622165148622
1880450772,135.95241091138573
2092066853,135.8523704253518
2501094995,135.84838021880637
1879831662,135.7626164218107
1434732715,135.74757136125854
1879812695,135.64751662300722
1930249087,135.63473281752684
1879908067,135.5507252555312
1879161247,135.48083211590514
2092963791,135.4512595893513
2500289390,135.37514058425504
1879194601,135.3081344738165
1931644995,135.2626683799904
2091978871,135.21401252134737
2503385734,135.15015804610712
2092054937,135.13183401398115
1879837990,135.12049285264325
1433899854,135.07516190246056
2094651713,135.0700111087056
2501282543,134.8395037823176
1879193925,134.7968000465301
1878586385,134.7519449655037
1930145571,134.70446559714293
1930219773,134.63807455165735
1931686391,134.57834366729273
1933505515,134.5728325775211
1879179924,134.45785979259617
1433481133,134.44756907507713
2501567841,134.28376018352768
2096238664,134.16692929883578
1432936420,134.15169072076807
1433668467,134.06113234975308
1433063440,133.97457997930246
1931602441,133.97106051845165
1934314961,133.7934536982313
1932448024,133.7048378478294
2500941035,133.585424938649
1879797051,133.53488079253734
1427682987,133.47620126810227
1427701864,133.43259249010268
1434421631,133.41161554812555
1880445213,133.25795168083144
2501439933,133.18466726865842
2092903445,133.15739276337865
1934301070,133.1408276767564
1434440064,133.08256530051347
1932519405,133.0367950034992
1879855724,132.98885758028047
2095377410,132.9350540276437
1930197052,132.93032590832306
2096207992,132.866487096224
1930183927,132.83287027141276
1879770063,132.77444371609957
2091282502,132.62355187084395
1880528621,132.60497319692973
2502729377,132.55903367359141
2094639653,132.5045699823019
1930970155,132.37646441922598
2091252791,132.35689814103085
2096203173,132.35493602472752
1434532894,132.34383001158568
1879775944,132.32633106174933
1879151823,132.3098456062498
1879144844,132.22659760041822
2092971103,132.2089900977468
1879156402,132.1017679336199
2095489587,132.0533430723087
1434595863,132.03674242859108
2091253535,131.98247787377758
1879155935,131.9545879939222
2094629835,131.94627608367293
1879824034,131.94175613989825
2092790224,131.7694253689249
1931610907,131.76309631934606
2092089121,131.75403360454564
2092895693,131.74281133583779
1433714461,131.72819780732863
1880483995,131.6080623666026
2093046393,131.50369131451467
1880441331,131.43083582656504
2092003205,131.32207748162807
1427855105,131.29811040983546
1433229632,131.2954436341269
1930236085,131.22546785887434
1434341077,131.17819428623707
1432947320,131.14814103896157
1434717217,131.06585674869424
1931672847,131.0116948132904
1880501330,130.9876374558799
2095461623,130.98203269514278
1439371020,130.94545367031506
1879850750,130.9202469515868
1879201371,130.91762589527792
1933601152,130.89852629088688
2092067403,130.8462547973781
1932603082,130.84252555272846
2091255017,130.81325576386885
1434711685,130.69822239981642
2501580822,130.67919275931843
1434066280,130.5980666160819
1932441291,130.56036196905293
1930207171,130.54346456975492
1434585263,130.54048552679666
1433647611,130.2923037430176
1879243234,130.08063796980494
1879824454,130.07283077181646
1434114220,130.0224568239825
1932585327,130.0177507136027
1879134130,129.99534516007293
2095350585,129.91169003260566
1880451182,129.85432972426392
1932496917,129.85430801611955
1930994542,129.8385649766281
1932568125,129.83480448658787
1432805264,129.81073651186927
2501209342,129.77024097450368
2501038712,129.7055179523208
2095336533,129.56421139976223
1878602370,129.5343974569138
1879137657,129.42953636277872
1932637202,129.36539821989467
1930215614,129.32154267275217
2502445640,129.30039925710983
1432785024,129.2970292187667
2095391795,129.27879253416458
1880450407,129.20629584088806
1879224264,128.9915624926405
2092922295,128.9782107286197
1879173071,128.82809729900674
2092958540,128.82676397522252
1879890220,128.7441040514386
1432674253,128.59920105672546
1879132813,128.59860597742713
1930164047,128.49861600162217
2094698452,128.49440952380925
2501670035,128.4634137245749
1879872902,128.37004625298883
1931640457,128.23515796761058
1879876820,128.20541776966883
1933503817,128.17542592872522
1931645227,128.15674005671707
1879140633,128.11666166348633
2092077323,128.08918116637065
1933521107,128.08916364939006
2092984265,128.08408840671245
1434544513,128.0432426228805
1434655804,128.04177170856428
2503233495,128.00134221771842
1879896024,127.9918378575428
2094679910,127.92525183477453
2500104713,127.90321533830134
1879241531,127.8507517309664
1931657053,127.84202140161547
2500991640,127.8268857869764
2502635747,127.80145244636958
2499826160,127.73992993544638
1879768804,127.73593331752257
2092043947,127.69623728948085
1878578191,127.69116503846983
1878596574,127.68929410091867
2091214637,127.63987489139492
1880544771,127.63681050259078
2095368143,127.63400713540123
2092815062,127.53122957887545
2499211421,127.5228973629241
1878596054,127.50907460340945
1434618061,127.50423516513136
1930152335,127.47915147205339
2095453721,127.33675929173762
2501810187,127.2614026085923
1879893545,127.19096284464123
1434426213,127.17620501568346
1930155762,127.07951235292525
1879234602,127.01548023754668
1931633151,126.98478290824461
1879169925,126.93641396750623
1930956663,126.92310695804613
1879227784,126.85559411741099
2095414645,126.85250527965658
2092780115,126.82749800978749
1434119177,126.82653286906384
1427830533,126.74647815997128
1433631280,126.73020163887944
1932526457,126.59872329903962
1880428513,126.57999915210914
2502850240,126.35609563834558
1930963421,126.31768113403679
1879217103,126.31003810294295
1930950260,126.30029038044579
1434263584,126.28875791718058
1879200961,126.28353070011944
2503768020,126.17376800388871
1930239843,126.08163171394774
1433595894,126.07321243528862
1931638127,126.00811023267218
2092087977,125.96407046111774
1879212093,125.96109231402966
1433305747,125.92451172126594
2500340490,125.8845718281636
1433609564,125.88362725132114
1931658307,125.77671866988412
1879849895,125.76732073702641
1879884724,125.72197061295603
1439332734,125.69687333122502
1879135213,125.62986655808916
1931658070,125.58204268344798
1929307083,125.5779971323524
1879126244,125.5054570392197
1427864260,125.43957806292485
2092884813,125.39925246921561
2092022164,125.23144282558813
1933589542,125.07186905568778
1933502477,125.07021577739512
1934323725,125.06373237114873
1930948044,125.01342856181388
1930248475,124.96538821485477
1933491244,124.95276967136016
1879839551,124.9071267170898
1433385411,124.84423641693607
2094605064,124.72635695469175
1879151193,124.6629304814121
1932556065,124.64307929323667
1930950300,124.5858370254809
1432725934,124.5484806039386
1433864152,124.49524799555697
2091252947,124.41938788200133
1930195211,124.25968514045725
2095346133,124.18202131204507
1433691375,124.10593289512724
1932453615,124.07792348158391
1931667255,124.04855226711787
1931594170,123.98260342848401
1930974695,123.96637007871911
1434639643,123.8129981749682
2502955872,123.79576433522679
1879202050,123.7888078848502
1879200502,123.73484415700932
1434771544,123.72456555600074
2095383675,123.60249529845484
2502731733,123.51848357045114
1879232197,123.47753229469869
2091270821,123.3722711398463
1880494010,123.3332543229799
1879138273,123.28781943486551
1880523237,123.25622784488596
2092996530,123.12797838905779
2501616304,123.11984961609437
1930939505,123.09525395253813
1432702731,123.02094147194303
1879214020,122.9749703448003
1930149725,122.95838446775359
2499703585,122.94991386959542
1434283474,122.84086095394149
2503862422,122.79332804310228
2499212230,122.75697543062947
2503473880,122.6566848288979
2500775855,122.62386704810045
2091208623,122.56346593863888
1930141311,122.41793637199861
1933565513,122.405005698498
1879126995,122.39923076007739
1879170940,122.34022209402826
1878604512,122.16442328637008
2091246714,122.10382092966273
2502073210,122.06340215999909
1931003013,122.05828398772235
2092053641,122.02077895778886
2091250994,122.01711858068492
1931685907,121.97379829780165
2502441550,121.93308247908195
1434721137,121.89250718210688
2499238152,121.88451973526064
1931013757,121.84781479302758
1434139611,121.83642728293444
2502822742,121.83395349195756
1933493623,121.81946610967157
2096262830,121.77035602874302
2501392185,121.74488089557028
1879142160,121.68136876179231
1932638224,121.66513193893466
1931692594,121.6522119326077
1930164227,121.56286169150627
2503583390,121.53219009370056
2093990220,121.52834259303039
2501749652,121.41234786604223
1879131197,121.37089621102025
1433575465,121.35215748888041
1879146051,121.32209427794632
2091969387,121.25778340656935
1934302332,121.09831938060026
2093960491,121.0952345613658
2499631330,121.06057251068587
1933577791,121.01429306453005
1930179875,120.97685475096749
1932498447,120.96639204345078
1932522361,120.94514311888987
1930949072,120.87948459885757
1931013913,120.80287035578816
2092922662,120.72029480070559
2503865540,120.69843927456023
1879184040,120.67701079656251
1879880354,120.62696271407017
1427758353,120.59642925305488
1434763932,120.57659831607094
1933546391,120.54523580704891
1433070232,120.49269731490295
2502371533,120.48058149084974
2503623450,120.47795193647984
1933511405,120.46074734797718
1878581001,120.45982285184344
1930932124,120.450865284583
1930226962,120.4402400981488
2499445673,120.38896918044115
1439597407,120.31585535829086
1930246545,120.20414227635573
1931588261,120.1356408490297
1434137012,120.10536214984151
1933528515,120.0420445710198
1930216252,120.02921535118307
1933496003,119.88374724499428
2503516244,119.86549522970121
1434542493,119.79863575131529
1879890132,119.77462591137422
1931664044,119.73207919140467
1931012665,119.70228742558137
1433668703,119.68840784621885
1878576484,119.63753566042436
1439451013,119.61291001134099
1433711954,119.54354733106477
2093022531,119.52075052265866
1434489412,119.48004237187605
1930978534,119.440121032171
1878583483,119.34123618175424
2095378413,119.2269053839978
2503675931,119.10663416499958
1930191663,119.09274115506814
2092979117,119.03688317191461
1878582611,119.0122640714956
2091204570,119.0102816608814
2092790393,118.97197605040482
1433935884,118.81768434406217
2091181713,118.78973776819933
1930981352,118.77243958747488
1930965767,118.72930550659459
2092883075,118.70524636364236
2501034280,118.68779454084618
1434508174,118.68703966969304
2503731217,118.63125658669158
1434366115,118.61764740395202
2092913191,118.56434381451584
1931008083,118.54097584623058
2503261990,118.51623143101646
1930965995,118.50894872208022
2091237521,118.48009703552565
1931693170,118.40499103283868
1434732514,118.35039342674796
1931592705,118.32950538581628
1931626655,118.28858414119335
2091973893,118.27624363467218
1932505485,118.2414055402118
1933501687,118.23765351991958
1434182501,118.19904201759293
1879812904,118.19256073769505
1434536551,118.17118230118662
1879777673,118.14680365212108
1879844887,118.07634865975811
1879878690,117.9929364824111
1879189547,117.98584330902248
2092938840,117.92630779242464
2091998937,117.8774750075188
1931654123,117.8011190459645
1930999350,117.76777671405515
1879805097,117.71596776207727
1879813020,117.70700320120143
1434755755,117.6932966797121
2092824721,117.67548190464696
1931668791,117.6035093021324
1879860222,117.59758558190735
1434193271,117.54623621590257
1433518063,117.52062319189973
1433298592,117.41291669190899
2092857535,117.3994230512011
2096257452,117.37902880364324
1933592057,117.3654563675457
1930212753,117.34242826619186
1439520395,117.32423190917433
2500413904,117.30661240756145
1879886464,117.2314722008215
1879801771,117.18579429729289
1434564321,117.01423371259332
1932563453,116.9908224678875
2503916172,116.96255845506329
1931656571,116.92462693918914
1433943210,116.92291643798298
1879162870,116.72646508137154
1879791924,116.66963684250643
1932620974,116.65218754138945
1434507202,116.64979514845801
1434037477,116.64529306148579
2092868741,116.6181530908243
2095464937,116.58159855920645
2091275554,116.54294183219743
2091197941,116.4534597939107
1879207284,116.4446671226349
1879790140,116.4415195633266
1439462111,116.41386843171897
1879139004,116.40099333206945
1932548365,116.1340849198027
2095489837,116.11408943026866
1433245247,116.06995825474439
2502336984,116.06085938746553
1880511843,116.03861629423608
1879793953,115.96298242972523
1933590363,115.95384379331668
1434456800,115.84354402018872
1879901255,115.83573439644242
1427605041,115.79557154405424
1439475123,115.75037310751834
1880500567,115.74519518142772
2091976587,115.63628863619661
1434448551,115.52995703679261
1880490507,115.51481584361
2501353714,115.45764835317907
2092842911,115.4268478231523
1879857984,115.34982358298497
1434029531,115.32789177525225
2499205517,115.27288701383286
1931009925,115.24703370286093
2091963161,115.12559626389694
1933514114,115.09652289896958
1434029707,115.04189662913126
1433596983,115.03776658544558
2499846657,115.01275387169323
1434228821,115.00956537403101
1434482170,114.89783946032772
1434273737,114.8922280336277
1880442022,114.83662682974993
1934307022,114.79538094531918
1434660360,114.7588003584778
2502178591,114.73461643908904
1879848224,114.70495617332826
1931688484,114.7006062109846
1439398441,114.60842040939906
1433518354,114.60484259747938
1930947453,114.45663065763078
1932538882,114.44082726607004
2096185780,114.30747456523896
1434138737,114.26431737257502
1879130233,114.25595031399432
1932552691,114.159821977997
2092072103,114.12657400887517
2093882415,114.1064638634074
1930188871,114.06783703917526
1879866563,114.0592284915246
2499883642,113.97888554504894
1934311923,113.90449921637985
2095370230,113.70547583691587
1432691295,113.70450837192598
1880456647,113.66097797784418
2093053971,113.55796132508102
2502742444,113.48046218613352
2091276091,113.46891725709503
2501965674,113.43415619656935
1880501980,113.3578822470031
1929311842,113.33723476642261
1932500973,113.20502190186254
2093853633,113.18821723442395
1879894863,113.18535746237752
1930228511,113.1669477343219
1433639300,113.1534086562813
2094669121,113.14809497031275
2501161275,113.14605234632589
1880503964,113.03703189422943
1879828401,113.02064814364606
1880434772,113.01945457352089
1879234001,113.00527983247505
1933497425,112.9716357877846
1439626837,112.96773006015286
1434054744,112.94837345000114
1930170022,112.87611341771493
1433302311,112.8523519371121
1879900004,112.76856635405608
1439506484,112.70645673840303
1434715795,112.69781743502539
1879187595,112.57605923445864
2502198263,112.55866739338504
1932640877,112.40547332864189
2501384551,112.37211000224173
1879912241,112.34107129219684
1434348073,112.31323616433595
2092815185,112.1784089290621
1879882765,112.1399724312974
1433742643,112.12374968367365
1434720022,111.99172555107295
1879785245,111.99086067416819
2093867161,111.98806711541657
2094676253,111.9558329285935
1931638773,111.89261919730613
1879143957,111.87752275261
2095467563,111.83740089756081
2091955361,111.83431984449122
2500110331,111.70275048512768
1879781792,111.6677484309436
2092864580,111.62470363660775
1878594043,111.5496028957514
1931588647,111.54151137241264
1427785057,111.45860243513994
1878573973,111.43918388600916
1933511781,111.43306429332195
1434533641,111.39654853727018
2502909364,111.20993672804589
1930196033,111.20503940717461
1932428662,111.14275077460886
1880436792,111.1408908334465
1933518853,111.08240098338086
1931677815,111.01085254971665
2092045355,110.99460215090501
2499241432,110.97100746987145
2501954140,110.84285160957208
1930166385,110.83616327251686
1931006322,110.78529829796135
1434203610,110.75385079628538
1433606504,110.74200478730482
2091261215,110.70494378029994
1439442072,110.69592510980587
1433685875,110.67130639417071
1932648625,110.66952827622747
1434593852,110.60609065839235
1932584891,110.40123011218581
1930211141,110.38529262072704
1880529157,110.34768422407376
2094582245,110.2999324907176
1880443695,110.22447424059234
1427716985,110.18798049998735
1930203011,110.17302440494848
1433845555,110.1020389083212
2502092911,110.0952060794035
1879187432,110.07223119037316
1878577443,110.0537616592534
1434066772,109.93135083978994
1879797933,109.88807339260079
1933578004,109.86208844219082
1933509284,109.83368836026156
1433959054,109.72189556455896
1931618645,109.71318078704293
1879136302,109.62366502833136
2092995194,109.61664478082315
1931679971,109.39661741612314
2093956093,109.29369184053947
2091950140,109.16674946014315
2096185777,109.12097719964477
1930940544,109.07961244303708
1880466722,109.05586028671532
1879232271,109.02133921925046
2093881290,108.90973988670268
1878575471,108.82462664575199
1433399264,108.81382862605516
1931639725,108.77794948041836
1878603625,108.72302413831302
1880459165,108.69478765299316
1434642151,108.68612190210268
1879841224,108.68157026001542
1930183377,108.57076569977716
2095410027,108.56480427460147
1931592542,108.55237098849553
1434402060,108.48248762866595
1879150034,108.47874023721448
2503797092,108.39172435956122
2500398013,108.37928649402647
1434643147,108.20665405059052
1880518163,108.19204947558787
2092918875,108.18925345824137
1932526717,108.18897725526705
2092836355,108.1770608034316
1433596194,108.07167495275469
1879841014,107.98007507939084
1931008345,107.97780466073266
1434447807,107.90841691489456
1880519011,107.88866451319547
1933529521,107.78394045412567
1439551730,107.76850786528021
2502586772,107.73006882764713
1434764827,107.69560753745554
1433646237,107.61936698044515
1879856112,107.60120470354758
2093962521,107.55116672175708
2092815833,107.5417636126593
1434596923,107.52589575931219
2503351750,107.49709004169557
1433478450,107.46786328369491
1931629247,107.46521420450541
1878584581,107.46128180779881
2095399021,107.42897038981268
1879223875,107.37945884103965
1433601890,107.35766456147304
1434022643,107.29064562232863
1930172921,107.18493718188205
1439387340,107.08587920141741
2501852257,106.94690566498777
2501886235,106.80816390930923
1434476397,106.72142749552656
2499511530,106.66046585421107
1930939995,106.6006991784386
2502691713,106.57399846499607
1879908932,106.56902671632905
2503767942,106.56005763862497
2500299700,106.47077064385206
1932629414,106.42989551586294
2499266922,106.42652420101446
2094632757,106.39477220173286
2091998194,106.39341843192142
1930976787,106.37735689385553
1931670622,106.16161496990891
2094560147,106.12772348118601
1879128395,106.09908729093522
1434730644,106.06632107850331
1933540517,106.00588741203966
2502535787,105.99245406562822
2503803340,105.98105220449222
2094602937,105.97619054769847
1434000117,105.962898136375
1930997573,105.81162715823955
2092785067,105.80993485648831
1434425714,105.77699953859361
1879132835,105.72343313956098
1433658445,105.6786633569234
2502078922,105.66354391985031
1434504367,105.53777112983961
1879771057,105.52220147741055
2500857540,105.49381800681552
2503823792,105.4795542624233
1434015837,105.45302363892695
1433128597,105.39546915702037
2503472983,105.34551149417354
2093864421,105.34397034804238
1932541935,105.3419812602184
1879888392,105.31739323493908
1880451887,105.30380180185294
1433385627,105.30365459218886
1433646922,105.28056415893069
2094552514,105.19404191386701
2499494677,105.17450327801953
1879174481,105.10370295197137
1932542262,105.04771355665834
1879870794,105.03189915336586
2094655364,105.01221519872736
1878581232,104.92616585518834
1930973831,104.92166015855666
1433392064,104.87821313765558
2503575883,104.81297487180345
2092825207,104.79078380656424
1433713134,104.77172461240511
1933561427,104.74693404528784
2501252461,104.69062833810229
2091239712,104.60598648615196
1879832410,104.60284867750018
2092033437,104.56739208250464
1931017185,104.52562834945839
1880530547,104.49651595477158
2499764350,104.4860556898744
2091204184,104.42777983044891
1878578405,104.41624827317865
1433535591,104.38598783136516
1931018977,104.27632980132066
1930162385,104.24332737326341
1932500584,104.1792896319378
1439377027,104.10195340834397
2501670285,104.0576390388279
1439345361,104.03343441177245
1433329774,104.0231862588991
2091256597,103.99654300318089
1439502590,103.9855755118955
1433135800,103.95284715304855
1933549843,103.8867227879442
1879174594,103.80869635167576
1879204481,103.7194688507099
2093066435,103.69152195657827
2093991530,103.66639935683911
2091264891,103.64662164938431
2092917647,103.62250328358127
1880513130,103.57964293318565
1433467250,103.57883281804152
1932499622,103.55863587748027
1434744771,103.34394181452133
2500146585,103.33235296152888
1427616882,103.32818117858565
2501536430,103.2981024218368
2502307687,103.28559840855746
2092876215,103.27307353286693
2092892404,103.24270298205899
1439532923,103.22764785296654
1879814304,103.21704104662116
1879191701,103.14882205575829
1880470582,103.1434427479673
1433032790,103.1169053360162
1432663931,103.06019477957112
1433800261,103.00135062534807
1878593964,102.9912408692045
2093919637,102.938031331543
1930141241,102.9025404327833
2501655084,102.89686340971261
1879151935,102.87747838033357
2091228570,102.83947448593952
1932634004,102.79354099453295
1433424017,102.74986334670055
1880476042,102.73849192565316
1433903955,102.67793033644841
2096252547,102.67057677933062
2503041264,102.64821061169509
1934297260,102.39550505266784
1432602970,102.3840119990474
2499236320,102.34988028856489
2092091702,102.19479695522375
1930198160,102.18469853757455
1879234880,102.13883560323514
1930207255,102.13226119106979
2092030383,102.11484091599091
2092814872,102.10326761070799
2092922035,102.06789303633124
1879815392,102.06263625168448
1439369912,102.00494504927666
1879894060,101.98739026144125
1880476943,101.94315416663227
1878582551,101.94195081080298
1879167103,101.86117092872341
2501174514,101.8462224107894
2091250091,101.8366592527268
1879192453,101.82024826006587
2094619862,101.64674559728103
1880443285,101.63804085859596
1879843151,101.57694362539958
1931028585,101.57108504384226
2095355697,101.56757097057393
1879811904,101.45211212650959
1880532087,101.43676375275433
1880535191,101.42208910170984
2502168854,101.40292882411813
1880497102,101.38815843424662
1930245992,101.34166675129973
1879161730,101.32909362159506
1930954471,101.27531266238799
2092991893,101.2691814506271
1427851377,101.12379805490227
1934324777,101.07817371751668
1930969505,101.01182704320897
1880433130,100.96041136588188
1434618582,100.9457614700129
1432616984,100.92002835936107
1932461857,100.84888797393339
1433072795,100.83472085137997
2091996213,100.75214648639911
2503605640,100.71833314633535
1930148975,100.6064946915317
2092999530,100.6020100769768
1879147780,100.60167996479716
1879149213,100.5753302128341
2501680722,100.5751990337485
1433521667,100.57462784979843
1433230401,100.49411373115785
2499290194,100.47216276453254
1930149441,100.4313485078071
1427900227,100.41966165983155
2501965622,100.39964654001564
1434419591,100.3325358129111
1879207801,100.33061974518722
1434282653,100.24656295719035
1433378471,100.2252250411085
1930948903,100.22155011322623
1434339064,100.20291721586112
1439619540,100.17767016286703
1434426421,100.17691105963985
1934322781,100.17658920385628
2500174005,100.14224127233845
1879768104,100.1104785494889
2499670265,100.1051615676105
2501440053,100.03536704880237
1879133002,100.01056687643712
1434502651,100.00675266277551
1879191871,99.93916802655617
2094568234,99.93313822659245
1880483405,99.91905591160881
1933498845,99.88177983113862
1434197324,99.87062159494666
2093000957,99.86683779357561
1879199610,99.82835674377283
2091191752,99.78721489590005
2499664711,99.75353016792647
2094559220,99.75166498743285
1879159552,99.68240804702934
1880543295,99.6415507424611
2502452763,99.62752636226827
2500203413,99.5507436282256
1930155393,99.53891004037415
1432954130,99.40615106293944
2094582137,99.38864245406977
2500645250,99.37430353361744
2499677377,99.34208158840262
2502471393,99.30447276928668
1879791110,99.28831502359562
1929309203,99.22671368648263
1931614801,99.19788448693616
1880474951,99.19566287329661
1879847300,99.170998909757
2503589982,99.13456221271392
2501943412,99.10850668024662
1433310914,99.03092010426778
2093877881,98.97296382805371
2092763133,98.94930511790528
1880427695,98.9435248934195
2095453367,98.92800523810357
1439482777,98.85063859019665
1433353080,98.82246406730667
2094610225,98.78318214745472
1931646343,98.71738484666935
1432725760,98.68533113843284
2093978867,98.65176361963937
1434117060,98.65128503443545
1879804230,98.64424323628288
1930140375,98.62808446344684
1880427535,98.40572948800303
2094671381,98.31946999633678
1880527400,98.31241735213361
2499534042,98.29717297607536
1879903515,98.25379504689899
1933532702,98.23923870288623
1879843600,98.1000180080143
2095474875,98.05872451900993
1880459891,98.03644634051987
1879774441,97.97686071460025
1434282604,97.96928737856199
1879167280,97.96205097205075
1933521987,97.93292947729798
2092849515,97.89653098880626
1879769734,97.77697036626695
1880426505,97.7736122543793
1432836790,97.70973743820188
1932517893,97.68158433143853
1930966837,97.65309824817096
1434096183,97.60296370299245
2091265383,97.58947734764777
1879155741,97.49184625462449
1879204733,97.47545680896457
1934313973,97.4148025802852
2499760460,97.34554089230994
2092052657,97.32298607741272
1934307724,97.32013394649263
2502160832,97.23791385187636
1880534613,97.16259333212625
2499895204,97.15561647786396
1439332807,96.96878688510793
1433059564,96.94225636653032
1427603313,96.88166722844174
2503931324,96.84759824014718
2092970917,96.84194431425571
1432804503,96.81201575624922
2503066912,96.77979654788606
1878579107,96.7734144312305
2092818393,96.72639483315906
1433144307,96.67599111950135
1879845963,96.59366801093873
1930148371,96.58273613685424
1427841315,96.56315117683799
2499595081,96.54282519020634
1432735085,96.48322942285346
1880504060,96.45125494763501
2501524180,96.44354638365907
1931671902,96.40619765111708
1427871170,96.37494942289598
2093937191,96.37162319154359
1433068453,96.31918597004123
1930238760,96.27194831923364
1929317197,96.26326278029785
1434345395,96.22248889661068
2499815750,96.19347058471755
2501965344,96.16263328036784
2096273181,96.07323210340414
1439430370,96.0650757907383
2502393684,96.05105575546295
1433300397,96.0344358239841
2501439690,96.0243885012463
1434143190,96.02064230309718
1434199081,95.88350234808327
2501665382,95.84650941834859
1880535341,95.7437057003496
1434452683,95.74065888034936
1933491181,95.65010904941757
1880461842,95.6483278858951
1879157282,95.63979089974167
2501894420,95.50960714692167
2502530682,95.5091549988735
1880443441,95.49811214941558
2095406713,95.43086659659518
2501385830,95.40090810482008
1879883942,95.34033300956051
2092939483,95.29677088154843
1879836104,95.25400132748032
2500151964,95.23103182950915
1879176392,95.12917168121918
2501037812,94.9602714776203
2092041122,94.92527517307938
2092064013,94.88677165273725
1931660912,94.81990100422637
1427893767,94.75978644582764
1930949627,94.7169446835946
1434720681,94.66325861004074
1879133105,94.65593562403308
1433962915,94.64910648232689
2503478215,94.60681392224666
1434424964,94.60099127366647
1879802107,94.57711012175727
1879166127,94.55458586227324
1879233882,94.53837784828052
1930180122,94.45371810161454
1433781027,94.45227741330157
1932470601,94.4095591605208
2092789061,94.4061760868053
1930175220,94.285649825514
1930944465,94.25158902151347
1932513320,94.2041077476311
1933525414,94.10011783430652
2093867465,94.03841429982211
2501004621,94.00465520985404
1931674083,93.91115965998684
1434517001,93.89090730511334
1427733671,93.85983360428003
2501607020,93.82574564111239
1932452561,93.78971607116587
2500383762,93.68505264437258
1434178744,93.65596039723356
1879878254,93.64413190689169
1930970873,93.63676416261738
2503383480,93.62757573259083
2091289171,93.51137358044792
2500243043,93.48946783419974
1879886614,93.4772109315088
2500953563,93.43995534544979
1931028313,93.43191941968787
1933548690,93.40058972925411
2091954860,93.3862060746925
1427699837,93.3155174452234
1933591323,93.26008269724225
1931022651,93.16776380930926
1879241787,93.15016660975037
2501244310,93.11071523311922
2091230723,93.06155863468213
2501272335,93.05354848771613
1432645403,93.04318359742574
2092050097,93.02022001000181
2503018191,92.97497321496043
2501282453,92.9314840609379
2503772045,92.906467371948
1433277800,92.7990736042419
1880520570,92.70614902479204
2503652512,92.61921675036437
1433999665,92.55632087546945
2502106120,92.48643099740806
1434388940,92.4306206189747
2096257231,92.4222239148022
2096248911,92.35203671284341
1932446255,92.34185002543786
1427608695,92.33396066925353
1434339604,92.26724411011067
2503892540,92.2505164190272
2501846295,92.21055314963779
2500277503,92.19440922502095
2501789540,92.15552967066031
2503329080,92.1074403713692
2092073525,91.95548676281182
2094594650,91.93481484405704
2094584252,91.85848659172564
2502265414,91.81397729584718
2092944627,91.79454588939414
1433583043,91.59337911850263
2502022884,91.57706414980086
1879865350,91.57687875158341
1879847921,91.49212733832464
1931622151,91.48115786795124
2502316690,91.47517239650719
2501745235,91.4120152987839
1434420062,91.37939813667528
1433390473,91.33582705669444
1433228560,91.32224036191414
2503738814,91.32004842434269
2499573814,91.31513604752305
1931026637,91.31181991242052
1879837111,91.28696935730007
1879235277,91.2388211474717
1434541951,91.10397362081746
1933547367,91.09453207428407
2094623895,91.08547434474113
1427751511,91.05480642473152
2502349134,91.03236603618888
1930201665,91.02863109839451
2502496910,90.94782447729963
2502365924,90.85089538935445
1427854112,90.81130737361023
1930936075,90.81051515960755
2500185220,90.78660305717327
1878591313,90.77942977777404
2096216827,90.77139822104684
1879146145,90.72019024546589
2499732414,90.68491369636467
1439358541,90.61501392353001
1439422443,90.60413945581715
1434566994,90.57408814147875
1433718850,90.5597860086621
2502498080,90.52426016822305
2096212252,90.4876597940049
1434088937,90.46065696325002
2092029500,90.43078420800843
2502462454,90.42913409049574
1879231743,90.3896095554106
1427602503,90.35740585811513
2094676837,90.32685852006541
2092926110,90.30125552754139
2094694375,90.22853118287325
2092943774,90.0767338018549
2503873401,89.9978790520079
1880522272,89.97070375563587
1434650910,89.9286904583297
1879160491,89.92682550809316
2503620760,89.923125431892
1879225765,89.89936437449103
1930984960,89.87735613238122
2096191451,89.76777226310257
1930145635,89.75563938810693
1880540874,89.75034385241237
2096226313,89.73752300901319
2501972392,89.6835408883037
1930241967,89.66036060768015
1932517774,89.63309790242006
1434258574,89.57093922179361
1879810662,89.569618494779
2502366982,89.54960466218981
1931017420,89.54282819189326
2092771202,89.37577122173741
1434452853,89.25983232264637
1931654175,89.24918648155094
1930229561,89.18570125232374
2502577127,89.17338707494883
2499843982,89.15406378034955
1433265597,89.13391266787664
1931010185,89.07520890539942
1932449774,89.05018302656683
1427656354,88.97120432892746
1880479080,88.95244580955848
1879188362,88.94333485839888
1934311760,88.90162221847609
1932591893,88.88875660251493
2502167824,88.83504060007199
2091989041,88.74232926091464
2500881744,88.70284989734992
2092020053,88.67372233531735
1879811431,88.64756593418484
2093079835,88.64168127835079
2503535262,88.62655417913443
1931639727,88.48239168846904
1433130224,88.43447364117414
1878597327,88.38164903519171
1434758281,88.32251739520937
1434527361,88.29220797514118
1434544483,88.288538484821
1434125854,88.20273231345604
1434198271,88.18913254809897
2499547555,88.17492169785086
1930198071,88.17397704583212
1880505813,88.16099399873039
1933519427,88.00953341721895
2503131957,87.990562705087
1930149945,87.96256391458675
2501899404,87.93015645331265
2093945821,87.92185596587245
1879131770,87.89445840537513
2093931387,87.813972010883
2095367872,87.80299298862614
1879187742,87.7414888167903
2501605592,87.6661351576418
2500265754,87.61337657776913
2093029673,87.5812372016912
2092775241,87.53442492792605
1933567755,87.42558103223877
2095488793,87.31002603169435
1932456487,87.30985851729834
2502401514,87.30651164553022
1879146780,87.20121246217414
1427590831,87.1085543732124
1880456120,87.04211332253135
1434461050,87.02780596707755
1934315867,86.79462421813079
1434767884,86.78153241444792
2503868812,86.77746641284025
1434289237,86.76978882888224
1432662141,86.6405957683216
2502895124,86.62044645853246
2499412165,86.56222479250502
1931681844,86.43683657587442
1878601113,86.43056106908273
2500552377,86.34405588263274
2095391671,86.33319801649822
1879145085,86.2725586203368
1434694457,86.27190561543715
1433852991,86.23523945878384
2500266107,86.21037935936869
1932455594,86.18327040042543
1879793421,86.14492445265077
1879911024,86.1074039108826
1433496890,86.04196784968593
1930958424,86.03123309518418
1879165430,86.02697808247895
2092846992,85.97571977584771
2092018555,85.94864274127296
2502294542,85.94115077122642
2091184465,85.8739488749835
1930242275,85.86442258284328
1880538780,85.80197674585705
1879235340,85.8003067647082
2091955322,85.72755392634926
1880502085,85.66305188378273
2091235064,85.59797191878823
1879159590,85.5848329978424
1879248705,85.52496524678608
1880518065,85.44860855588522
1879167552,85.37789375266065
2501159280,85.33132029271265
1879178187,85.3037917186555
1930148957,85.30188137495098
1930200011,85.27208931501517
1879134031,85.22084189548356
1931695150,85.15915687604797
1933513035,85.05727924698807
1879129987,85.02436220086987
2499491592,84.99118534563652
1879893423,84.99014478332981
1880451972,84.98850405540792
2093900827,84.96749585521195
1434645745,84.91579746461875
1931592151,84.81521414551756
1427612513,84.81508750051117
1879224927,84.74769931307276
2093891965,84.74056006736676
2503180127,84.7359436825563
2502421872,84.72914107857804
1879203637,84.58680175325233
1931670540,84.3317685886928
2092822234,84.28964090849509
1434463354,84.27825188058195
1879769781,84.20899494075987
2091181103,84.20736072772739
1930228834,84.20322694726401
2092960804,84.15768286578475
1880521572,84.14589374662177
1880511060,84.09304856261026
1932589155,84.06909676415003
1433144245,84.02885712550228
1433386395,83.98175593322817
2091216905,83.94645366701187
2096272905,83.92753698962947
1931593950,83.91746744683485
2503381431,83.82140401392563
2094633823,83.81468735572066
2503498813,83.76169866003886
1880532025,83.76028509620403
2092804167,83.74768872491194
1879176385,83.74683659829778
2092043787,83.71906488917723
1433730470,83.68513136024173
2093083860,83.66416631696882
1427591573,83.66039057916544
1434477690,83.65124675693274
1434734410,83.64612260554162
1879841305,83.60812250149128
1879905101,83.57225203503832
2499563234,83.5062157742994
1930981985,83.48487402962462
1931694330,83.42562903974499
1880512672,83.40210281021983
1879168807,83.38134392137646
2501430114,83.37283227593197
1433582030,83.30570752405073
1880438183,83.25525715367114
1879908332,83.1650606890485
2501296983,83.0703396769321
2094562911,83.03245418633404
2093947391,83.02434892040334
2503084312,82.9853373444382
2092920133,82.97019352652842
1434386065,82.89958126608394
1433466462,82.88508370741475
1933597263,82.843010893066
1439407052,82.84218080192186
2501295122,82.75514775611089
1433027131,82.68133176089586
1930988275,82.6522556521117
1880494383,82.64478057057543
2503717070,82.62787694291568
1434559965,82.61194995048605
1879139463,82.5952728903634
1934322437,82.53464519755674
2501703010,82.5268720513991
1434533667,82.5167293590204
1931669875,82.50291313508671
1434555724,82.47174464639915
1879154217,82.45605913620781
1879155302,82.43175186976032
1880529565,82.39008744911783
2096203591,82.32261418949533
2501353045,82.31427074980957
1433875892,82.29435256122926
1930958281,82.26338206863286
1931617721,82.26318976399345
2501690592,82.22885614909389
1879211305,82.22544322930369
2501859655,82.21699855593143
2501003480,82.14356508284541
2501234240,82.05923264655434
2503846183,81.95955235095475
1933511611,81.9045745291746
1427864321,81.87816967086418
1434269131,81.84425143728866
1934313423,81.72668780793174
2094697551,81.6842035148996
1880455814,81.6689447199117
1879882734,81.55886280679036
1930193667,81.47283879730145
1879872130,81.39803458369208
1879838604,81.31741559773191
1880456420,81.2584440011041
1433242512,81.23815251745204
1427714217,81.22430745350538
1427757742,81.18579819938311
1931648751,81.18235135487315
2091209730,81.15088042299419
1930189123,81.13258311716015
2096274065,81.09832609573134
1931662031,80.97001264268451
2093876592,80.94488107726934
2093937187,80.82741338424465
2502240043,80.81571263521546
1427835531,80.81205993238751
1933593281,80.81106652871051
1931688311,80.79416431137305
1879221370,80.70318557533997
1933517301,80.67931836587803
2502160831,80.6556954458766
2499651060,80.63351779891816
2093970330,80.58018953062032
2092998852,80.57489978002816
1434604293,80.56113227098082
1434704997,80.54034259503209
1879184551,80.371559098604
1879820723,80.31034750223914
2094626040,80.27732719006833
1929308107,80.10321866476862
1879813224,79.9740601387537
1432761741,79.95592209126049
2091248795,79.91541622242907
2092858925,79.91458323914387
1931688225,79.87721467706855
1932477583,79.81290306548328
1879800564,79.77562480134357
2503761563,79.71569096891125
1879822001,79.7119950802627
2502892431,79.6957488575319
1433673030,79.68016616132306
1433399202,79.5613761818273
1880514180,79.47448434910253
1932566162,79.36116062617131
2093917370,79.3224092056654
1878595062,79.27648883668122
2092823411,79.27114822064226
1880429174,79.22089903595266
1433571440,79.20675781008873
1879168340,79.19337987934648
1434539925,79.19215340308588
1934312607,79.10116814918678
1933564873,79.0987167497525
1434186564,79.06255013334875
2501597622,78.93791884400342
2501011200,78.86390483089144
2499590492,78.85028077357886
1434682553,78.78843767583214
2092857115,78.73979999167345
1432724711,78.7254464638298
1879858787,78.62275821183289
1433210537,78.60595408836726
2092876611,78.59592286725099
1932642990,78.59224874935794
1929317141,78.58326510960507
1434040484,78.50423622657586
1439615295,78.402247583674
2092803667,78.37528727470709
1880472232,78.36711277547536
1879194917,78.34714153069523
1932432055,78.31731869182931
1880425094,78.1921313192725
1932512560,78.15026745513667
1930227733,78.1470591580014
1879875315,78.08160999911944
1879870634,77.80245282796818
2092903047,77.72909259314754
1930966635,77.71447255037661
1932459477,77.5604174513938
1878587204,77.55095141988191
2501248034,77.5092724727126
1434669562,77.49855699159194
2096247613,77.48081378569914
2091269851,77.3744963260098
1433075185,77.36801549056399
1434032063,77.36526214505093
2501962860,77.31340977830594
1433758735,77.23539574004745
1932427615,77.2113042756316
2502068934,77.19598637776772
1934309274,77.1377327205266
1930226091,77.13279085532636
2502139984,77.11131108251395
1931691605,77.02363689307388
1879167022,77.0092906058307
1932482801,77.005059676512
1433368557,76.92357728331889
2093061554,76.83042648913985
2502668945,76.72046944713989
1880517107,76.71379853155676
1879150955,76.62077831689093
2092867693,76.59543674121527
2092756995,76.42986237430745
2094679580,76.4041298561903
2500200731,76.38355518358001
1880503622,76.3138779103244
2092897401,76.20829996384609
1878594980,76.18394567276182
2499433780,76.17268739069452
1930237825,76.15109811328485
1930186090,76.08385612979826
1931622735,76.05060879963494
1879890827,76.03924871922689
1930951603,76.03595133450067
2500706622,76.03243215790633
2092756274,75.98285597611111
1930983443,75.87282747772656
1930251763,75.87219336448481
1931008920,75.7307309091302
2093048151,75.67914446912333
2092896924,75.66028579819384
1433578515,75.64136380583392
2092842581,75.61829974153316
1879227964,75.47385847878778
1930947445,75.45640066361572
2503079482,75.41038168350742
1433138330,75.37682156440162
1433857384,75.36678077318847
2502015954,75.36587854134515
2502913592,75.35125427015579
1931638380,75.33788232433594
1433560783,75.2970713691384
1934322373,75.27381316904025
2092933560,75.10517545752255
1933565622,75.07445361899337
1434362572,75.06301850301368
1433163723,74.86770577546787
1880505975,74.86701347273109
1879172017,74.5974634185164
1427592300,74.53911814872711
2500217594,74.52802682419272
1879203352,74.42344770742226
1879864903,74.33571256697053
1879217593,74.30273039242908
1433039047,74.28141918903208
2499232403,74.20114291042131
2500953042,74.16702894736085
1439374924,73.9774320155685
2501052660,73.9563865018714
1434605320,73.82346909038908
1879130405,73.4931578863694
2500168913,73.38888894283986
2092794371,73.38616472472776
1439563882,73.36502929884755
1932581550,73.33432884037171
1878584853,73.2691100172346
2093906730,73.23682853884509
2095431923,73.11281281901816
1432622324,73.09858127991751
1879183200,72.98280328391469
2091288993,72.92491589916068
1879153543,72.91474498314261
1434717900,72.78750865825955
2092083621,72.68919046702601
1879789970,72.66695883440029
2500406050,72.6499903511026
1434731981,72.62873249628696
1931639737,72.62692120679624
1879224677,72.50572065918182
2093915881,72.47501316177691
2500155602,72.39365565535462
2500600360,72.38932663414107
1879216587,72.36598499134071
2500895977,72.17283126882757
2499480752,72.0863920869534
2092866067,72.07911923960205
2091986131,72.02582375057536
2094577274,71.95612216922625
2095419411,71.92308874032598
1932576255,71.83462941550046
1432895575,71.83274543547262
1427654367,71.83068610446416
1932622561,71.80707329338397
2095432621,71.67293250005127
2092803773,71.53331793244158
1433043994,71.44069176347244
1932527695,71.43854803299068
1932459814,71.38105533111393
2094640780,71.33871078910785
1433657347,71.25033214044342
1878585281,71.22241719965037
2502479774,71.20686284193428
1433579144,71.16993745648399
2503564502,70.9271414911043
1433032465,70.89370814212775
1434642433,70.86424554782378
2502053444,70.86385165060612
1433751803,70.58936023954527
2502828810,70.58879524610354
2500904052,70.48295423121215
1880507833,70.39079419690611
1880442072,70.3026878992206
1434410281,70.25488258627554
2092872953,70.16989616050404
1880506252,70.06929075838974
2502232464,69.9693289362792
2502822723,69.96633198792145
2499257310,69.91406963882186
1879204533,69.86672563166634
2501496503,69.86066978794203
2092010880,69.85978778244834
2094630197,69.7804152944706
2503588042,69.75276246207284
1879912771,69.69640696498509
2502314732,69.67763731891841
2500991562,69.62021082568371
1434243861,69.48798659440044
1879902534,69.48376705422494
1879177731,69.43749239085912
1880491662,69.41014359189916
2093922244,69.3970658215247
1434551585,69.37686405194039
2095464127,69.3608765133643
2093027000,69.34846961419504
2091954005,69.31413350906037
1879813484,69.30805116385652
2091999621,69.14870701210693
2500211607,69.01269798045269
2499281561,68.92804434635875
2503005447,68.9012689888145
2503759152,68.88805564878874
1879818790,68.85846585228111
2093867111,68.81755816251082
2499215295,68.75529498524247
2096252302,68.6986128705008
2499278570,68.60816720462928
2501135384,68.51661699294972
2091968342,68.4436573988816
2095363637,68.37616099025493
2091198004,68.3513212267823
1932521945,68.34744297178212
2503245234,68.32020511874221
1879783072,68.17610246880938
2093018750,68.15551359445698
1930229253,68.14296797899439
2499459190,68.08750420776562
2095362597,68.00100171770143
1879220504,67.95770664045175
2095477823,67.94095740485682
2095425003,67.89855075233564
1879876312,67.8902187912594
2503549720,67.88560435574617
1932448843,67.8224398227183
2503035440,67.8105096121071
1434190651,67.74040555840166
1930970327,67.72553282297154
2096191577,67.72335962459094
1879220321,67.6966762675979
1433539910,67.68818504434557
1434711242,67.63887352610718
1878603547,67.61589949129788
2502447274,67.59297102818323
2095413343,67.52802604817387
2092811361,67.49904879839359
1433653314,67.4727353918733
1879861984,67.42569474074733
1879852660,67.36091667394842
1880475155,67.2818155850445
1433558991,67.21981833137134
1878592927,67.15189264167634
2503567480,67.08813718757793
1427626355,67.04356741868969
1880488502,66.97564972000613
1879768393,66.97552689863309
2092076261,66.89374845609716
1930187851,66.85707000495393
1433504873,66.8175625097533
1880494774,66.79828176725844
2503630092,66.77870754367498
2502950784,66.77562739818957
2092013871,66.71462421214906
2091969695,66.68253640759755
2503191945,66.46515012301593
1879903004,66.45111504772385
2503303150,66.43015606686215
1880537700,66.32334301698788
1434483330,66.16433040842641
1930214073,66.15395967680627
2499497915,66.02936532800837
1879213093,66.02610680335493
1879823803,65.64573575861938
1439370650,65.6241515302635
2092863863,65.55663580246525
1930148211,65.42996382399267
1932494700,65.35244302280736
1880506000,65.27491913413819
1433483257,65.17813467517331
1879146667,65.12743304236598
1880501890,65.10569598578084
1433430875,65.06544892215831
1433368312,64.92253202508977
1434093435,64.8859450214955
2093876511,64.792472567694
1933511965,64.56681547734627
1439497600,64.49740431159177
1879240773,64.40562647901139
1439498664,64.3857962231076
2500424603,64.37534193178882
2499226087,64.35658360513372
1879774574,64.28746631485872
2096199951,64.20896325043684
2502895320,64.19306640917206
2501585892,64.12097314196814
2094696493,64.07150603386712
1880544807,64.02520639212132
2093978254,63.827523711268086
2501069352,63.714937448547936
2095430435,63.70614435039676
1879155530,63.62625474067468
2502636873,63.591880859124636
1439545115,63.57476383580343
1434557285,63.54081866345886
1433304605,63.50451513688472
2503380480,63.42698775853785
2096269170,63.37085987536566
2095425921,63.33196733247484
1933525430,63.294394562257864
2093086902,63.191101521980194
2091997843,63.0302959437823
1432981687,63.014472628059806
1434476591,63.01346890148564
1434177157,62.82716787188552
1932625944,62.76306681401125
2501308223,62.76089689274275
1933582313,62.74389856024267
1878602162,62.701645933574476
2093078171,62.58136390412118
2092049037,62.5692071738586
1930958893,62.56076590232108
1933516095,62.455639532494786
1930139031,62.38458897777725
1439596052,62.332479261773685
2502648425,62.290115229512374
2502443574,62.288161803222714
1879194397,62.238452009660776
1930243203,62.005656812939556
1879128653,61.94849105571069
2499565614,61.92225478094697
2093858462,61.866766479253094
2093905824,61.86266992617617
1931633462,61.843176443659345
2091984675,61.716197203169344
1439584702,61.713653052529864
2093962151,61.69246402091356
1433739244,61.68717102636056
1879829462,61.63406477600985
1879807004,61.4465463115511
2499388704,61.38840916210489
2502464201,61.08032889060279
2500298964,61.05244108348757
1932617447,61.02712257093338
2499655780,61.0050204456789
2499688291,60.93442994408576
2092775401,60.88648980602116
2503711534,60.85935450707987
2502859053,60.835499713049934
2095405365,60.83208646366392
1879795537,60.75418755641739
2499399392,60.72678497360025
1930971255,60.47861765286496
2095461514,60.41769965542765
2096243505,60.30041597173682
1880538765,60.278779477558494
1879841492,60.04652479971336
2092821731,60.046136667501585
2502503880,59.80332951929547
2095366027,59.78960431253301
1930994552,59.75357814402296
1879129565,59.71152972967369
1434564737,59.54241659261035
2095434091,59.49791362158854
1930209777,59.35368052779893
1933536361,59.35287745205526
2503292310,59.335474369856534
2499646710,59.09145521077601
1931636617,59.00385064295752
2093049490,58.92988875166294
2501716040,58.900155898700994
1433162625,58.80537923563045
1432947450,58.77962782599305
1931609357,58.59770257357437
2502930653,58.55855732687245
1434104447,58.45123532338103
1879183244,58.44094307185888
1931619820,58.308148364154164
2499596977,58.229983435015264
2096252117,58.10227375524133
1433246401,57.993596528052876
1933553492,57.950574316844694
1930222963,57.88109454677507
1933496913,57.82913996663903
1933521051,57.66184707346278
2092886751,57.64102773161028
1879826700,57.56670654289747
1880446442,57.544024312948736
1434231522,57.49618220289202
1879809534,57.39769418282383
2091198994,57.29240120094902
1880496205,57.240506537765135
2502282002,57.23753299945027
1878583115,57.179395133608224
2093014723,57.14882705951963
1434424903,57.039889246848546
1433393804,57.00112250192031
1879199295,56.92991270057317
2501626682,56.92072795544315
2092776450,56.90525652116463
1433447874,56.77845170150854
2094653980,56.76790202070366
2501508910,56.754202970790864
1930976177,56.66843151617825
2092958825,56.635113250534765
2499818804,56.599148685742016
2499477321,56.58856590254288
2092863767,56.56495806032763
2499557423,56.41145368462393
1879801550,56.2296068462145
2096207725,56.14971066698186
2503895143,56.140700316901885
2092837295,55.903547335391046
1879154673,55.90009208115729
1933570794,55.83848896178844
1432612955,55.73924421549078
1433014400,55.65993704760828
1434544810,55.648864401996434
1931026347,55.638750597979865
2499360415,55.61861501579812
2092794503,55.60662747297628
1434660721,55.540915547979715
1933500367,55.388356004526734
2095400011,55.373841293569974
1879198502,55.37353126744898
1879135614,55.25580024049954
2092756964,55.1592415081263
2502174845,54.99768268195988
2095458867,54.7859808117658
1879840867,54.71744047674954
1878583133,54.684851837525684
1433134215,54.595104415015776
2091201847,54.57833722532145
1433502264,54.53298337816102
1434675543,54.49058826255106
1434235581,54.42917985420786
2501907501,54.3234796664874
1879887034,54.31777686804438
2093863414,54.31710092022105
1433650865,54.29448723638431
2093884365,54.27639769777505
1880511160,54.2170934178235
1880457402,54.03318171892052
2502478215,53.971501789877465
1930973967,53.82427828084089
2094555297,53.815050957319635
2501726952,53.679856558425385
2093971667,53.62212581442661
2094670014,53.61988049465939
2499339590,53.342716181976236
1879155643,53.32474976990532
2499394864,53.305350842697436
2499742414,53.22873603300881
1439414042,53.157003819942844
2095376597,53.11886983932336
1434002732,53.07096414421509
1878604481,53.06891162799045
1439427684,52.996173027594786
2499805230,52.958210828010145
2501743761,52.946243941587944
2092058795,52.93515100388123
2502026802,52.9331857904566
2095475884,52.92202982796225
1879838192,52.88920389307909
1880424747,52.81034076652145
1433710540,52.768128294706315
2092847577,52.75936048038798
2091972360,52.71040136527482
2094634580,52.67154009452356
1433472793,52.642144288314334
2503473304,52.54423468816881
1933526915,52.535302427720794
1930224192,52.519191510965605
1879220197,52.49828556589001
1879147112,52.48233662086481
1879238341,52.33460428654166
1933579024,52.3218144510008
1879151930,52.30338259074679
2502263730,52.25671382644522
2502181702,52.155926316941496
2093959933,52.139817116076465
2500192650,52.136802487175586
1933516683,52.06571217418726
1931696723,51.78338800359425
2503751580,51.76410357157314
2092017483,51.72646263420096
2091198831,51.72449664391829
2502647937,51.6874219512439
1434145857,51.64619463719755
1880496345,51.57093480702143
2092787267,51.56814366992573
1879130384,51.389453934921235
1427837635,51.381781882900405
2094604053,51.378707362001784
1931635527,51.15260534278003
1930154655,51.002078710965655
1879139245,50.99827002870827
2093869002,50.66269012862834
1930252473,50.66181705109854
2092995855,50.55566843800285
1930172151,50.498961409620584
1880426713,50.454078780095614
1434465751,50.388313791461975
2093883525,50.31603075995318
1932489642,50.304319805441175
1434307681,50.19880701421459
1433960787,50.198084991175094
1931687261,50.15236809765699
1433119823,50.14205722263283
1934300967,50.112107066070145
2499759602,50.05130515837276
2503702802,50.03407505516805
2092834487,49.85797298236356
1930217551,49.78855534116339
1427848567,49.749055819692224
1433207191,49.73635077542858
1934301905,49.735743903412796
2502168522,49.69003437228425
2092844735,49.61829764684315
2499288012,49.606792880303274
2501520672,49.510318235803695
1427662425,49.41934771030246
1433638020,49.40475963333449
2500514233,49.29099556304959
2502085930,49.28998880549626
1880485342,49.248001157764335
2502304210,49.24669896864817
2501738297,49.240105705981186
1434552554,49.09023930899926
2095437153,49.05603128400605
2503911060,49.018049571639025
1880500124,48.88063191156833
2500167733,48.86499299009738
1879208142,48.76343889756697
2501417297,48.733671186205406
1432702001,48.700803928221156
2502231512,48.669525214517975
1433346527,48.64168982394084
1879878740,48.5711233523967
2499300257,48.5236407188658
2499664302,48.51380821227118
1434515530,48.35048888186417
1433397405,48.33299291258435
1434503647,48.160570769247556
2501819030,47.97492736781464
1932590597,47.960316662200604
1433726903,47.94178137086348
2093919124,47.939611225197446
1931611361,47.75615929369731
1879770454,47.68842354960655
1433128943,47.65807545184107
2093971127,47.59990272850368
1879230497,47.59224209431014
1931608247,47.56510504777407
2091953365,47.54585351196681
1880452731,47.372395358798585
1879835622,47.18061861822913
1930138130,47.12630439009274
1879202681,47.11486888896593
2094597582,47.06461420364394
1930180117,47.01221096563245
2500183222,47.003630608135644
1879214581,46.98136296085994
2092011162,46.81419475744617
2095448855,46.79250306309311
2094646635,46.624850489644054
2093889262,46.48695850686389
1880530810,46.44644358229498
1930162164,46.43203429482639
1932499721,46.4204065649727
2094575812,46.401507574185075
1434226220,46.3339528886041
2499329290,46.05235122525364
2094584300,45.90466934685037
2500161243,45.89870932407837
1931016063,45.86746904259731
1879146695,45.83240205161681
2092053352,45.78844760899058
1427834320,45.697898976022174
1879862424,45.67629837923876
2095348250,45.6545089632012
1432805790,45.524974403197184
1880531821,45.454119262817535
1933565760,45.385873752674975
1879128591,45.22698009374941
1433428820,45.192619340947005
2092058925,45.15341056499662
2501578225,45.09451942167085
2091288237,45.02664856001137
2092092917,45.02448958339556
1439599741,44.90818835078045
1930226754,44.860645814914456
1879197002,44.709476006228165
2092957237,44.67109802463159
1427688265,44.670803330505606
1432633995,44.56350179372667
1930190805,44.54522515005006
2096218723,44.470243673028335
2502891367,44.46414751484049
2092873110,44.41579688325791
1931653431,44.27287367207415
1427876533,44.22965207489647
1932578094,44.21647234419901
1879882810,44.1185521641659
1931683174,43.918524124116665
1879840172,43.75806591849287
2501751000,43.72200597449906
2093987732,43.665716425554265
1932507002,43.66028172299462
1931691981,43.51970714689752
2503851520,43.50053660355429
1879883812,43.32773627968545
1932610080,43.300849981306506
2502778782,43.15480779717734
2502974982,43.15071868398162
1931028312,43.1316220335112
1879145580,43.129636166783754
2501763224,43.094205852008216
1930175471,43.060386581145345
2092793435,43.0558674537364
2500119065,42.96074338807308
1933580604,42.931180833826254
2502692472,42.84964807884066
2092091527,42.803977686860826
1932641025,42.651706647787954
1931673274,42.62615124396608
1432866452,42.58560746127296
1434566265,42.55720064244336
2092022200,42.52933281656982
1879162604,42.52351062588644
2501331684,42.522860005605146
2500156195,42.410938294464216
1932554282,42.406435063626716
2503094822,42.31994036359495
2502985532,42.22758959728917
2501217920,42.203324106433534
1879902965,42.17126215484249
2092903852,42.086583888318025
1433551501,42.05656433656083
2502235304,42.05317827627184
1932590544,42.00079190144392
1932517464,41.742294511748625
2092084755,41.6517211088182
1879770050,41.39957974763931
2499486765,41.362999008674805
1434573703,41.286920258347266
2094549637,41.098651268113706
1930951374,40.99999910275471
2502546630,40.941657721704466
1433228373,40.87861080994161
1434675640,40.621162338858966
2503490933,40.57753694112156
1432785783,40.517192378998416
1879853932,40.34813117540585
1880495633,40.22792357062135
2500295797,40.0750412487951
1879150325,40.01280289579277
1931022017,39.94765939156316
2094594120,39.882054362841785
2091989561,39.83606021370854
2092882304,39.823088056288135
1931002220,39.78360336078283
2501717110,39.7578872496659
2093911634,39.742560450192606
2503561852,39.71127729203535
2501844605,39.5962310251086
2502756675,39.398928359559356
1880511327,39.30699565457032
1934304085,39.271373567793304
2095433595,39.24304723388085
1434599762,39.22106649581504
1434428723,39.080003974134385
2501356707,39.034150821163045
2503120331,38.950674889549205
1434301931,38.795610269534286
1427875813,38.74832943525509
2500916822,38.605457334549385
1433088241,38.51041109862852
1433801405,38.486358591733804
2092883925,38.17406951197925
2091285697,38.077990107127185
1880500342,38.030091870547466
1930203374,37.934193620354044
2500206542,37.877829177643285
2095406881,37.86729533672055
2093865801,37.77617638852646
1879871012,37.70329098336847
1439464677,37.69518766817999
2502346602,37.66319743610887
2091199825,37.63314028151085
2502948892,37.62148632952588
1879804590,37.32786189365404
2502933294,37.3271572821349
2092022550,37.212776589480036
2095362260,37.07336025530779
2501913505,37.064568180509305
1934319431,36.87766727234398
2502322064,36.816349685629255
2092959707,36.81217543526237
1933514214,36.74176387492263
1879884974,36.657227904568586
1432684130,36.53904214945678
2499491461,36.52382328954755
2093002063,36.48958711067651
1931010914,36.41825685445384
2093948907,36.262088805682495
1432659015,36.22537128107403
1931666694,36.10742506236584
2093959901,36.03777072484951
2499680703,35.855682776069955
1439545701,35.827847575494644
1880476694,35.72461724762154
2502215800,35.691656971150024
1434180100,35.447918532724394
1434078367,35.41564271140423
2499578592,35.41255741783303
1439518811,35.358601341752454
1880542581,35.343089182535046
2499701434,35.33133331130882
1433060821,35.262544817300046
1879871217,35.13113833790968
2091955353,34.98310442104214
2502250022,34.937191566916944
2500561363,34.898607075941214
2503202880,34.894851072221016
2503762072,34.64915175589092
1932575485,34.5933165400834
2093966992,34.58691203405877
1879892092,34.54313974326125
1433803721,34.47756696447152
1930212491,34.318293763821565
2499524970,34.175414470643865
2501975543,34.14565078371666
1879848010,34.06143563295952
1879846724,33.7972287957557
1880530875,33.71144248395069
2500856790,33.64415632313003
1434002060,33.59666488361223
2501989382,33.06911456017858
2503401552,32.85553302831893
2096245121,32.8164511630602
2502638572,32.79073807825665
1433552760,32.69741434096721
1879145194,32.649960292996845
1879808512,32.63224929457496
1427840352,32.56843013115093
2093888471,32.49078681175303
1932466341,32.416335170761144
1433506392,32.207667663965836
2093084625,32.17187170251743
1880482604,32.14950453674196
2502985382,32.1493089613292
1433866004,32.039650030283084
1929308057,32.02648025421724
1427770475,31.928125495815255
1433325045,31.801567108136922
2500103512,31.645083911741942
2503515913,31.635529730732532
2502212212,31.412472712384798
1879137984,31.351771125858978
1432660452,31.33246572113714
2093978042,31.295874315168597
2092871577,30.784127728686343
2093941700,30.755736206728812
1434044670,30.7401418045464
1929305951,30.543567571850417
2094624710,30.381147840489017
1433496540,30.31977374707506
2091182424,30.279389115582127
1933509675,30.111160515575545
2501254685,30.077844106085156
2502852091,30.04943974659914
2092072415,30.04929951808974
1931690637,29.917101134713448
2093089093,29.828245146337036
1433472412,29.77631228582329
2502351772,29.760528683217647
2500477995,29.677286009877854
2093011980,29.59163238534737
2092825935,29.41005861362263
1933514080,29.396495164161884
2499373222,29.358186899276117
1878578874,29.284475432602406
1932474873,29.038026777570654
2503112265,29.012832440438157
1931026252,28.927750554768753
2501783424,28.827058476809313
2503183434,28.778478451525572
1427836754,28.59181745010818
2092960034,28.585386124154518
2502861624,28.459987014138484
1879790333,28.26875439551383
1934298503,28.167179399648973
1933502173,28.158445213379697
2500922010,28.064406996977965
2094641523,27.817030507958464
2501895521,27.775116240469814
1434118543,27.713139787542822
2092919455,27.702113231971335
1931635213,27.666437979097925
1878597082,27.614945961600228
2092882120,27.457931856848653
1434251832,27.325621658833306
1427880974,27.300876001900168
1930960975,27.203462498725735
2092893880,26.96869361373756
2501257510,26.955856312333204
2503074832,26.90325907736294
2499208964,26.886867457032174
2501130577,26.853751568957268
2502175770,26.797692913830993
1434559071,26.711246933496756
1433264242,26.555129705903266
1879174884,26.15488186082673
2503134564,26.121361375342936
2501955804,26.099604113704046
1932578071,26.085355985541867
2502823810,26.022742729093608
1879863990,25.648205328578104
2094574507,25.473234661815354
1433218652,25.464253544515415
2095372073,25.446328911573264
2095346027,25.400438364433832
1931646933,25.297605716231715
2500232233,25.260384052555768
2499311944,25.11340279246603
1427803060,25.025898005191394
2092813173,24.918406657629898
1932495843,24.716105846231333
2502923162,24.670495926706437
1880532903,24.329770103216923
1879768342,24.309310504096104
1879152041,24.10242529190374
2503002652,23.853164539215367
2091204291,23.50538851877823
2503819115,23.453502730345516
2500212710,23.430850977433398
2502339590,23.39200125221427
2503692245,23.27921422647172
2092892851,23.2469187019223
1931634564,23.238292257749382
1433810817,23.22791499896972
2501819795,23.15282478541053
1879836662,23.03182425713305
1932576647,22.990139853932465
1879838455,22.825112531422135
1878588667,22.773749672779072
1879773321,22.58209481704541
1930172281,22.575572935275872
1433205823,22.5469356783789
1433003152,22.35818100186568
1433193614,22.231576758899834
1933580580,22.222554208378945
2092885581,21.878497466720358
1931012337,21.817309329690225
2502401707,21.557794550252844
2499317145,21.398129702855034
1930999183,21.394896652827732
1880518521,21.237622929937793
1879901992,21.130104572645237
2499573570,20.94955172193135
2501140600,20.927963966023423
1934324887,20.868384378619346
1879831075,20.857328265084885
2092087163,20.793247274757555
2500933895,20.78593657259823
1878574214,20.745366516629005
2502124515,20.608629161816193
1879223413,20.421575510154337
2501851064,20.355730704209275
1930943263,20.29338365660202
2503708290,20.229524709020378
2499314952,20.15899432112306
1427616657,20.155208523247598
1929305261,20.041141707513198
2502076602,20.037908582868386
2503618484,19.897051988234274
2499245945,19.878933192793493
2091964525,19.610556551586505
1434268952,19.607575270997216
2503251084,19.544931513210418
2500932124,19.336881988098774
2095404687,19.108830921837676
2092954573,19.003842447366466
1933568354,18.950212271549784
1434642131,18.772086540307267
2503492265,18.668795025474534
1880471021,18.298115877245507
2093946195,18.29466404494199
1427751365,18.094269236300043
2499496530,18.083369192823945
1879158530,17.66223001004536
2500501663,17.246992430183514
1427620683,17.13594471032681
1880463174,16.772069584811618
2501137434,16.454330087940033
2095392360,16.40126300109059
2501023030,16.350647950297844
2502701741,16.27280034642263
2093047690,16.25466743459147
2093863210,16.19618914422795
2093987277,16.050883079496376
1434538050,15.989855868631222
1933524122,15.917403742608933
1930199167,15.74652475947839
1433003823,15.559424945859192
2501977282,15.490921545460262
1879168323,15.389962071341255
2500421450,15.378070054844203
2091247067,15.37335088549218
1932631533,15.298632014538777
2499585657,15.113536353410082
1930137101,15.079808021336023
2499865192,15.014328941064926
2092000735,14.987143650034561
2502231393,14.946399566542816
2092029267,14.86583742732097
1880472723,14.676408362626193
2499783320,14.473409959909349
1433637537,14.432933918071608
2500354917,14.413983782728799
2500268340,14.403595913332188
2501005770,14.349781568135976
2502561930,14.26041688630142
1439521832,14.165266636261595
2502694877,14.077740689550373
2094620071,13.914883880448192
1932618683,13.609993281723682
2500479077,13.477540460303928
2091277421,13.427043174731134
1434430871,13.319524034181171
2091221131,12.935631559721605
1879214497,12.731719625271792
2503626845,12.674184064481741
2502841033,12.662026319422466
1879908023,12.580535183751163
2095424613,12.497599726698109
2502488273,12.459473824730967
1932620137,12.272648244291645
2499768852,12.118726241727678
2094667025,11.949912473392416
1930211501,11.93984617483113
2094696577,11.643461503776091
1434314877,11.423349225283188
2499634662,11.368556643870651
2502237647,11.202971182452549
1433311821,11.134367862460437
1879155071,10.643897703836197
2500506442,10.49138343469764
2499246984,10.420891440180414
2092021465,10.329380898679986
1930137013,10.328619450658806
2092877773,10.259729050522498
2502472000,10.192462744162908
2502383664,10.052938364970503
2095489284,9.945366100846298
2502007812,9.410869205924413
1934304382,9.336979511749542
2502545140,9.189342179501423
2500824484,9.12218641333122
1879183555,9.096357529617487
2502438443,8.820005487113534
1433965811,8.770445259132986
2502640310,8.717190303387353
1879901644,8.613404875028182
1433286642,8.587177114443472
2501734602,8.534796126159817
2502086472,8.358899479921368
2094673571,8.14185862369598
2092796333,8.10723324941129
1930175854,7.949925902424294
1932633181,7.900881917374843
2499498142,7.627354779615681
2092055271,7.5506809701802124
2094669205,7.540364531199456
2499220427,7.488385115217451
1434418352,7.439867032575911
2500415904,7.277266654114274
1434701294,7.274810730498525
1879203193,7.223350642739949
1930955204,7.164261618963498
2499652350,7.118918908809299
1931633071,6.954179902952687
1934324013,6.909238034220611
2092841470,6.87471685527989
2501518671,6.810240515400776
2501376780,6.742979170633455
2501950102,6.740965895950862
2095363141,6.6257602604643
2091237704,6.598274495276498
1930148521,6.5647686033632215
1879160514,6.489132756484415
1427616842,6.247103128202405
2499449840,6.230901833973339
2502245897,6.225883735202967
2502099493,6.0691316722005775
1879887305,6.0519158866245535
2092826704,5.95052185226096
1931009541,5.939958172735184
2501045992,5.927211828900203
2501503710,5.882659341523727
2096186462,5.6756404780352145
1879844673,5.502133664744386
1879193544,5.446464056020184
1879189522,5.4130440946529115
2095368054,5.382439975823127
1932521001,5.219884360634624
1880475223,5.093465273583791
2096184423,4.965350920565467
2503134067,4.821324562046014
2093972881,4.799855106219751
2500362537,4.75409060545802
2503587200,4.747703045167065
2499360782,4.731555968988575
2501012173,4.583216763651357
2096200262,4.46714052179084
1932643682,4.418399690433036
2499448075,4.338644169389297
2091963553,4.323412053522693
2502492342,4.3121527151520365
1439393620,4.299114326794257
2094616277,4.228482422565553
1930201521,4.06775594798997
2095428873,3.9869818231353333
2500845293,3.9096712945643115
2500973963,3.8222838318312853
2501550442,3.7231131542112115
1934312535,3.7072164696459735
1934322553,3.6543223206657145
1427827570,3.475340400830876
2095434001,3.4687508850893103
1439595414,3.447616470281971
2502378464,3.4334156463553653
1879835940,3.4309043215508415
1931646317,3.424168610737853
1879208353,3.4067357670589185
1930982357,3.393344728785099
2501969262,3.338761288179717
2502511822,3.318072853827699
1930202785,3.254133480670754
1932468252,3.124783037275071
1879909450,3.0989620100400574
2499329804,3.08089338805812
2095451857,3.0575370808813886
2502352790,2.9975129573710357
2502885197,2.986039908628846
2501963084,2.9781159315243624
2503760761,2.8771121227004297
1931664441,2.805195982340481
2500922755,2.7208750156720853
2503629030,2.7017414477219392
2095391242,2.6659524930121807
1879836024,2.648428828964559
2502274783,2.6425745447837965
2503199797,2.5969808948832878
1932481550,2.586324519815657
2091998895,2.5616124904736015
2503412784,2.410071770938989
2093935072,2.392421934417123
1933531492,2.3654915615524037
2095364133,2.302551828191667
1930153433,2.2969390936180454
2499848593,2.2843857722052867
2500509887,2.2661700082425207
1930211315,2.222814560537249
2503615694,2.1314573738855445
2500643587,2.1149352483728667
2502054835,2.040676655074091
1880438927,1.924790268706564
2501957302,1.8748414797898592
2500996171,1.8656480748363844
1880451044,1.85346497357182
2499560500,1.831976138083466
1880476002,1.8316364296489052
2093919727,1.8072711645960293
2502597690,1.7418810606132789
2502128382,1.739341833732898
1434052213,1.6407539782112237
2501517224,1.6363479923768345
1933560215,1.5907009536375984
2501262454,1.550384174630484
2502317682,1.546982473278818
2499426904,1.495383360654808
2092000505,1.4929713134544131
2501336704,1.4077698796227978
2502468340,1.3760385052973927
2502611431,1.3296963151040466
2503275533,1.2481626790912062
2092088127,1.2376275228147953
2092904945,1.2332794121605355
2092769347,1.2191913257992697
2500293390,1.1515218997828418
2501573462,1.0688705317298715
1427778630,1.0623086278232268
2092951364,1.042566304231446
2091184117,1.0089208284905424
1931639002,1.0079484652214854
2501868731,0.9998911728257499
2501166762,0.9895730704407442
2502056104,0.934983887455582
2499206154,0.9089285398222872
2503066120,0.8855731565114027
2499417155,0.8653238591767757
2500438354,0.8540337012767807
2501923811,0.7667755832485446
2092972025,0.759602841878492
2093962644,0.7333804185093153
1879213375,0.6996011493945372
2503462055,0.6926793461764793
2096237447,0.686461804084419
2092879253,0.6864212021322563
1878601672,0.6737644236867045
2501833491,0.6441273499913578
2093050600,0.624558636212574
1933521161,0.6166422300073744
1930987565,0.6094501012279139
2499453160,0.587084086599338
2501604322,0.5826711961609585
1439578930,0.5809330193694159
1880518192,0.5666763522495906
1930993477,0.5547490644304733
2499303891,0.5528225163364504
1930251057,0.5492186926610368
1880507171,0.5349781050038509
1439459871,0.5300067657774893
1880457553,0.5217144377645366
2503626602,0.4766556941753108
2502970410,0.4731982650333568
1434635635,0.4725572115503479
2095375077,0.45350629356417665
2093867494,0.45026483874460327
2500895150,0.4486462222989132
1934295335,0.44806574307307895
1930220847,0.43848677404469183
2501286622,0.43512988618175946
2499441700,0.42630428381891794
2501410023,0.42325451755831606
2501908385,0.4219894847791112
2500726004,0.4203373498307837
2499427594,0.4188456163337501
1930215635,0.4159108988003705
2501416164,0.4146291446876635
2499346242,0.40540051507617336
1931642852,0.4045262336090611
2093089700,0.40336146356001523
2499448502,0.4032984383313339
1433621423,0.39908122846435795
2500655062,0.3960276187680149
1439414435,0.39367739476841507
2499584480,0.39049773218365524
1930174177,0.38936772634434735
2501284670,0.3873827144061212
2501955052,0.38657270363038426
2499318605,0.3844410326640718
2499506874,0.38381211366358053
1433951991,0.38287826423860816
2092921401,0.3812314760053238
2499323777,0.3786823380551715
2501016302,0.3778841999224525
2502453420,0.37532855198601595
2503060941,0.3744458262762102
1933510183,0.37436985836663916
2499859435,0.3699064323354423
1879853647,0.368741220635952
2501219622,0.36745093491031267
2502695253,0.3645915411704955
2500959423,0.3642710962569188
2500270590,0.36054369882468945
2502433147,0.3595726307632148
1930150663,0.35783465450224644
1879166473,0.34810477937056067
1878601291,0.3455242872397196
2502571032,0.3321429551502001
