user count in community:490
Topic id:6,Representation:0.4513224916745494
userid,score
2500584133,10.21763503915984
2502951581,10.091638647499812
2499531142,9.48941700410851
2501522141,8.821280211671791
2095400833,8.401901572285183
2500837732,8.184365993819926
1433621275,8.05310032920206
2502248875,7.926332390411831
2502575951,7.396205929957454
2092936192,7.003694015574508
2499412541,6.881188491821598
1934299325,6.790846885869161
1932450387,6.657887785108365
2093899587,6.5940512542873035
2503440444,6.591867286182219
1439499065,6.449274061149016
2503617072,6.418924989248385
2095412055,6.389474302735519
2503718475,6.353153562071868
2502449081,6.29950228663603
2501601853,6.110576916266717
2092082117,6.055791832845174
1930207455,5.975148027441398
2091998140,5.948854642208534
2501964965,5.878895098123442
2093901271,5.860973378653292
1931674021,5.852541910560863
2092801984,5.6580959682063465
1930182993,5.655903486344883
2503158854,5.629038729643988
1433940047,5.628869878790933
2092936351,5.605343013236471
1434429255,5.605096256876037
1879232284,5.595410426244042
1427790270,5.535285166300175
1879881264,5.533530753504565
2095437083,5.5298240273064545
1930186570,5.4974153182300025
2092783325,5.482297753021037
1434560371,5.396076825006277
2095342411,5.395618763475297
2501479393,5.3684594216866035
1931011424,5.34124364221094
2500448414,5.340475806474974
2499474805,5.3085047983476
2094658367,5.292808701956282
2502541615,5.272568378510443
1880436467,5.2600495504420515
1433063880,5.238190372874867
1931622663,5.22533758473749
2503583964,5.202722026634604
1879788453,5.195238496017677
2502355462,5.17076445636649
1434537702,5.132699692962066
1878579845,5.127232382929748
1934300801,5.103863371304746
1930241917,5.091557347413765
1433726045,5.064882262489053
1931029102,4.9635640564930155
2092025545,4.956804040356791
1930154224,4.946123378473419
2500986093,4.92999488095297
1434682527,4.928249988974497
1879187112,4.902050623860102
1933503670,4.8864517919177874
2092958110,4.836593923791537
1880494727,4.8119687401647795
2092938634,4.802011612028072
1879167711,4.794084026961162
2094641455,4.79269072797551
1439526984,4.792631496767723
2502416304,4.73573281069537
1930935051,4.726970736794422
2502170977,4.720697562625767
1432960257,4.64313987044065
2503595267,4.624429885426081
1879776943,4.605052933544008
1427718241,4.5944031289753005
1930996373,4.579889328653475
1880437881,4.5761546217720115
2091196300,4.5612998152694955
1433725465,4.528476322528902
1434101723,4.526491798380711
2094647985,4.526348882463089
1930146071,4.515944975392674
1427755310,4.513982738647058
1880470004,4.494221665712072
1879776463,4.4904868438526
2501825024,4.480098719436472
1439440182,4.4756576172322315
1433882174,4.47175072115531
1433201810,4.459903335018186
1427828665,4.454559225788147
2502440317,4.426403718286425
1432641281,4.406298299314542
1433378440,4.4013491801326925
1934298875,4.398560451919199
1433057320,4.388739235936034
1879179857,4.384771532783244
2500242072,4.375251813531498
2502953594,4.370802414983968
1433577781,4.326879504857644
1930214507,4.311432196436579
2503059394,4.3100069184906555
2092910584,4.296464812022991
2500313667,4.285719639470537
2093923390,4.250062076057247
1434273035,4.24227541727042
1879847753,4.2333181755009885
2094553640,4.232133303107747
2091280821,4.228887740544771
1933591574,4.19149277970328
2501430820,4.18163649291931
1433804030,4.1811728053331825
2501664181,4.159265477873764
1879201637,4.158861606954448
1879903370,4.158811498333658
1427593641,4.15876353307032
1427749581,4.144501356253754
2500276083,4.130461150586386
1934321753,4.125803852444178
1931609773,4.113127990693296
2091239674,4.06248323086284
2502495642,4.06194379218226
1434698690,4.055337711628702
1432684464,4.051340733314175
2092774860,4.051281378216152
2502725855,4.050444934959759
1933512482,4.048303544712611
2501492734,4.041167034107371
1433550811,4.035755052790072
1433123075,4.007909480926154
1934311132,3.9866760325441075
1880507825,3.9838772371982363
1879864591,3.978404263516543
1433557323,3.976291385314281
2093955261,3.969666912342015
2092848203,3.9690273040048307
2092858922,3.949019990370317
2092926037,3.9363316829373733
2501206273,3.9089797624568723
1434222243,3.908565822726938
1932518390,3.8980725917695254
1433779494,3.880975870618933
1879131453,3.877238540927601
2502028124,3.872648582405214
1879795645,3.871874894625455
1427583973,3.8613531302086415
1878592051,3.8506174287920047
1934304167,3.8500800878404027
1433464033,3.8308671381952464
2092032314,3.815674051240623
2501534095,3.7944847851049226
1930236895,3.7715986064844658
2094622895,3.746169127508655
2501426235,3.745583917442669
1439411150,3.7426852999311793
1433800415,3.71861469687609
2093064587,3.7031280108096976
1427592210,3.7010117386089125
2092770183,3.6921038412218223
1930189230,3.6797477693071703
2092075317,3.6643040297537377
1879813517,3.66205377380626
2092928664,3.640912541496193
1930214863,3.6257901468946656
2091183732,3.613679749207698
2503321694,3.607022350439903
1432668761,3.6052833488059
1929312651,3.605080216849083
1439649647,3.5852749303242892
1433386572,3.555478622431007
1930173631,3.547646411710602
2091185220,3.527556197202151
1930929842,3.5182861215728773
2094657533,3.516309801090829
1879146065,3.5116977665352667
1439321142,3.5105518082313556
2093943865,3.509751965774581
2092872947,3.498602628045085
1879128453,3.445330320152792
1880495803,3.4405663116744245
1879214117,3.424317494791705
1879158991,3.4217052270627644
1879829837,3.4130264265902435
1879189664,3.402523990952239
1879192935,3.3698458896388175
1932625125,3.3593613308391923
1930152361,3.358828197297573
1879856934,3.343763827108874
2503674523,3.330971386767483
1432622982,3.3201137251998687
1932513065,3.3123057411545926
2094655804,3.297215176833912
1879143117,3.280984456666333
2502186100,3.2643650495788226
2092930242,3.263984148642954
2501302705,3.260245441276004
1433616141,3.247734321180704
1434320761,3.2386211096719695
2503587865,3.2384189336433535
1930938675,3.2328665988597636
1879214721,3.22637470868383
2501476241,3.2259170046365386
1434447024,3.2191676025558764
2092017370,3.212242427720825
1439486270,3.2035749175141053
1434308324,3.2031081396340237
2501749561,3.1956328311795437
1427733180,3.188135741587593
1879807672,3.1767352012130905
2091278492,3.1584478098211193
2500541797,3.1456233011888166
1433105571,3.137535450316104
1880471224,3.132706682222334
2093885885,3.1314844464425966
2092925490,3.131198120740959
1879896344,3.1181606728256037
2503596362,3.1055627470636598
2502132763,3.085520342401237
1930163967,3.074948552315802
1427815721,3.049211099182024
2092767931,3.0479586607971934
1933530970,3.0441062949008315
2503489135,3.0330664970212236
2499628723,3.0273621413811553
1434631637,3.0189632454562543
2501004413,2.995572438259453
1879199765,2.9888045149388582
2502287237,2.9801392612886337
1932430441,2.9697756963348265
2092953355,2.964660419624806
2499589844,2.962320476908045
1439318215,2.9405673237022745
1879163861,2.927418707013957
1879144144,2.910755565272174
1434394701,2.9081464034479256
2501601525,2.899078225167051
2093087820,2.8980653376767123
2499268953,2.889343077560204
1439483001,2.8850902384537904
1932627363,2.8512682219346037
1879143033,2.81839835205385
1432634592,2.8087575829347617
1434188551,2.7847270460804197
1878587037,2.7818900463899006
1879774842,2.7802669965657056
1879211747,2.7618670257197944
1879858742,2.757515776247355
1879784183,2.7223851609048997
1930141335,2.7199744583081884
2502079777,2.7177481929315257
1879801145,2.7143800053778646
2094664670,2.6989661521380874
1879136023,2.688110654559964
1880457634,2.6851311893203746
2499414650,2.6800056203514653
1433271214,2.6509730950660653
1433215263,2.6399356861573677
2502141592,2.6342962369596257
1931621805,2.6150414765423546
2503453451,2.614474441125962
1433827742,2.574616660416486
1433185493,2.570493485708468
1934323135,2.5661251876580704
2095404921,2.5467140749708097
1879796834,2.5400523633076317
1427791747,2.53136129826149
2499819090,2.502641371382112
1879802075,2.4822800064934367
2501551951,2.475928586677161
2092890127,2.4676638645275983
1930988207,2.4601014363438933
1427899751,2.4428571867162443
1433596734,2.4413161126157545
2503767182,2.438219532649191
1930235983,2.4311303733830036
1880509394,2.428188082591697
1879180713,2.4225046422157654
1880495234,2.420578461140314
1433336350,2.414743840932794
2092969524,2.406958727601612
2091988133,2.3959332990412108
1427894905,2.3940989982180976
1933514202,2.3622337975677485
1427634153,2.34542919057182
2502075067,2.3408979919055652
1930215862,2.293434710820778
2501882615,2.292687802101833
2092919360,2.2884246251962055
2093941090,2.2867009188476795
2092773100,2.266272420363216
2501594203,2.248557728169466
2499546363,2.2412388405906363
1934295297,2.2398441340169644
1878572677,2.2395353509803204
1932636863,2.226695442662185
1930960724,2.223082388749746
1932571185,2.220742393299031
2499501600,2.20050201742828
2501729401,2.1752964208000343
2501315432,2.1655399176324255
2501807717,2.162477160704979
2092782055,2.159859703315919
1879199815,2.1355656167970865
1879786531,2.119457634060022
2502988502,2.1086329084868005
1427802851,2.1079945147808212
1931594502,2.090752231742683
2092760642,2.089444738054821
1434192330,2.0801933616523263
2501706055,2.079764091217913
1932560435,2.0603458226932863
1433797363,2.046826508035294
2502644795,2.0202385746034217
2092792003,2.0184039315303495
2094660043,1.999908646090607
1934318625,1.96043211835595
1880445050,1.9506803923278215
1427587605,1.9485788237658832
1432635785,1.9436887585366351
2503349300,1.9298708060541494
2091993834,1.9241746633873955
2093924425,1.9034501062466533
1433703774,1.878167469450107
1880444560,1.8746174652115988
1879829767,1.8707565150888927
1930253787,1.855628897307505
2503664383,1.8543990885686583
2093078772,1.847052052435201
2499854203,1.8450774225280822
2096255124,1.8271990814762489
2503742561,1.7896925071558285
2091246440,1.7667591185367741
2091244587,1.7641965314072465
2502956792,1.7528238379282262
1930937742,1.7437448636529316
1439368335,1.7014572856418368
1931644470,1.689267692093042
1433471552,1.678121252201435
1932506565,1.675457756134869
1932444732,1.6687392475708949
1879860741,1.653175056057708
2499739493,1.6501577826361733
2502960784,1.6331147572643536
1880425273,1.6312360251968536
2094556274,1.628389499927307
2092934223,1.6251175514646832
2501896081,1.6055916393062242
1879188771,1.601497313239845
1932479042,1.575164745134564
2501680833,1.547848549828607
1879154265,1.5452752960654184
2094679125,1.529520368462143
1880459573,1.5245412297061152
1879893354,1.5184817413257372
1931693192,1.5032673857804446
1879224385,1.4969721444979345
2503210194,1.4911301717846668
1931616813,1.4805907324544572
1879896272,1.4693547523484078
1929306775,1.434517142368314
2092876343,1.4022411768517287
1879158251,1.3786028516455653
1879855174,1.3746835680986218
2500852943,1.3685310979480279
2091959542,1.3672702166383757
2503296557,1.367211368277471
2096226943,1.3457238740544006
2092990863,1.3445914957639775
2501262112,1.3445264853372565
1932648021,1.3211269999130455
2500363464,1.3064559684499912
1879833644,1.3027695033723135
1879882645,1.2786021374223158
2501242995,1.2695510356026445
1427679360,1.2608379003388726
1879125197,1.2440692377279383
1427722075,1.2410286074043457
1932518852,1.2326587287891835
1931645057,1.2237775499300476
2499286345,1.202234137728903
2093878380,1.2004375677012353
1434507223,1.1995442123117641
2092810844,1.1852827738789526
1879883790,1.1775700083037914
1879171152,1.1679996236853476
2092814124,1.1591389957399378
1930929097,1.1348364348101971
2092069217,1.1284034394493352
2499508827,1.1232206348339486
2095399291,1.1073340689018656
1933492860,1.0932598653742416
2093058397,1.0746553094112528
1930155057,1.0736655562869772
1932643402,1.0705219403627775
2499890140,1.069227256403561
2093884592,1.0681856596956105
1433791590,1.0673843635976372
2499771952,1.0661124383988416
1932565187,1.0250583673484805
2092766115,1.0195120221249048
2499283755,1.0119268796510175
2092894567,1.0069237080871836
1930234011,0.9914550304223522
1931641962,0.9843536119454697
2502657644,0.9681796517720926
1434383565,0.9418595833768987
2500384043,0.9386024977323298
1433191674,0.9319139680578563
2091288534,0.921609489563112
1934307945,0.9155641758356085
2501839464,0.8952945223320812
2503346200,0.8928539941492731
2500551200,0.8864605613036379
2093973217,0.883193059972589
1932468557,0.8790699833460878
2092016123,0.8684712344356621
2503380130,0.8576137184564518
2501544902,0.8570276845945193
2095363683,0.8485880640868624
2091975984,0.8450032557066431
2501280794,0.8002782608539107
1879835164,0.7944663831217489
2503127493,0.7925425107639461
2503201077,0.7872409983194065
2093019367,0.777907159468366
1930185973,0.7738705933859961
2503119187,0.7545798636924258
1433287292,0.7436296029717654
2091246713,0.7121014611081663
1432847273,0.7090698176222253
2092935932,0.7089567526963932
2503131707,0.7015987196826163
2500567790,0.6827786194933393
1931688451,0.6794434020818612
1931003663,0.6683253170892703
2501472364,0.6656491112714195
2500108472,0.6573315040360479
2094677502,0.6559296958209615
1879778774,0.6478666451172447
1439580687,0.6430740900392924
2501819262,0.6037900372193763
2093072075,0.6033706844424246
1879179653,0.5896517097849837
2499281044,0.5788841113372213
2500947195,0.5496764889375558
2092845117,0.461416451091618
1932533012,0.4602712987662996
2092022860,0.45884569228274136
2503422932,0.44473743474597566
2502030823,0.4382124805546974
1932609990,0.43133275765336637
2093991275,0.43089838882465736
2091224802,0.4122708986627185
2092797621,0.4056459399760624
2502711275,0.3971041372329374
2091220224,0.388563551656154
2501573822,0.3851304707004487
1879137553,0.37075734461361626
2499650720,0.35447630738226316
2503230862,0.35282318100390325
2501221147,0.34856045579586686
1879879570,0.3465329011648558
1878600965,0.3356440286466966
1879845435,0.32646579774894574
1929306871,0.325147948934218
2091961550,0.3051949792232572
2499334794,0.2983181720699863
1879809035,0.2904579490409524
2092833500,0.28024843624117235
1879793064,0.2701759847923187
2501406364,0.2659913115120993
2501692424,0.265768738413948
1933498127,0.2532483154611221
2093938124,0.251944948590615
1930202261,0.24539426050005717
2091218615,0.2416352820413365
2500623814,0.22529562634326414
2093908291,0.20903357509137024
2501797185,0.19459988121810326
2502476613,0.19292059838388403
2501722664,0.19259020118870857
1930201220,0.18456761913735492
1879856592,0.16200180078827014
2499526674,0.16190818969328966
2096245027,0.15892965485300223
2094687144,0.158829450547633
2092008822,0.14833774345811532
1933520017,0.14006560086451533
