user count in community:665
Topic id:0,Representation:0.3890147101186777
Topic id:9,Representation:0.3539298930060714
userid,score
2502237927,21.973224701857227
2502368457,19.58699974005992
2502871610,18.919450928103018
1427823420,18.367334017686453
2502367615,18.200411142536577
2096273465,18.117261268436145
1434465884,18.112392423736573
2501610264,18.11193747902596
2503763283,17.937280060689815
2092915727,17.336947648760685
2503589981,17.1427578910373
2092093181,16.604180438550948
2091202565,16.493976594105963
1434757120,16.293874858426403
2091227401,16.099168726982185
2499218462,15.79251245320031
2092817835,15.779455312154141
2500972744,15.701575706110109
2095401971,15.576859115556612
2503101385,15.419549005847061
2092942010,15.366683154523965
2500910092,15.322783119408204
2500580865,15.224117115324159
2092832314,15.117194520182489
2500145240,15.06336906202674
1930176135,15.060158293165031
1932532430,15.041834885162332
1880530643,14.76672815677103
1934298784,14.420149447022986
1932493667,14.40038155456206
1434434457,14.316204016978435
2501947111,14.28050704345598
1931691634,14.259736576747274
2500896810,14.247796440423897
2499297514,14.131513886067314
1880498892,14.02961727357036
2502022563,13.92191391467891
2092986322,13.899211650824315
1930215645,13.878044207227923
2499860350,13.829339307429937
1933568853,13.824797671347994
2502041342,13.819273442098577
2500446523,13.659288922144823
1879912811,13.65559629026448
1930165154,13.64964702609053
1932470121,13.594245824577483
1932434035,13.590565357035656
2499428540,13.510630287162652
2501091467,13.483452961975363
1880504282,13.261366958833051
1433603622,13.163064124133985
1879826137,13.162325697276593
2092790137,13.126560151704261
2500971053,13.034333964662643
2501698604,12.970778490315976
1932508897,12.823375530935602
1879838980,12.707919720735465
1434682201,12.673682075841834
1434275153,12.653054124204557
2503889531,12.650086574263039
1879192483,12.618022135521905
2502269002,12.58331251716885
2501075082,12.573538879372766
1879811951,12.559183767006646
1931670620,12.50578880093475
1433605720,12.485180023302583
1434105404,12.475024253582799
2501369984,12.45361226897383
1933513673,12.340441866095144
1931616044,12.328614929438974
1879865763,12.295780354097346
2091966230,12.286742646343907
2499493190,12.281101799655053
1930216771,12.262920543432006
1878576942,12.243335395606575
1879244523,12.202573331873012
1932584077,12.182969162620592
1434409692,12.156697093449466
1439612393,12.128339412607508
2500682675,12.042538241008778
1433091910,12.020046030082183
1879862297,12.002118556607408
1933537260,11.974925342802951
1929307921,11.963924967656203
2502024915,11.83250318378746
1427778110,11.82901732195945
1433653180,11.824551967244663
2501303174,11.81058865949743
1427763725,11.776852603612841
1930245727,11.749578757383834
1879124530,11.706275306139435
1878587655,11.668464300025226
2503193011,11.668319397560552
2092022400,11.560146539108342
2500161752,11.506844129072405
1439558282,11.493986353953641
1932529017,11.491600747203133
1427718637,11.48569188412561
2094671105,11.450561247536998
1434025824,11.44381753646913
2503513380,11.418680222736034
1433237377,11.40632970601027
2094570007,11.371473311748364
1879124225,11.335816956293684
1433874220,11.31318940955153
2499412972,11.307870881946569
1434746781,11.307414381117082
1434527732,11.200279467096722
2095448302,11.197580484334434
1880472962,11.179842729576322
1932465310,11.176245704806442
1934295907,11.1202597421602
1434150537,11.091153710588003
1433645242,11.029762443635228
1433105404,11.024467172759316
2094646703,10.986358270098943
1932505922,10.947247201868642
2095405902,10.899787174458304
1880433195,10.89154391474204
2092065834,10.868784348312797
2095344835,10.817735693217173
1434103644,10.794162296964377
1432780360,10.790628010461845
1878577927,10.77788411780782
2501277372,10.733113990649557
2503030154,10.672574617616398
2096227133,10.654361566711454
2093955515,10.647706164433561
2502468280,10.638544278917763
1433639712,10.59144255254306
1879876034,10.586035653555047
1432645435,10.553849359823854
1879136677,10.553808854256559
2092944212,10.5257732244847
1432614015,10.505433569208506
1933568613,10.492579502912092
2499721744,10.479723601852829
1930182093,10.463546053594886
1930935654,10.450208188109155
1433876622,10.422535215990461
1879172363,10.41623678907964
1932542115,10.414185999778349
1880466291,10.40084138354451
1433545233,10.378984383449561
2093986285,10.355948407585768
2502103375,10.34107115782341
1432655664,10.280915302380476
2095373041,10.280907352362277
2502934610,10.27583260281214
2502092437,10.271144107728283
2093936937,10.224522075221365
1433555144,10.217758483562854
2091210800,10.206040136647552
1434454671,10.194428429907026
1930247287,10.184386367972493
2502575757,10.168793234229268
1930226141,10.158791677854051
2499535077,10.138692402028006
1879160480,10.129313113869046
1880431174,10.111922037073118
1434624161,10.102936632946022
1879823544,10.087972620682535
1433158862,10.075834717498493
1930209471,10.03833416081311
2499806153,10.026422935804971
2499276117,9.990145680533729
1433595587,9.987892572740321
2503901890,9.985748260204693
2503110377,9.970075728947956
2092019887,9.962567804755391
2093065802,9.961901150784769
1930180307,9.938846647236584
2092775787,9.915336235119785
1433453934,9.90896530419878
2096238157,9.897990231102137
1879172645,9.885804628557441
2499522487,9.869858381471875
1878578683,9.862638331424106
1932482165,9.855740288589235
1434170697,9.855519784225297
1432727987,9.854701017917584
1433669217,9.813179972417782
2499544204,9.7217948513597
2502547051,9.717436838291949
1879132660,9.701824511716133
1930170433,9.69955658534451
1879234225,9.695358567559275
2091197675,9.68733655455151
2093019022,9.683819527684745
1439375430,9.680077910039145
1433574121,9.623801915234662
1434098305,9.59031888033594
2095379051,9.559769853378327
2091236781,9.543021231234274
1432854021,9.508256612717872
2095447640,9.46602516414999
1931646127,9.463841971166175
1434371363,9.449253046713817
1439503732,9.441781664685767
1434173303,9.432015162841205
1434370320,9.393156218669105
1427743413,9.385552987071836
1930253155,9.35867821380829
2095456105,9.35232532638242
2503547500,9.350021526811897
2502096164,9.341390220833393
2500456320,9.282034735604054
2092925991,9.265611886976654
2092066125,9.265522325444643
2499331070,9.245894205711565
2092956663,9.21729397514016
1930204877,9.190853702612063
1879804595,9.162057273532582
2500522135,9.123437779541234
1433472964,9.065566642217643
1433135582,9.053350528532734
2501857814,9.045354785747111
1434053521,9.042596642216257
2501068090,9.002897895365907
1880518477,8.991350226486642
2501849394,8.960923906781431
2501149044,8.943424075285904
1879235833,8.933846081678066
1433142511,8.914959419297794
2502914017,8.910405827476673
1439625305,8.889569242321688
2092882334,8.881505565659253
1439456073,8.873784181255878
2093089071,8.872152571851382
2499463584,8.848284730496498
2095339303,8.846217632561164
1433219794,8.841324966427727
1433125275,8.827267012104603
1930931277,8.825785258663664
1879884032,8.819273047711569
1433355884,8.810326598595044
2500973460,8.79480832132553
1434221621,8.78880205943232
1880497214,8.783901274729784
1434375872,8.769407743771144
1931643020,8.721886020642051
2092005470,8.675994599528256
1931664034,8.667482837275024
2499819592,8.663735646530032
1931597893,8.64777012764943
2092067001,8.639081060262257
2500128913,8.621498588433205
1932516703,8.588605110009816
1932493733,8.556769412407043
2499213580,8.55473971022315
1932651784,8.550586896612089
1931022777,8.488070465517168
2092887923,8.482903414048614
1439316504,8.458239160750356
2092802794,8.421769085458518
1929302403,8.366280829516743
2502005027,8.345121061748836
1427617877,8.339828304105433
1932462435,8.328645614346357
2091261752,8.319182940443486
2503647720,8.306868557858074
2095389374,8.285679657436116
2503278492,8.25782170623973
1879126040,8.241640294756827
2499739313,8.241272669178029
1433323862,8.175471744570139
1434595612,8.152144218060215
2093950760,8.135319373292342
2500319487,8.13309545471133
1439333891,8.120747618410856
1879803764,8.106227624930936
1432974172,8.080842935425899
1434681592,8.057163484740045
2092002925,7.97562156200975
2096203175,7.964265822014783
2499577440,7.953698284305932
1879848425,7.9251020399234635
1439606430,7.889161380317801
2094659371,7.874337840453674
2092832394,7.870308106760607
2500416025,7.866153913771078
1878576610,7.859576367926909
2499247624,7.8456722454184495
2095468952,7.813817009506849
1932652601,7.794054518312688
2501810390,7.792013271307883
2500347237,7.76016517600395
1879823515,7.754492690855015
2091968752,7.753113368938387
2092008871,7.747649390360708
1934312014,7.741327905540052
1432921335,7.7369839488012495
1433215493,7.711246872170166
2092847721,7.703707686702328
1931622005,7.700078296820058
2091253160,7.687784288666592
1433801845,7.6807986830822275
2499761712,7.602890750505058
2500308852,7.594680479726257
1434271175,7.587705416044274
1879857292,7.545197854855601
1427733824,7.519753395080519
1879210305,7.510068649891888
1930938195,7.4971722964203416
1932435117,7.496592887180569
1427772955,7.436254868348664
1427799307,7.4129090585897455
2092770362,7.408166946060255
1931588805,7.403517922656947
1879911341,7.403107823481511
1879229867,7.387739612224594
2503469850,7.372882447072327
2093895642,7.351164328792256
2094677365,7.342484793090804
2093907865,7.3282166275106455
1432938931,7.319029357263117
1880466211,7.307297814481554
1433469242,7.278800468039202
2094615401,7.258171216501594
2096266562,7.251878451979581
2502148720,7.250642845414864
1879798434,7.247604514164273
1434419811,7.233233703970898
1879244590,7.206857670193501
2501760072,7.183451825619802
1931645105,7.179099580363243
1434670014,7.175831633281707
1879861867,7.169428624692248
1930217913,7.164789251131917
2499301170,7.119709958627019
1427723110,7.060672455428653
2092838991,7.059549240446391
1433817424,7.023926404019781
1880483622,7.022850340168457
2503431190,7.01766335049526
1434475192,7.001208117523488
2500389553,6.9254530149969895
2094609673,6.9208476804859025
2092040310,6.907280667487824
2499289927,6.898615360785799
1933546200,6.833423478811805
2092064654,6.832478822929961
1878592112,6.820046254589274
1880437117,6.817676454356859
2501801972,6.799939916097502
1932639421,6.791779947866805
1434698981,6.771250122429274
2501848827,6.741159371089417
1432820162,6.722409133873434
1434256870,6.720579822922399
1434682307,6.697214833430186
2500957827,6.6642500149573
2092063477,6.618225689396697
2502662673,6.617263890804608
2091271812,6.613563701675476
1879156962,6.589872527299939
1933513103,6.562051224683589
2501861542,6.43473067719962
2499674857,6.424625739598232
2093092247,6.414187249058015
2499533087,6.376583555157284
1930190197,6.3655358056960765
1434490112,6.364029221063419
1434528151,6.3617586042000696
1433818842,6.358941141316731
2095348484,6.332082292433749
2502030691,6.325045235205057
1427683122,6.323659266439572
1880451477,6.2980753239689085
1933574671,6.275768691149391
2502675917,6.235125434351485
2092902285,6.233799416350525
2503750192,6.183429473119004
2502365680,6.169174195942187
1432850304,6.161465777049668
1930156691,6.118538539520466
2095378004,6.080806676205085
1879171964,6.075958360234155
1879881704,6.052016395661504
1427756644,6.049063692826187
2095349422,6.038528570010425
2092068657,6.036766887868309
1427603034,6.020308944872109
1930241761,6.015550537714056
1879241163,6.0007770722831655
2091282032,5.980877625278663
1933585883,5.9726676237700245
2092942884,5.969765792308159
2502935580,5.929001081570702
1931026877,5.922498411370031
2502021250,5.915525995882003
2095430460,5.91420176111262
1879812094,5.849043687258625
2502073675,5.82659635511172
2502089410,5.8002991048605885
1932528487,5.797050775796062
2502049552,5.704927174082517
1880427971,5.695265401041722
1933497437,5.684410019927466
1879171703,5.684173307683659
2500147711,5.681179786771311
2499645421,5.6785975790858565
2092062827,5.647404629407543
1931618811,5.599090359352342
1434492110,5.549050424749969
2500585022,5.503600295847963
1439558741,5.46134326680744
2091248804,5.456416971737383
1932451642,5.4227915199601515
2503354812,5.421382098671621
1879905425,5.4055210746250975
2501960571,5.405463436320301
2501233234,5.3997600198683955
1879843593,5.382511357915806
1879161394,5.375887376188536
2091258865,5.340396048395953
2501007541,5.2856585651329855
1929313661,5.2573842272734375
1932497115,5.256614358874327
1932462110,5.235912443116838
1433953135,5.228580600495123
2093092390,5.200801334456202
2499269440,5.194248547162079
1432914911,5.193594444618627
2499494255,5.164697043169132
2091229303,5.15830405472779
2501428564,5.147678335361671
1427593052,5.09680985246747
2500767104,5.093501041216496
2095337601,5.086900791555218
1433416121,5.053239287385358
1880504970,5.039283528659581
1932653043,5.036009904371185
2503380151,5.028317155321086
2092062134,5.021965783718864
1433575607,5.003159120048234
1932616481,4.962050477698414
2092051754,4.959457718384314
2094638767,4.957238785382062
1879141490,4.948039791308874
2502372834,4.908680964651111
2092792555,4.872243720691876
2093984407,4.861675571790617
1879237691,4.839205301869937
1932543735,4.838572249803605
1933598391,4.767112563731948
1930950261,4.763161106714929
1931674885,4.667402418090303
2093050347,4.610392116039184
1931646514,4.608012487852697
2092892323,4.54721483315309
1879161390,4.532581530901721
1934297917,4.529183506712332
2093943435,4.519272701791408
1879811190,4.511310881662592
2093857044,4.461648512189487
2093071285,4.451770083402584
1879209727,4.394007705320567
2093943487,4.388666471971242
1932603692,4.367381861651114
2502706423,4.331826486862258
1433147821,4.3317638298165155
1434728167,4.32905352126087
1880540274,4.317856628618293
2500487107,4.29251971584384
2095429191,4.290864357518816
1931655571,4.239562640049487
1930944447,4.230911748022573
2499503285,4.16962120127236
1931592161,4.152186833068422
1931667907,4.148541470886551
1932577857,4.14536599838231
1432681345,4.138195363639493
2091266807,4.109450638058902
2502453430,4.0919880702793625
2092870905,4.053552357964783
2091219055,4.050008890802301
2500819390,4.0494967108566176
1879822735,4.043062164884664
2092018050,4.027355203721014
1932499902,3.996820351917811
2502255860,3.9538163154290267
2095493951,3.935753451461702
1931013184,3.9350809124744477
2092776444,3.8408420130802385
1434134055,3.8363131717980545
1879832175,3.8194074815603463
2093932195,3.8098129308939535
2500759554,3.7997778298249396
2503719755,3.7983319166509175
2503768927,3.782602003038359
2092794291,3.7791433259787204
2091200190,3.7702772087526037
2092864520,3.7380193322543303
2503769820,3.7310344278212106
2499240954,3.707347459626255
2500876904,3.6945334697655534
2096234531,3.6721133087792075
2500234743,3.621584675458343
1434740355,3.6119068043411597
2502567325,3.6103941682156107
1879243473,3.5881297863750716
2095395451,3.570074114035502
2503175015,3.567273524435562
1879843121,3.553316448620534
2091224171,3.5422253053774906
2095391001,3.5345302656602655
1880433261,3.5033609618841197
1931692844,3.4749678223941807
1880480387,3.466457509897896
2501424261,3.4583317038514165
2093872135,3.40540315614826
2500139662,3.3772972915922477
1879217553,3.356387013917198
1434307661,3.3220048215098226
2092832452,3.318102815206979
2093942435,3.3151226417429074
1933558965,3.301472610341877
1433648293,3.2708758992896296
1879148865,3.243494524926443
1879905741,3.2409000750433203
1433428644,3.226225005641896
1879788780,3.1892738736832182
2092002621,3.173656889529972
2503056380,3.1556401930399285
1879138105,3.149063008949918
2500514000,3.11317156062747
1879799467,3.0768833848693133
2503469327,3.0695962766557283
2502773247,3.02967254703601
2503345752,3.0174475350381487
2499294700,2.9941115167930112
2502049053,2.986351399110842
1879859157,2.921356121621078
2094634373,2.913941206159144
1879912115,2.8790545760306236
1879903894,2.782211640360565
2500215957,2.750964484468286
2095476430,2.726191582817126
2092930844,2.6885775263734315
2500852682,2.6805532007711275
2503520814,2.645061478489872
2503187662,2.600176115318663
2091278557,2.599542232145745
1933538050,2.5761271954597476
1931013474,2.571260034334458
1434056841,2.5521381601806827
2500774780,2.5346229922242802
2503810090,2.4991180728624425
2503815403,2.494884492175797
1433210013,2.4919017026419166
1932602235,2.479480934058174
2500725931,2.470836062204456
2096243060,2.4062105105724343
2093070470,2.3153878589906465
2501592432,2.251099292087329
1433485577,2.2490867592587334
1879912515,2.247599762847115
2091973345,2.1587547527704314
2095377207,2.112992211210282
2092953222,2.0744820812397764
1878592497,2.0735455946334
2501232520,2.0246074919810253
1879133713,1.9914213510237728
2502994212,1.9732692787472375
1878595455,1.9710973751293688
2501558950,1.9608688686600457
2092065617,1.9506572526152521
2091969220,1.9395655241808532
2092067604,1.9095372704265845
1930993377,1.898502809056322
1930930473,1.8931004453830456
2092787927,1.8749007407961877
1930994640,1.7846200283092928
1427747761,1.7590298218996618
1934313081,1.7385373256305017
2096222114,1.7101461308006767
1879842345,1.6091596956764964
2092932207,1.5522775396203765
1931689031,1.4805140695146077
2092057382,1.4643211315943623
1930249050,1.4313954038647863
2502788671,1.4183724980843349
2501577444,1.4080458137243959
2502353873,1.3543865647879718
2500739710,1.2994675055075877
1879128247,1.2900924275380388
1934315214,1.2383965380552053
2092034780,1.2338379130362993
1931024295,1.228085786527259
1933515570,1.1353501329756375
1880519952,1.1201780896517761
2092063834,1.0897859574474795
2501307115,1.0768668761344387
2499360504,1.0576854886219995
2501830371,1.047579095540609
1930152110,1.0043308732678065
1434686293,0.8921963993675394
2095354125,0.8835097051904567
2503692124,0.8761874358776784
2093051931,0.8107574510726562
2503117425,0.7883842124637175
2092034272,0.774672866743247
2503846912,0.7271963667580467
2500688014,0.7265453959422101
1879865887,0.6761935438646912
2499785027,0.6559170068639752
1434223700,0.6429683884023804
2500910552,0.6008086717107977
2499817550,0.5456764195069154
2091981394,0.44368239276394195
2093980440,0.3977971319626603
2094609697,0.3887160882408395
2502465040,0.38048859723450523
2503254714,0.3745969868429805
1879847140,0.35845866970443196
1879201087,0.33745400766101774
2502026814,0.32799986213168664
2092028602,0.3181308550270592
2503058232,0.3020156479324153
2501378220,0.284330068185884
2093081852,0.2836583583469888
2500114681,0.28001705967967744
2502945472,0.27731584990396285
2499614332,0.2748235768683252
1930137325,0.26913765726636296
2501497002,0.26523204194648226
2503420091,0.2620956430030702
2501529640,0.26203474545357097
1880525774,0.2574907302510689
2501446557,0.25649528084962514
2503325382,0.25570088725994405
1879827145,0.25498999899322716
2501165172,0.2513965633711524
2500945574,0.2500547933571771
2094642871,0.2476300366316629
1879829492,0.24408717990200285
2501275014,0.24325277135163959
2092926083,0.24295341046280128
2092763127,0.24283098113524604
2502154492,0.23965633716730553
2502430597,0.23905511331645202
2500922980,0.23531740819786762
2500238875,0.23433531274707875
2094569183,0.23249974054663797
2502859782,0.23015761448390282
2499565314,0.2284390982808866
2502495952,0.22474287062690107
2092959164,0.2186036820197071
2499258051,0.21679599177724684
2500862077,0.2123751043026013
2093040804,0.21175489612919124
2503186207,0.21064112296159274
2096220847,0.21023125007509808
2500224242,0.20945618415570755
2501465580,0.20729794326201154
2092769611,0.20697838686731693
2502235563,0.20025406203164073
2503671800,0.19944559312045412
2093907945,0.19645926968652827
1929310631,0.1937254024110493
2501576382,0.18785457149207974
2500383502,0.18782991175910171
1880512835,0.1829152114413478
2096237952,0.17321703039622918
