user count in community:290
Topic id:3,Representation:0.4518949353691644
userid,score
2503272264,4.673098584436752
2502881181,3.913953442415497
2503153094,3.7044930580775124
1879801480,3.6696875799696316
2499252035,3.6151523381143935
2503215820,3.542531828505285
2499639367,3.51437115274367
2501401463,3.416033426166186
2499735083,3.351665103424799
2503172652,3.3462908760786325
2503181727,3.2475726302983783
2500710612,3.054522717269652
2502915650,3.054506283076213
2500484523,3.049086870301858
2503472355,3.0390740673990533
2499357373,2.9483075478692546
1933501874,2.921576274676997
2503381524,2.772407228148862
1932525581,2.707454111355997
1879236991,2.5631073492400414
2501665430,2.558446368647645
2502040583,2.5118680159618036
2500440344,2.491227538936416
2501905410,2.482540647045289
2092779621,2.4763753821303776
1879833574,2.450586658378372
1878592084,2.4310020214704857
2501294401,2.418067929080863
1931661027,2.389121030154036
1932438440,2.3816910784229455
1879784700,2.376921805047017
1879126043,2.294444474741461
1930153455,2.283273937644806
1879217541,2.2795457347864563
2501898923,2.241271864361824
1434199920,2.226863519402115
2502356982,2.2170488338587155
1931643635,2.2028251987785854
2503148300,2.1532084022346147
2503118924,2.093607692866506
1432716392,2.0885974818027466
2094604503,2.063378531365468
2093029484,2.0480722823672077
2092970334,2.0217934546577707
2092020535,2.014854291617697
1879124215,2.002107306876575
2092948480,1.9158252731357737
2091189351,1.8936935589947503
2095468603,1.8642460630696343
2503045734,1.8531547208526793
2094550217,1.8423508010928746
1434155354,1.8348792633422204
1929316091,1.8293367773513298
2092013684,1.8241434012755906
2499456874,1.8203630631581065
2499615414,1.801311390083603
1427648447,1.7835378072785688
2091961202,1.7825290093665256
2499393440,1.7811151072504117
2092082593,1.7808228236474133
2499344254,1.7779570242082345
2093042013,1.7732261304858985
2092826257,1.750447749996181
2502314702,1.7397258669724152
2501478571,1.7284963539933735
1931005652,1.7178462458380421
2091253151,1.697751821974717
2092783520,1.6976504666403447
2501892500,1.694819024255026
1879152325,1.6912362790170232
2501907660,1.6883140378963981
1879905001,1.6874657403296194
2092006114,1.6824411416959073
1930162875,1.66115725679192
2092768680,1.6600095430812392
2503215500,1.6556667650330588
2501326697,1.652785300565884
2094670997,1.6297647751235909
2500246047,1.6296371100894753
1930186825,1.6262754434100735
1427659827,1.6222063310857817
1434004434,1.61068815456592
2499414084,1.5686475014812729
2503031734,1.5621125146476043
2095397813,1.5569637925964976
2092888355,1.5496599260167188
1879844964,1.5395278507066164
2502054707,1.5360252690408116
2503260092,1.5312709806656486
2501867474,1.5112500138448202
1930991543,1.5016809856199678
2091991225,1.4837696700803034
1434596990,1.47416988257833
1930968163,1.4692801362012131
1934313531,1.4437435774942446
2499718954,1.4409511267265418
1433485943,1.4345639396234438
2093958040,1.4332959745483016
2502885067,1.4331005514900461
1934311812,1.429108283571529
1930150954,1.4270295253486038
1433119840,1.4233659673439019
2093951330,1.4229113912995848
1433228131,1.4202530385617862
2501764160,1.4064209855918357
2095450512,1.400615039046022
1930227184,1.4001443959272215
2094672994,1.3795403444683423
2500133562,1.3730022417666867
1434669560,1.3404959257095908
2499226970,1.3386977490867593
2095425472,1.336655805330776
1879801654,1.3333105555854798
2503766167,1.3331981193273137
2501156425,1.332199314687274
2499316972,1.314081055505888
2093023272,1.3092259226299825
2094622710,1.309199391343387
2093023170,1.2997531718749085
2092882033,1.2943288866598468
2094599573,1.2824353961320376
2503636432,1.2738293403146161
2502682142,1.2694184418641816
1433107491,1.2584423763581147
1434618870,1.2500581547699237
2094587154,1.2397130874213713
2502188240,1.2324099026817519
2093898101,1.2092114409809822
2503531854,1.1966752947007198
2093028187,1.1896710423741959
2503582314,1.187014421929317
1933592775,1.186487270257927
2502450323,1.182175113954467
1433174390,1.1795678571754364
2093086990,1.1651651980034372
2502451370,1.163672089614036
2501643441,1.1473321344431338
2501316021,1.1302524138767487
2095369707,1.1293366682589374
2093088532,1.125511803302489
1432924181,1.1162347518606373
1930227130,1.1029777260422702
2095391127,1.0896750842543188
1930993645,1.086945263699603
2502171990,1.0846467151386403
2499389062,1.063777192597659
2500106844,1.0609025320880354
1932564172,1.0527908649876272
1879791831,1.0488880911395493
2499720697,1.0431931923829225
2093075872,1.0340542153107972
2502998941,1.011038487117947
1433710197,1.0052628459188222
1879788582,0.9842451850360401
2092856594,0.9768944420291812
1930938322,0.9711897079078011
2092864617,0.9617273542049961
2501279374,0.9505787738397498
2092880697,0.9492606858966116
1932646293,0.9435125772258565
2092040984,0.9276367729583299
2499310494,0.9210949878408613
2500157893,0.9063590727510279
2500213593,0.8989222525580022
2502217292,0.8971123223821575
2092035373,0.8910769499563842
2502238784,0.8893419387594187
2501598150,0.887665599150042
1879238355,0.8835919583505659
2502219574,0.8664876129462191
1439545517,0.8612701837965965
1933517253,0.8549186785825039
2093026527,0.8493432166927609
1932610242,0.8274585099034075
2503451410,0.8143499549786256
2092771564,0.7976092648642811
1433531634,0.7868750380134648
1933510842,0.7808564421056785
2503257965,0.7804845953383917
2092873123,0.7752032657641325
2093965473,0.7733059804306396
1880503662,0.7626957332238918
2093025897,0.7616639857478923
1879167575,0.756863849478689
1878599031,0.7526576288205176
1930160470,0.7459696923387286
1427842945,0.7458817884246891
1427808664,0.743773347779413
2501731774,0.7323392622120661
1879779900,0.7265306440693564
2499342081,0.7195116213013402
2503528500,0.7080948128920093
2502492422,0.6998743927575595
2502320960,0.696050959321257
2502590442,0.6785357783624938
1930182094,0.6683892774950788
1930210082,0.6677334423919593
2093930581,0.6506375713648231
2501109061,0.6347287343642832
2503026234,0.6158979289947658
2502425540,0.5971725238098803
2091180495,0.5677354498971378
1930937671,0.547340643523875
2501499422,0.542828829489706
1880519110,0.5418817716241935
2501965535,0.5399440715548601
2500774710,0.5396596861737776
1880425502,0.5268210972038047
2501252125,0.523932096795713
2500635473,0.5163413708295311
1880440000,0.5056246045061428
2502552852,0.4967003947333573
2500414825,0.4850129831708043
2091209265,0.458771225964577
2093863125,0.4530228765562846
2094668761,0.442600535899978
2092815477,0.42881788999767667
2502849382,0.3968024961446809
1432651341,0.393793468781242
2500157837,0.38722582013224904
2093065220,0.38280495980545226
2499530091,0.3776598608286038
2499885794,0.3710769626644023
2499223904,0.36952966175717455
1933521190,0.3657066932812074
2501387574,0.3593995287966834
2501901683,0.3566936568868033
2501599092,0.3546721151540968
2499552123,0.34460976271473875
2092872161,0.34426627487109335
2092832282,0.3392090567627521
2501853565,0.3303033281518064
2502243282,0.3268217095404306
2499270867,0.3126688687848736
2499282703,0.3040499949051342
2499319227,0.28949519297087095
2501726255,0.28642110495307144
2501512930,0.2814604017591879
2502698673,0.2806025126634055
2503742070,0.27726891640895995
1434710283,0.2762268942616169
2502987530,0.2757155424549064
2501305902,0.2658148345588256
2499858797,0.26471251692945214
2501721060,0.26358718058371516
2502114942,0.25911357639074895
2499606560,0.25531397309347653
2503346140,0.25508962836186455
2091952831,0.2503724546477888
2501049334,0.24912115525555617
2503638252,0.24497503775438256
2501479774,0.24387057205678184
2501207730,0.2414032839064832
2499802202,0.24001958859305253
2499633757,0.23799001025302483
2499470951,0.23477425254878076
1930224904,0.2323998539205474
2501906010,0.23196727894472358
2501904833,0.23177548230766934
2499470433,0.226184628630121
2502515742,0.22123681574788384
2499345390,0.22088875880897835
1879826575,0.21722587217436928
2503779132,0.21473018585321718
2501198700,0.20625474696437476
2499704044,0.20570580657670912
2501235352,0.204675087813118
2502844741,0.20203286359293057
2502634473,0.20083342727532383
2502802233,0.19933805978998864
2499682364,0.19662970235824898
2503465050,0.19339028513769566
2501761580,0.1888663287297587
2503924824,0.18881312040148426
2501971577,0.1868482685087268
2500409523,0.18287866170577363
2500410693,0.18005180725061112
2501791630,0.17617419421126376
2094608093,0.16849967475144473
2500304223,0.16655122172287362
2499671352,0.16572119988728212
2500342187,0.16350124131614802
2501268972,0.15695580259775446
1929309083,0.1539408497851019
2503725854,0.14836310521085994
2499393542,0.14541678006094388
2502875953,0.14357614200784097
2501414641,0.14285474148478838
2503792674,0.14018796482640655
1933512572,0.12067845592042435
