user count in community:269
Topic id:2,Representation:0.5688873791491712
userid,score
2500287420,6.971307789564751
2092798582,4.727359681505564
2500829612,4.646706606764028
2092878423,4.629970990175862
2093920205,4.612724465735446
2503063872,4.55095544588219
2503528392,4.493273413105918
1433895692,4.398711505841926
2499601542,4.058784676975407
2499608952,3.962605439846865
1427842754,3.8831036277680013
2500521623,3.7651385034239433
1932518693,3.7339459612152512
2095479251,3.6721439375965947
2499893771,3.6690385833033785
1931024270,3.620907664360187
2500248664,3.6024820377154847
2093857540,3.5837001535045716
1879170853,3.5299010851373005
1434598107,3.5065622519919177
1879782727,3.4844386810380614
1932644784,3.430521131570656
2091248085,3.4262762409315215
1932596190,3.42182860138803
1880511512,3.4164256731475193
1439573285,3.3449169988630234
2503083920,3.332562699947908
1879903837,3.3269371756560555
1879231473,3.326462626124841
1932629334,3.301439888147345
2095443221,3.2933617758260545
2503242393,3.2790674899585652
2500837612,3.2714580010060934
2092900103,3.2386593189246993
1931002243,3.2242216283648504
1433421914,3.2017943674398084
1434546357,3.189885148958885
2499653207,3.15310369602686
1879132153,3.1091209755607085
2501786493,3.106861596597248
2092859724,3.105605380584732
1439337317,3.079189939175653
1930978947,3.0658821518281525
2499813827,3.053559351378562
1879808641,3.000399013149777
2500139762,2.9469895841485614
2499695035,2.8883830998066884
2093893837,2.879900226714018
2092847575,2.8726734150576423
1879864620,2.868021286173863
1879197517,2.8656830240579403
1879874773,2.8103493750488555
2501004944,2.7895007808402177
2092795221,2.7601947230029507
2093007252,2.7381049687004393
2500361373,2.7364813774453847
2502895714,2.7283214332989054
2091183357,2.7163803997869405
1434729014,2.705891505157034
2501903100,2.665949250997432
2093875384,2.641115574525843
1930935141,2.624649353805152
1879842480,2.6071162665648835
1439508610,2.606850659399104
2092898682,2.603912731740278
1879154743,2.596445742591261
2503889664,2.5806093835664576
1879828017,2.57933873827087
1930940482,2.5405184623380537
1879783317,2.5208123494685117
2092781660,2.4918956528447356
2092827407,2.4779307704559335
2502398787,2.4663850800004585
1932517127,2.4377882503844948
2501566832,2.4159551426095085
2501022980,2.4108501856559488
2500474501,2.394951293502936
1930171180,2.38538901602366
2502531812,2.3840006387902988
2095461977,2.381089089770567
2500179830,2.3674048523945235
2092769907,2.352293080792336
2503476074,2.345298099342537
2096190817,2.3418611051417138
1879835235,2.3296019385683575
2499546570,2.3256879208111765
2499878377,2.313030416753011
2501149557,2.2886685493209473
2502292307,2.2545786935908976
2095355170,2.254439075659522
1933554442,2.248787162995288
1929310913,2.231606241544695
2092069681,2.2188889234351437
2499312962,2.208098207821513
1434581652,2.206425749765642
2502536111,2.2057138371980187
2500809563,2.20342479087058
1427827193,2.0760856084040036
1879815701,2.0717852181573972
1880456667,2.0702700730326704
2501542111,2.0628205506248922
1879850863,2.0502017465878195
2092928791,2.0343914891897508
2095407751,1.9993925656217528
2501601415,1.998767775468293
1932549094,1.9703744589169534
2503639857,1.9541548253157097
2092911304,1.9269509298561074
2096248387,1.926183404280332
2502562710,1.9136683155878937
1932489493,1.908074488562788
2095490497,1.8618974149569498
2092885884,1.8569386438065048
2500382151,1.8519613731638038
1433295302,1.8397691487219179
2501478364,1.8334363629338328
2502991402,1.8259058606903915
2092892882,1.816714202459552
2092770940,1.799050898036235
2503116461,1.7761791675413827
2503665121,1.7549828429394023
2092807483,1.7111295403168278
2502034863,1.7042869220002115
2500467523,1.7005034412376216
2501413833,1.6903671076190965
2501661277,1.683251716853714
2092856627,1.677176454943225
1932444720,1.6749745768980298
2091282944,1.6662351700671945
2502443290,1.6582514452666277
1932640463,1.6570019400427392
2092946140,1.6527202991227719
2500325143,1.646958266341588
2091975575,1.6275574369702317
2501049604,1.6246582783764132
1879231235,1.6241123364365773
1932499864,1.5678263100157002
2094660474,1.561689311500038
1879778934,1.5570259057861915
1879905132,1.542321866548842
1932625815,1.5349827542992367
2091947957,1.520478525598026
1432678663,1.4886815312097568
2499341444,1.4855510604140574
2501508790,1.4809248538607522
2093936724,1.417761801304264
2093004503,1.3877148012802818
2503480892,1.3742696794895208
1932618814,1.351859268726016
2092015275,1.338057114186215
1880536547,1.3245122781269412
2499502237,1.3139815807788382
2093980364,1.310054075604623
2500337507,1.3057952121271894
2092788182,1.2984156307789365
2093879035,1.2853094423608862
1880444193,1.284621157835048
2503791860,1.26743966585232
1879163237,1.2423330649162432
1932449565,1.2396242116248979
2093975224,1.2283641556413787
2094580910,1.2228286784319766
1878604502,1.2189769822596883
2503694160,1.2014966618837846
1932621981,1.1926790483835
1929311095,1.17489514750759
2499884494,1.1514299004116981
2502346864,1.1490952879784073
2500413730,1.1466774106910456
2092816615,1.1167982132469836
1879768667,1.1046310465403968
2503831170,1.0996733695089125
1930226681,1.0983617937670769
2503698832,1.0917665036985527
2091980837,1.0867469399395773
1931624827,1.0840076829486875
1434001361,1.0684948341754608
1879144342,1.0474288606742714
2095433500,1.046864120960711
1932579397,1.0399680044812774
1880521111,1.0397076726529377
2499897594,1.0221104503724376
2502277593,1.015430953668925
1932510840,0.9913292002594167
2501690192,0.9763538011224727
2091190291,0.9618873546714349
2503180171,0.9596241348359739
2502813454,0.9318475562445798
2500570347,0.922208609013275
2499348442,0.8889124120149582
1930217094,0.8809753034913423
2500389924,0.862556163321928
2500204154,0.8507132369447467
1932457121,0.8262549739054359
2501159582,0.8120285693044986
2093874874,0.8049367451368576
2500487094,0.8027167969954544
2095418863,0.8017254432295376
1432873234,0.7863175865751533
2500387940,0.7840839062268097
1879793504,0.7550054241313439
1934304161,0.7461197265261714
1930952943,0.7397877637923482
2499427265,0.7251813029823565
2501587522,0.7174181135084898
2500340807,0.7097354251449959
1934319807,0.7038417432726088
2502067570,0.7030872557222394
1933510172,0.6954896972532133
2503852894,0.6821165863992936
2501710725,0.6438806199720206
2502159697,0.6412452008084522
2502313537,0.6394830987810716
2502783080,0.6392035403298099
1880531900,0.6354439553041807
2499647033,0.6340132885557456
2092903995,0.6319208491283222
2501857660,0.6263155519624107
2502181382,0.6152906857252063
2093876867,0.6136450890949569
2501435435,0.6131826852954292
1880526522,0.6015961803478221
1879834032,0.5946621851063927
2091204850,0.5944206547121204
1879785770,0.5933949120685535
2501511095,0.5886711086029438
2501875130,0.5724045618634344
2503141247,0.5675598130440943
2503380420,0.5611714352980695
2502720544,0.5610906624463142
2501372632,0.5563592533354742
2499336282,0.5490807574024021
1433942014,0.5454497347342744
2499601384,0.5428191881784921
2502989862,0.5284707990231411
1880436902,0.5228310239870598
1878603280,0.5018403354814066
1933517945,0.501229697058957
1932474750,0.46916781532858537
2503819321,0.46596506141897037
2502530070,0.45257127351685733
1434351980,0.43826228438419856
2501917672,0.4219841963241896
1433387630,0.39474675228383055
2502631264,0.36928297863282333
1930252125,0.36911623052465575
1879801004,0.3676579400220036
1439657935,0.35659857566332476
2501923120,0.33816158728966267
2092056352,0.3306521663483879
2503186604,0.29923941626782813
2499874094,0.29765970101158656
2092082714,0.28368998605814977
1880447607,0.2773277892944912
1879906035,0.27027599622412735
2503095484,0.25363917362388966
1931683367,0.2519210898591611
2502832545,0.23881329259635373
2503245194,0.2376308566508685
2502823695,0.23540167413069152
1930965037,0.20939800082555707
2499319144,0.18942831926709228
2499600914,0.18250635747334865
2503030942,0.17123837059159677
1879171767,0.16745360635625284
2092092363,0.16688500327864245
1433801823,0.15449038832292927
2502758985,0.1543962501546027
2501435522,0.14016794841400151
