user count in community:1029
Topic id:4,Representation:0.5152056829479283
userid,score
2502073357,32.45015222045949
2500289660,31.233688115552518
2096236307,28.36734970729641
2502432240,27.935147415686988
2499371070,26.899305706086707
2501311230,25.99819618958307
2503692947,25.99099955679499
2500612951,25.685932598437166
2500253524,25.44038800176425
2092932582,25.207997921722338
2499405205,25.131364596067776
2499488215,24.84352769042357
2502332847,24.826478747210714
1433546934,23.855284401390243
1933555950,23.72404710750923
1432640924,23.513105428770242
2092766250,23.471986486365694
2503605217,23.18784174482543
2092064384,23.184123644065767
2092080263,22.99428172547562
2503419273,22.818379426682835
1930192312,22.77620267536565
2501197010,22.553291042923718
2500102042,22.21673687600284
2502146201,22.046033819509002
2501287882,22.04200280484318
2503396477,21.767370996610143
1434350237,21.50738651378312
2503626107,21.19162636532199
2502775600,21.104831981509026
2092860551,21.037065556304157
2502376575,20.91292243089703
2502951294,20.89128865566908
1932582351,20.88085878297925
2095382143,20.699647851771413
2503456083,20.662985405943697
2092896782,20.625487639206888
1880504634,20.500040686127978
1879154971,20.3730657146972
1433263520,20.107714290755833
2502792727,20.079605613359625
1933518550,19.98307718904193
2500848271,19.611562584808446
2092019875,19.596253467266294
2499396915,19.501008118786423
1933516751,19.49484704385319
2093946341,19.474811581468472
2091210382,19.462375747101916
1934303325,19.381497952879574
2499458864,19.381423998518613
1879909085,19.184265482465197
1932556122,19.180817333366555
1931607622,19.17611597545239
1931656005,19.093156361656877
2096279842,19.048915215080143
2500243340,19.027913380904284
1932611027,18.96861636428737
1930231971,18.872441802675638
2502505582,18.81492034314283
1880483700,18.808966410628003
2093896111,18.77503408194857
2502802372,18.7412942383889
1930249271,18.689416595960573
2499716555,18.663679081464608
2502318014,18.53810150024784
1434474163,18.494618028626718
2503778574,18.47650776553817
1933494805,18.465514229563514
1880511635,18.425108464734546
1930934351,18.405055312350793
2501820991,18.333112005339476
1879147434,18.331897670473754
2095444641,18.25921617472894
1931691327,18.174846239742976
1880483660,18.13435199798705
2091201120,18.117974679011116
2501209115,18.111449854590973
1932476351,18.070842533481173
2094684312,17.985129972719164
1879811650,17.93016860538976
1880454443,17.910288985618873
2091975120,17.90369660461982
1880473641,17.8804291783623
1434531197,17.839941485153744
2503779154,17.83639029447548
1879894710,17.8195766430447
1434278044,17.815618834929065
2092931571,17.786104841175817
1932540173,17.766418172493758
2092781801,17.759873396834553
1932567225,17.740491764407377
1879903312,17.739364873436823
1879773570,17.73346760595772
2501843601,17.52953244369918
2501690062,17.520670633573516
1880488220,17.44960834660401
1931001041,17.38440004474945
1932627120,17.340964827375675
1879206022,17.31314755946318
1879811890,17.23300562288602
1433352803,17.22124742442075
2502858837,17.21048072867554
1931640135,17.210192523368026
2096271540,17.184763487991308
2501409150,17.151668407205957
2091262507,17.143444403745825
1930937403,17.095720461541383
1879839430,17.06856104986463
2499249480,16.992235946748742
2502105703,16.990604544231648
1879881144,16.97947776272489
2499244132,16.859198174981277
1932514924,16.840369949931876
2502469740,16.83462187380515
1931643017,16.81553200465687
1879895723,16.770975408013356
1879143971,16.76779338710587
1879889052,16.767008537551344
1879207707,16.74596996991608
1930933573,16.716039739017194
2092902047,16.698901926034424
1879146547,16.673397832917743
1427595804,16.655594339356753
2503275000,16.64962484747285
1434221201,16.630092325988564
2092082737,16.621206648175423
2503076984,16.598788611799062
1879237145,16.58831368581786
2092777021,16.549142716816487
1930946377,16.534903261650214
2092939025,16.517698129927386
2093010643,16.510613875050762
2503872484,16.355710718518147
1434304104,16.328123023133884
2091997783,16.313533252616416
1930216045,16.30480519378074
1434130427,16.303705703565598
1879906943,16.250724983919397
2502838235,16.20315612264355
1930945727,16.139456693440863
2501780115,16.13271502318899
1879795914,16.132369254895703
1930940712,16.10747355238777
2091253857,16.062614329552645
2500829670,15.990476506789625
2091961791,15.98501051918293
2096271871,15.95714891421979
1930949107,15.922331678218086
1930979633,15.906516313333492
1879169507,15.860295722205116
1933493590,15.838861662670212
1439377233,15.79339324289004
2093923470,15.79045566583938
1930968441,15.775818794344815
1932606413,15.763530516317141
1931589363,15.745678247401194
1433697001,15.716254373948582
1879795681,15.706262663860198
1931025780,15.701742781778554
1433733834,15.696753788792583
1931672455,15.668403595000834
2501854321,15.657741918429494
1879798201,15.599137891644995
2093088457,15.575953372015029
1879125695,15.567481187039343
1879853294,15.55179537950593
1930168374,15.510561015868298
1427820455,15.502909013551738
1930984701,15.502290614589734
2091957401,15.42379408467766
1931617462,15.356063089727158
1879152944,15.273630793007527
2502501430,15.266511857091386
1931633804,15.257732950482062
2092858435,15.237321412498037
1433452523,15.20705273709564
1880536880,15.159007629445204
2499257222,15.094172546952018
1879807244,15.092568410176646
1880490001,15.081077904083733
1879150732,15.07581439637516
1932460174,15.068631601111727
2092925813,15.05425378438945
1434250440,15.049854223767767
2499230603,15.040152155045146
1879222605,14.991610623435479
1878587053,14.979020490656177
1878595471,14.97647069278191
1879881134,14.939386289783698
1427652811,14.928775015347624
1878603172,14.909470931603158
2501728871,14.894237798672306
1880513295,14.830824545738059
2503619083,14.735839976084641
1880478483,14.575895975898826
2093074877,14.542518969163233
2095412565,14.529478029331441
1434471061,14.476513305260497
2503584952,14.447155268574859
1880508490,14.444215519910898
2503826374,14.434500069764955
1879161280,14.423632024629885
2095352751,14.407959258318312
1931608607,14.374007066021871
1930975947,14.351034566863715
1879157904,14.33746747995544
2501652962,14.296555652729074
1879814690,14.230822571958416
1878603877,14.22688901505273
1434206133,14.187209405761529
2501590787,14.157100616245861
2092836372,14.104409690853212
1879836837,14.101398712366917
1932489561,14.099901373462833
2499499890,14.090905686694938
1930201942,14.087836804298822
1434384562,14.050556418196308
2503722825,14.02393584521884
2500362523,14.001089061438448
1932623811,13.941388909815647
1930960880,13.931929896747246
1880448233,13.899871456415102
2093009913,13.890553454341156
1933530140,13.883235941008637
2502676583,13.874068609425525
1880533831,13.869244550676026
2499223451,13.862727844567878
1932639853,13.849627719246449
2502267942,13.805700970465901
1427689630,13.746735732667796
1880452565,13.729985644564369
1432682854,13.709943876195101
1432633344,13.707367646971448
1434760937,13.672334545011347
1879207954,13.65926915708278
1932541354,13.65274603586521
2094616831,13.65226066591301
1930992352,13.650738637848342
1930148543,13.626273651607326
1879808712,13.613030380978303
1879154335,13.559754428405727
1427722133,13.542692940416597
1933569752,13.531993562635696
1932510763,13.511102498560234
2500900994,13.501969851188523
1931658407,13.470610651524613
2091199193,13.4584403952716
1930241843,13.43681712846014
2499283287,13.418861171397836
1930954015,13.40114008652898
2092912684,13.366619675979777
1433313887,13.341374696315013
1931679275,13.337462869945668
1931636420,13.265954590032376
1432603415,13.246853672176712
2499798530,13.214925613761684
1933494711,13.17352779369298
1930939857,13.133028306204363
1929315913,13.074319045196996
2500793294,13.04355531946353
2501661824,13.010536140116303
2095433443,12.929162765482591
1934298653,12.926733279682978
2092026415,12.917997066490376
2095350227,12.88733180081637
1879244284,12.869384670952213
1433881343,12.85491881154757
1880443787,12.833287291764515
2091950073,12.784118909279803
1932505457,12.77353275136248
2503655660,12.768656098533418
1432715841,12.73279451667698
1932461261,12.728537712127439
2499305347,12.707916308393077
1879791133,12.703483564008533
1933587081,12.692685035555176
1931012001,12.622709353509745
2094632982,12.614834370654863
2093905673,12.60578599548673
2503744012,12.600236778911519
2093981553,12.587247014152858
1880517807,12.579125104893725
1879243184,12.576960301569713
1930939077,12.574564565899573
1879859474,12.572925519982322
1929303183,12.535363494621071
2502529801,12.502900083043938
1880526177,12.479562660023038
1879842813,12.46269815814894
1433523485,12.40294278920156
2093956967,12.389516905079237
1434043830,12.353395830580778
2499257907,12.348075221413199
1930142043,12.343657233028896
2500325924,12.32851774419443
1879843095,12.318818139437253
2499302703,12.317779728214978
2501979142,12.282947167114713
2503588050,12.269975143145567
1879176952,12.23028694704819
1879179333,12.21817078183029
2094656613,12.187760760318543
2501749142,12.15941370332011
1879771185,12.155955147436611
1427864823,12.154104576287498
1933521451,12.141096754340646
1931588940,12.073833483617696
2092761487,12.060396502784814
1933564375,12.05004286351451
1433706647,12.019413173215366
1879891071,12.00995908928994
2503114182,11.999508796014718
2501447114,11.966742405724984
1879847252,11.963460417707468
1931617017,11.95685630855979
2500327027,11.954099026297143
1933600554,11.943924372952159
2091186777,11.942469258575889
1930152301,11.922017739977537
2091188577,11.91360480455779
2499667832,11.91336965987982
2503554092,11.909625544645815
2501651352,11.804443842228135
2091273977,11.7509309418352
2095358872,11.735468002815383
2499434797,11.713575041941082
1433177945,11.701678932694195
2502403510,11.690903522065534
1930954477,11.666059703575096
1878580747,11.653532339416866
1879214795,11.629180405169832
2499576032,11.62789236427209
1439358383,11.625709266209693
2502980641,11.619270673902749
2091951267,11.588396154349144
2502292901,11.570543821213285
2499833534,11.566069649729508
1879227840,11.559576958289895
1930940603,11.545985393293675
1931006451,11.482464855032813
1427611500,11.464295005527296
2501015290,11.438839910054556
1930991267,11.433169169750693
1433025417,11.412416923075023
1879224101,11.399539346975944
2503719523,11.330120480245627
2503520765,11.299262124579373
1931630260,11.286946495082192
2499370034,11.276262648360571
1932440190,11.26911139037372
1930986841,11.249849434297383
2092894141,11.210671040111395
1932608894,11.19678589097302
2503573112,11.194429379714192
1932563855,11.192612779282916
1433593472,11.168474366526103
2500869874,11.163774098721792
2503757252,11.134942878598368
2501599404,11.132315472256654
1878596164,11.131875994574791
1879796645,11.119028333595512
1934300257,11.099276416197348
2092076503,11.053142630327082
2503922830,11.024422533887087
2093967565,11.015771462308706
2499291103,11.000658895591561
1879811465,10.982537117378774
2093086613,10.929972328030772
2503404540,10.904393990637672
2501499373,10.89700469367499
2503833490,10.876224105967538
2091271224,10.780861214446967
1931001297,10.749301718058407
2092948962,10.736563962226622
1933561165,10.701393154800051
2503427920,10.662954286954271
2499382070,10.639901137584323
2091223811,10.636320058727822
2095422180,10.634342935691754
2096208345,10.60706469688432
2095352311,10.593272514105957
1930998551,10.582428497903667
2500980572,10.578203274266027
2499259942,10.549280907943311
2502486533,10.539266941340916
2502481820,10.533981486629745
2095429141,10.473517769592076
1930195303,10.469604910322559
2501732960,10.464722358525904
2502386213,10.450256292137334
2092842645,10.445905492832322
2094558563,10.391248591001231
2093085411,10.358000436457052
1880518571,10.331225877036353
1432959657,10.295581106898
2499238983,10.294602020819113
1880427754,10.292153061768076
2092895481,10.276185224661287
1879156917,10.24504450484138
2095409650,10.225764010451726
2503770674,10.217893495982649
1880495650,10.183898816363904
2501355724,10.171811813767748
2501573564,10.166130342509025
1879163794,10.142250036916984
1879826951,10.122725363843506
2093929672,10.102098345351362
1880533182,10.0908949712776
2092060795,10.087505066979972
1439482372,10.067505576126932
2502582172,10.059547930416157
2095340617,10.002989111671708
1434452880,9.993757940182261
1932472671,9.948677412965976
1879802412,9.900222854433423
2500102190,9.883853245569867
2500453793,9.875554331974053
2503100674,9.864917946545
1434383341,9.835876183755033
1433603200,9.804864614604659
1879172691,9.799049718249297
1933523414,9.796474233256316
2500744904,9.779886646256628
2093060064,9.777156253178788
1427705930,9.744167163807909
2095467261,9.739147717573749
1427772923,9.717596212076673
1434293665,9.710488032672068
2094612804,9.700823117615236
1931588942,9.700097059920527
2500212595,9.693503345177255
2502113181,9.67607753083895
1434068273,9.604019056758046
2095422875,9.575115917153516
2503632677,9.554274883383952
1880468610,9.550847683322996
1879149223,9.51639704998286
2499543057,9.507396880587192
2501981947,9.501387900017766
1879780801,9.48680755574265
1930203205,9.485257707956924
2501040175,9.475299157809237
2095399191,9.458168072797658
2092817663,9.417787333143126
1880507674,9.416453704436565
1427839717,9.397027335776373
2499828202,9.391101812245436
2501412210,9.385970606936967
1879156897,9.378835776059498
2500174963,9.347167256612947
1933575795,9.33854450871584
1427816602,9.333878465617572
2093088981,9.299372348740281
1879149390,9.290259443591012
2093960770,9.234700677629338
2093042550,9.228406822495426
2501729072,9.22633889024844
2094649620,9.213602573269027
1432707775,9.168873821535472
1930969434,9.159544402678357
1932438022,9.097373379990698
1932488225,9.070933102705167
2095398655,9.040446597289083
1880536181,9.020772914548342
1434339160,9.014675846642088
1434476403,9.006307910110701
2501052531,8.99738149337617
1880481975,8.969869315908552
2501835781,8.949605716407
2094633064,8.947767599341965
2092840745,8.947665025092782
2502208634,8.920493154762351
2095416015,8.900084803831874
2092007703,8.889646140709905
2501220240,8.88369292784173
1439408447,8.875359824188457
2094597364,8.854703806168379
1879836814,8.844580963193179
2501326262,8.819886092555715
1879815904,8.760865417249587
1432637681,8.73311131019621
2500399293,8.68792269909736
2500746960,8.687314454040974
2501095202,8.640938709974492
1934319970,8.629844815823322
2502123624,8.613961986701097
2500221872,8.60546715099745
1931664417,8.60225967911921
2501456512,8.575479798379446
1931686503,8.569115854066593
1433630363,8.491783935110155
2503707324,8.477626331343044
2092878885,8.471579045115918
2091973117,8.464305281938849
1931022664,8.462256990941853
2500219720,8.4408369397215
1930959933,8.402712274745628
2093866991,8.373059088533687
2502635175,8.35674246121928
1433714624,8.26628704115989
2499624740,8.262367960643989
1879825524,8.209082396860728
1878584235,8.159338477101077
1434470915,8.127977821358877
2503439794,8.122536311291922
1879813337,8.042247339301673
2092853552,8.024213394185683
2503382911,7.941089039124816
1879149283,7.916584408640926
1931649310,7.900563398143132
2503921877,7.877621385879122
2500150361,7.844257666166098
1880527951,7.843654020533468
1931600081,7.807392194111289
2092937533,7.804894572054566
2501722000,7.803168208822186
2095392243,7.769510766106457
2501120651,7.7255369592882985
1879858124,7.702364135445538
2502129845,7.688941859129848
2092032733,7.652067627249368
1930964653,7.648729894831153
2092080070,7.640232698512645
1930200207,7.63340028756056
2499205031,7.630615804639155
2501686583,7.6216644289594315
2503876297,7.616247854385636
1879773543,7.611713577436475
2092886003,7.591306086704138
2503538754,7.590323366270872
1933555542,7.58662490987708
1879787050,7.5373397302214356
1878589487,7.516073139470927
1432823653,7.497533798144202
2499552207,7.482430786617948
2091949710,7.4713017413627085
2501800415,7.436587659017884
2092021475,7.418342982613718
2501745474,7.407630441394125
2093943574,7.387734367491902
1934319462,7.3826950315527915
2095426867,7.379872656472284
2500433831,7.329504095408693
1932611685,7.313898654419655
2092997547,7.305605957574699
1433467521,7.289377181177645
1932545561,7.235912638811488
1433755423,7.221197698352604
2503125171,7.213093425773141
2502035962,7.19495268738332
2095485540,7.149425030973405
2501471075,7.12138122755174
2502217212,7.030486470719054
2502277934,6.978873244002085
1932483774,6.9634103731028585
1932531327,6.9409505390526505
2503380831,6.928061539441076
2501044013,6.881330641467588
1433302445,6.878872380151827
2501575212,6.863369940470143
1879889037,6.853678724587495
1433589300,6.850136515093127
2502781272,6.832205534718002
2500886690,6.770890603490559
2092992673,6.760321720923572
2499826432,6.758960510960856
1434731783,6.749690862722267
2091990522,6.737214023210082
2095407205,6.731139477377253
1879782824,6.688484443724532
2503187830,6.675265866081181
2092848397,6.665036401992146
1930927987,6.655794201648029
1932612563,6.654061157122058
1878597701,6.642212670045872
2501199145,6.622740458164632
2093969754,6.582132845177478
2095392045,6.581162138494525
1879782090,6.548530152041636
1880526614,6.490213737499799
1932573783,6.46692925099647
2502096030,6.42808674549902
2094576674,6.428059390845884
2092922107,6.395311937127191
2503151560,6.393897431276401
2091981662,6.388279521990774
1433061381,6.3755681121060706
2093862715,6.3331204357299535
1879833267,6.268242190532843
1880531015,6.267241052855096
1879823660,6.252888936270161
1878601460,6.234304059337052
2501296824,6.166600247056125
2501957217,6.133098981550292
1879202085,6.1283263560116685
2501886724,6.125911974307086
2095434701,6.075502122942904
2095336380,6.058503848871059
2501621443,5.961010989863592
2499330552,5.958251681262619
2502636654,5.943605794644131
1931608954,5.9344228424985355
2499531205,5.9119958431585165
1930246051,5.907359112899378
2503523992,5.898513354462439
2503160971,5.889610984663838
2094634993,5.869642575069617
2503747972,5.864892044849303
2503009400,5.861191176250763
2499500162,5.851028622822091
1931642065,5.8382519888938225
2093940160,5.827405941738782
2499296120,5.8113589203111
1931665035,5.800560459311138
1879792694,5.770462783641145
2091194191,5.7695834017665195
2502130954,5.727437699991911
2501409181,5.72654343881565
2503564650,5.710714676353303
1433466075,5.6930681407842165
2501978697,5.69044398348869
2503442302,5.675853359414605
1434235361,5.66777640777665
1879835704,5.665900404551922
2502520590,5.646242778048877
2095352591,5.628544266433289
1427602581,5.6250044813525815
2094643294,5.6166987786429
1878589562,5.612647339297477
2499762194,5.579460134484474
1934303255,5.577158198165804
1879776741,5.576487303779584
2503786723,5.561295173599831
2092918933,5.557711595455714
1878582487,5.5561917491364134
2499247044,5.511370118445926
2095482085,5.501666676221052
1879243697,5.501528580317578
2503371853,5.4983928707804335
1932504094,5.464153418331046
2503653185,5.445930649974228
2094686062,5.445592989858891
1433859440,5.403175525924895
1879208903,5.40122054976801
2503700332,5.371696963784592
2501098453,5.371013088914676
1433133782,5.336186570606656
2094584945,5.323110185480259
2093918845,5.297411293291159
1433991732,5.285094449602147
2096222302,5.279764679168726
2093952365,5.268792456824682
2501987473,5.262617832362544
2095368807,5.262310454172476
2503129437,5.240258045699013
2091278312,5.234360395014518
2502358664,5.1917813056510855
2093072843,5.175487249825689
2503793365,5.16859652600846
2503056204,5.158965518151615
1879872574,5.0975660312503654
1879866257,5.09280797605149
2503638610,5.07919818551746
1932490153,5.0644019930305175
1433101515,5.04930663349784
2092928521,5.047190885304769
2503282622,5.044645672370479
1878601002,5.003696222868077
2096268040,4.953737876138732
2502943682,4.942816896690392
2501320055,4.901220822543979
1879177281,4.897590665445154
2501226367,4.890024610201579
1434432584,4.871421102552828
2503892845,4.834654774178167
1931610084,4.7629034856282715
2093946140,4.7420833581900945
2503570454,4.731350859430792
2091268024,4.714415508589402
1879847007,4.7016255071518085
2499462271,4.69743025808125
2094623015,4.634260945229745
2501089503,4.617045504377383
2501016970,4.601804725916932
2503034700,4.584832090227555
1879877182,4.561335506115348
2092752310,4.5456487758996325
2501063052,4.501707318716453
1433570441,4.462860394899308
1932601025,4.4609312129343195
2502286981,4.444257077416017
2502617040,4.444036454580543
2499416981,4.431141793447935
1931003510,4.4300373649381335
1879902430,4.426404747491054
2499308242,4.366556922769736
2091225392,4.33568553629986
2092038522,4.288525704139705
1439375154,4.2826030356187115
2093011495,4.281510155939556
1932506461,4.133410910415636
2092058544,4.127764221914792
1930973711,4.0972605549183845
2501163810,4.074710729420678
1879850674,4.0637773876211405
2499259304,4.050717668888395
2499489561,4.044298324352423
1879863864,4.032771932499436
2091947402,4.009297519995357
2500640503,3.968370865345216
2500390413,3.9536099162764673
2503006452,3.9488214462044393
2092080571,3.9218188690296225
1879800233,3.911251575295688
2092866367,3.9029269498867167
2093049863,3.888690432921009
1879238252,3.84068201843871
2502282840,3.827964388479675
2094564307,3.823358137172822
2094563407,3.8208953863842154
1879829071,3.800697769045015
1433277003,3.7936208712674873
2095394617,3.7391077000693373
2093858032,3.7113437948511674
1932629821,3.694585790482915
2502932442,3.647931848250482
1932555224,3.602992360034053
1434601634,3.567527608202345
2502110792,3.56734509046148
1931689215,3.5289010688896254
2501358252,3.5220018106483137
2503242567,3.4396741643844346
1434095305,3.43751825583876
2092800062,3.4067647041450737
2093856124,3.370282905935672
1879888110,3.3695407994150184
1933501107,3.3475585215660253
2503373132,3.3425682273300015
1433936424,3.340799317389497
2500736950,3.3119682502706747
1930150194,3.289667460892047
2499255770,3.2735692340355675
2502459502,3.2254401757827744
2503869741,3.21936667567318
2092856014,3.1656723189450595
1434636037,3.1619234553635005
2094687982,3.1566806328941888
2501643600,3.1504949639192636
2501937211,3.149176952331941
1931625055,3.144654042687525
1879248523,3.1218898643222643
2500838150,3.1155176840383163
2499581512,3.1073214537064726
2499712482,3.07320041966408
2501802401,3.0715348005884637
1930993880,3.060381715434488
2092895213,3.051831245641174
2501155181,3.0422362185936764
2093011210,3.028356833203876
1879182725,2.9911986583279933
2502093972,2.982615171164618
2095365654,2.9428475366911444
1931658935,2.92352976735732
1879800210,2.9150448584120174
2095341063,2.8938149763930587
1932566195,2.891902396026653
2092965332,2.877853321349064
2503315264,2.866652494257304
2501230707,2.862579878839688
2091180663,2.837066299596313
2503273750,2.8123052183419186
1879178394,2.8034145700224946
2091188353,2.767060232083679
1930169244,2.7588713333095343
2502245990,2.7537258323025045
2503931750,2.7448660508379117
2092799007,2.7338546382874656
1932582531,2.720034454512274
1879791237,2.7167495935133648
2093056471,2.711567107942416
1879822264,2.7081513491851816
2502267454,2.6972333765074246
1434597257,2.6966943769259917
1930197437,2.688898190362794
1879214501,2.6652980691916635
2502367164,2.662359077864793
1934297007,2.6620938993933403
2503374124,2.659910214138585
1879237643,2.6392211353913657
2092990864,2.5887844941318083
2503774534,2.5722470825754042
1439411820,2.5629698290223444
2092776380,2.5316126615436763
2503261852,2.5084732468944817
2093001787,2.502921714699675
2499655397,2.4979026523358083
1880439310,2.4704109941563637
2501761493,2.4518402827352492
2502125320,2.4459047741220092
2503025170,2.4295449542297236
2500202283,2.426503037050322
1932651147,2.422244143147108
1932614251,2.4074156266947773
2503887320,2.406376596886207
2503534702,2.377197449864134
2501677534,2.360498381975945
1439478962,2.358900983074098
1880479131,2.356503375732595
1434342830,2.3447652675501494
2499605735,2.333336935738935
1930172982,2.316631299745965
2093053935,2.302117154118997
1880488002,2.30198895752689
1933549545,2.259025815595484
2502291050,2.256848798005519
1930961914,2.2550207396291717
2503273580,2.253664378860716
1439334713,2.207999819966775
1932457174,2.1911480723477137
1434094101,2.190191126204934
2503506700,2.1669243036793167
2502107004,2.156844334689166
1879794502,2.146611904326245
1933570641,2.1442901597515776
1879786804,2.1316623179095022
2502617454,2.13026493393547
2501241902,2.079311104712142
2096253487,2.067942410676316
1434387020,2.0654507744968615
2502308657,2.0463410495994463
2502042364,2.043910870755559
1930954185,2.0092369747200127
1932535815,2.0010574234505287
2094668963,1.9934875909683312
1879832213,1.9930396248152453
1879130510,1.992831564347798
2500371823,1.99042625799895
1930940280,1.9764856309605943
2093960557,1.9702767137097745
1930966252,1.965418046174609
1439659294,1.9651021855076212
1930989237,1.9585610330814622
2501532360,1.9254024190754442
2502246510,1.9117285353804552
1879911255,1.9027349722179656
2092934154,1.879795666976336
2499299800,1.8343588976472498
2502581142,1.8325539510898397
1879887370,1.8299851478630775
1439514351,1.8164940840997423
2093019674,1.8067646881754709
2501183215,1.8019932002488046
2093945075,1.7790710229874123
2093943622,1.7716493293048712
2502183104,1.7432335360133253
1878586150,1.7086319667162586
1932600585,1.6991614845578682
2093080013,1.697121278403523
1931006080,1.6641608674499513
2500916855,1.646571109828365
2501503601,1.6371073046009255
1930212161,1.6197207721821172
2091230624,1.5958107363780052
1930928765,1.5957955279771863
1932653744,1.5581003356521683
1930180330,1.5538188580141312
2096227567,1.5475290521483005
2501573705,1.5312442091408849
2093005667,1.5245442349967735
1931616884,1.5187022193247406
1879224335,1.5176494781016183
2093911237,1.5090953653253396
2503073171,1.480069629451732
1930147935,1.4576200806084
2501065732,1.4504090624082528
1932479880,1.4498202771330737
2501404785,1.4374278975796757
2092973252,1.390296583010887
2092922897,1.3866285745803564
1930136852,1.3834694506891463
2092926813,1.3572180262512583
2092954843,1.3552870334874323
2091237282,1.3509953042390266
1934306281,1.3507229763717952
2503768161,1.327968559910072
2501008205,1.3185492708055386
2093057597,1.3170555564420479
2092911407,1.3163658450206
2499655133,1.282145275936503
2092860614,1.2727462047405782
2094669691,1.2629945696039067
2091186947,1.2550270536762353
2093064853,1.2228474072736228
2502887135,1.1930552343748244
2499206293,1.184441868627016
1434204871,1.1629126953121152
2502313740,1.1459396961215453
2502159035,1.1454030954164818
2093042637,1.1359559688295493
2499441582,1.122118895389472
2502339012,1.098577269845568
1433871525,1.0408171497601366
1879200495,1.024966734955796
1432845141,1.0077719947942878
2093922924,0.9789054986542663
2500266087,0.9740665371019704
2091186867,0.9576737821623602
2499729902,0.9419791700136066
2499645960,0.9366245770498453
2501409934,0.9198661130118945
1934302351,0.907483219290374
2503362361,0.9073450206548956
2091982721,0.8998645544899743
1879211333,0.8956716670813136
2502723321,0.8907384240596533
2501149074,0.8880078769852943
2502528323,0.8779630048215753
2503862154,0.8764522247056981
1930973980,0.8709832178354697
2499802124,0.8590988484830032
1879159263,0.8547075832448232
2500972741,0.835825283959085
2096230544,0.8327247087440647
1433442071,0.8321850323517799
2092993380,0.7975586713211713
2095492575,0.7933002467783399
2092786760,0.7796426025182529
1878592094,0.7636075956771672
2093977123,0.7485149463420078
2503143945,0.6709928199670706
2499225637,0.665984611437363
1879780590,0.6372950232044597
2501276130,0.6361569486860924
1932591405,0.6334089153248269
2500465907,0.6287274253124013
2499284220,0.6083797189947838
2499772990,0.6045232939779929
2500809400,0.5962531421286942
2503197992,0.5879148131258398
2501775000,0.5842585207862291
2501876944,0.5669565456457123
2499591744,0.559608552055891
2501969041,0.548050247822119
2503743230,0.5405990859002524
2500296344,0.5307771668922334
2500948187,0.5264977094795239
2502636935,0.5216737690562229
2503368450,0.5161277492918243
2503244174,0.5115922336700532
2503052112,0.5098292945442391
2500103064,0.5094252574909786
2501169814,0.5053294395783657
1931679390,0.5030498594234923
2502326242,0.5029801306980551
2093866724,0.4971550811359285
1930174271,0.4731905554522035
2503608270,0.4566478840267803
1931020402,0.4268521666282391
2502397084,0.42031088817180956
2092885952,0.39844641755333793
2095439572,0.3981428162403614
1879831903,0.3981241996729958
2503718010,0.39151433576279826
2091223454,0.39079519040299565
2503320787,0.3827956017161601
1932499717,0.3648829433728587
2499689664,0.35925132897985423
1433199633,0.3561315174609817
2091988012,0.3519592272437223
1879840945,0.33513379376224456
1930950830,0.3325205188577391
1931594537,0.3210279465950327
2502510802,0.3209996673633998
2499588640,0.31777935118850886
1427732714,0.31439323930375324
1879855563,0.3106252535654768
2503819890,0.2990626115613869
2502542662,0.2896181371456565
1879175273,0.28927944332079514
2503665651,0.28912265522494984
2502636050,0.28419985112959645
2501240590,0.2754730588743893
2499313540,0.2744479181451149
1932634055,0.269336985381037
1433177313,0.2680380419488051
1879138233,0.26293255543549443
2095413893,0.26190690601334427
2502296224,0.260459639577297
1879164957,0.25854337923188125
2501143594,0.2550239476216108
2501418171,0.2478638059217703
1932568195,0.2468226756941699
2502319740,0.24081999570392523
2501450034,0.23994415063756871
2092773853,0.2389153015059817
2094672883,0.23819215482394646
1879176623,0.23759971701934857
2501244800,0.23545491901160492
2503096674,0.23248250506029985
1434687635,0.22744244463739738
2502490110,0.22419386752631856
2500293600,0.22103852476114005
2091197315,0.2205169151583159
1879247017,0.21968820963380964
1932576243,0.2177500253652241
2095451137,0.21717568427866263
1880545253,0.21385896273310237
2503048671,0.20642066771641138
1929314135,0.20466953652294712
1930156457,0.20231159119278255
1879802973,0.1971645818448462
1930247677,0.19498309987974685
2502260081,0.19057765074562866
1879181184,0.1833748328526515
1879171031,0.17990337165165474
1879845685,0.17691689400079724
1933581352,0.17600876690826847
1878584871,0.17598506492582383
2092806583,0.1717352276493094
2503500327,0.1703191200749898
2501788375,0.17021473868130535
2501419345,0.16854650989454775
2095370287,0.16572872461329913
2501883342,0.16507308519739658
1880520612,0.15884637689266756
1879823771,0.15471693927160757
1879151463,0.14618644008768802
1879217220,0.14053474624930623
1932463507,0.1345118285529074
