user count in community:1288
Topic id:8,Representation:0.5990284146878008
userid,score
2096194874,74.87827695966443
2501775247,74.1731457605004
2503914134,66.86044598865476
2503665290,63.88560301368324
2092899224,62.03207453793541
1433175237,61.776964740227015
2091276410,61.6439405192119
2502659424,60.84759279306288
2095468007,60.414810698276476
1433143691,59.90220361953476
1427813545,59.54179082282915
1432931987,59.4108586925849
1432604335,59.26523077230192
1933585151,58.15475886004092
2092882723,58.15313716733545
1433370203,58.117454482847286
2092967152,57.6164824104584
1932552267,57.566177164440525
1433048100,56.94410808888441
1433618733,56.90934755215506
2503329332,56.32286528695465
2499482903,56.22769820937558
2503683470,56.085485381819026
1439348691,55.9276979024253
1434533624,55.89291963513515
1427864280,55.73769350157714
1433451200,55.091332315105134
2501687305,54.73267810664874
2501131224,54.50338068878619
1930980985,54.48699989034295
1878574743,54.39927500812028
1433443917,54.22206916722094
2502903684,54.20931569806028
2091268085,54.11830292858926
1930941787,53.773156304787626
1434632771,53.63079029238485
1434595832,53.6229462316594
1432871933,53.444083829205496
1434162690,53.377536597473394
1434057295,53.22168551242184
2092803963,53.12838712957632
1433138157,53.04585747955772
2092902070,53.03786539715462
2499556945,52.82633501917492
2501070782,52.80645717783757
1433656880,52.80102508323243
1880519770,52.544818381835846
1427603960,52.44163282354756
1934322223,51.83829016806307
2503294012,51.72943917457459
1427898074,51.60797928638837
2501858094,51.50383822093836
2092918757,51.3329485316881
1880503444,51.24790297630844
2499376610,51.04284064189968
1433964490,50.99012966991782
1433753262,50.85343598656014
1930233195,50.731643078886385
1879808064,50.718379166606695
1434022202,50.69383791051113
1931680373,50.60541673782697
1930215957,50.51917360481479
2093087137,50.50329494927656
1432644924,50.43147970215302
1934317955,50.37228970095356
1434415820,50.333304659201566
1930959090,50.19222491171254
1434701290,50.131197760344655
1433654304,50.08619161779526
2499468711,50.04988374918703
1427717997,49.97026886913845
1439364990,49.951563624695005
1433861701,49.89942275771032
1439573153,49.823723980066106
1929308073,49.73665213584502
1434580724,49.393529410224986
1880501655,49.17370528975104
1880470240,49.150860768772915
1932451285,49.11757052958404
1434640582,48.94890638985644
1934299441,48.88713755097863
1933532717,48.72219332415317
2500708681,48.69201876558848
1427877127,48.664795903697126
1433878912,48.54374951106229
1433313435,48.52731203847097
1879172860,48.51603024047516
2500177344,48.46946825536069
2502355817,48.45388893708995
1880456277,48.23851253900682
2095359503,48.1801930744701
1879796272,48.14541322579071
1930249892,48.14240689451252
1432665233,48.123321260836136
1932442933,48.06163448075157
2503161037,47.97987671513743
1930157255,47.769329262529254
1427677814,47.66210412593723
1434640054,47.60279654459518
2095352907,47.34185149656774
1879820780,47.30919488782697
1439371750,47.29531525958485
1879879952,47.08280058683178
1879913164,47.06715605648121
1879884353,47.019164954815636
1880466244,46.99704893854017
1930186434,46.726192091210336
1433682370,46.69715374410178
1427872764,46.608059785098774
1879232961,46.54532738413629
1434755350,46.54055710494472
2094550853,46.421254017800784
2092881521,46.388084954751626
1432828334,46.331287791588295
1931621485,46.30113390778272
2502308180,46.15883874039856
2093880341,46.14466122294816
1880518493,46.11158129393852
2501975964,46.07935616215036
2093974727,46.03987679527425
2092885947,45.918464064803345
1434646351,45.86512899274839
1432680574,45.71102228129091
1439607235,45.6786910003323
1879877174,45.595743238694574
1439645633,45.58831652098789
1433588610,45.58074002681879
1931632767,45.56282372927336
2501303245,45.51983311180862
2501379905,45.44280330008731
1930184137,45.41318727412591
1879153000,45.40873940856005
1439386254,45.38435844035724
1879891340,45.209513888478654
1930140851,45.12517875328308
1439349140,45.04359877388222
1433439357,44.98490534196968
1432976944,44.95355764787254
2091964065,44.92147168768647
1931606862,44.90079117384475
1434437771,44.83989335500805
1434378324,44.80575916591784
1879239245,44.77336954268461
1432714760,44.70960137751932
1930225521,44.662505943264435
1439590941,44.56516795406575
1434511983,44.56062467209481
1439504291,44.52714123705969
2094621957,44.51452848936189
1879848164,44.51073579636643
1434153472,44.41984901724688
1880492550,44.34549171643291
1879778661,44.15754873557058
2093021023,44.1401472832216
1434266707,44.00997393287745
1433263533,43.99043747966271
1932441711,43.980877090812854
1880450404,43.98004117858898
2501211582,43.85660565775199
1433391875,43.85378369625075
2095461312,43.82316282952229
1931693431,43.80622433714365
1427767664,43.77726751762818
2092799485,43.68545363309392
2094675184,43.68103937906502
1931595361,43.68003266274591
1879198933,43.63508221372794
1879163373,43.58009454060903
2499392765,43.561218964779165
1427639247,43.560174046920345
1930192842,43.51532611462989
1880520660,43.334704070538606
1932566777,43.282045147885775
1879811593,43.265727466420294
1439564002,43.20907228873432
1879171170,43.20771358208266
2095420657,43.18798133209764
2500650924,43.14056799514637
1932470910,43.134226100766256
2502415547,43.07664405316522
1433652795,43.0654918819126
1931629244,43.06144057289234
1930150582,43.058584630009044
1433290767,43.053607051719844
1434205013,43.0528347383224
1879135977,43.019406721307355
1433035470,42.99210241556925
1433117594,42.984716211372174
1434497893,42.97962579538764
1931021795,42.976262506655026
1439520770,42.97195594065709
1434526570,42.950585269839564
1930940591,42.91376278477082
1879221291,42.737161499920816
1432869167,42.7260246339904
1433087100,42.69879877001624
1434335341,42.668940902525485
1930947125,42.619841320510126
1433583394,42.599761760059536
2093042107,42.58563436057224
1433762481,42.54447770817128
1434288600,42.524734751418144
1433356432,42.50649618136169
2091211512,42.436675133459694
1432651591,42.34848988514838
1878582623,42.31324851031057
1933495833,42.28256549107449
1433255704,42.269559447565044
1434695170,42.156278138865225
1879146041,42.14418294681057
2095422983,42.11221345832665
1879869544,42.095216586619635
1432765150,42.08698840427673
1879192565,42.064680116635415
1879874592,42.01761814229536
2503238690,41.82110886977881
1932637814,41.820137174757214
1879127944,41.81666491652416
1432910457,41.77926351865045
2092008882,41.675055134842054
1434394605,41.654217954245425
2093962317,41.62940400596179
1934306130,41.573535184214535
1433510192,41.560713537220515
1433830517,41.537983965373996
1433846335,41.37030083141649
1434521743,41.35885690471395
1433489530,41.34289210208212
2092842021,41.34044402394537
1427622133,41.32091530307595
2499773623,41.312878715374296
1439501521,41.30987523707422
1879166025,41.3030958402989
1879810531,41.29223716032873
2092922593,41.249939089531985
1879247165,41.24781449389727
1433372185,41.24630461651454
1880478810,41.237096160016705
1434624975,41.167047346652716
1434483427,41.0470198742194
1879778344,41.009019519853595
1433045643,40.941755074121915
1434451581,40.94011324985857
1880459485,40.932492074061564
1434337702,40.88058638306951
2499718764,40.85224692197181
2094555047,40.84900253820183
1880495603,40.82748414890278
1427685475,40.802870236907935
2092922701,40.752956862452635
1931624743,40.75236604578207
2092843663,40.700140265723185
2092881510,40.66684501757127
1434293755,40.64217924968509
2092802273,40.594741998216996
1434670970,40.584871753737104
1879863907,40.55445492242129
1931015983,40.55239424073858
1931676937,40.529787135397
1439462707,40.52115479561184
1433971892,40.500317771881534
1932436162,40.45731613265824
1433318164,40.43714209635252
1880485711,40.41167931611623
1929303875,40.35510835486585
1879866267,40.34652426660643
2501017590,40.34491926717718
1932565493,40.265015077835564
1427825430,40.1918838778718
2500443985,40.18121034663619
1433212801,40.13704617054691
1930941135,40.0990180133465
1930986901,40.04812843829039
2092015760,40.014187194739165
2092020381,39.9701279059839
2095449293,39.93559238380948
1433738334,39.833427631612196
1930234462,39.6857652157683
1880464900,39.677467576948295
2500374671,39.64058038536556
1880497674,39.57968210258971
1930218083,39.534755505794884
1880489307,39.52565521897088
1432898205,39.517590575122924
1879864870,39.50312770946565
1932497395,39.46277938776138
1433266572,39.46065036247507
2092923457,39.396457008623734
1930243812,39.38592921932362
1879777144,39.372204506055326
1433958992,39.3249561274346
1439471085,39.31746898705954
1880506345,39.2448434889519
1879886572,39.22171632404241
1433982342,39.216062368147774
1433055292,39.18998473697725
2092917577,39.186259046394895
1879130915,39.17339697849734
2092805935,39.16185973775652
2502742093,39.1149420927902
1427763785,39.066967155483034
1930149375,38.99775011540407
1878573891,38.96205728167728
2093946072,38.938531139383606
2091979702,38.916344337087956
1879778684,38.89478489581013
1434605193,38.86802626882153
1879238465,38.7814774983699
1433070857,38.771426160488744
1880516117,38.76343121021919
2503784342,38.747993002067474
1879795123,38.71302134194324
1933581927,38.6702687833922
2500846440,38.654829304119176
2092893934,38.612703513723886
2095400005,38.607566091629344
1879779672,38.599214800150136
1933561810,38.5804718359537
2092947293,38.55250999864691
2091972922,38.548231633451294
1433387177,38.536018279622034
1433275452,38.46122934295423
1427764695,38.36318074987197
2093085452,38.34319643541915
1880533571,38.339128413240644
1930189870,38.32905802478258
1930185765,38.29988142752652
1932558083,38.26705504384728
2094616307,38.262382850015626
1879903644,38.255834462728735
1931622525,38.09853480018414
1434419580,38.07941341690528
1434301724,38.07249250098539
1933511237,38.06711170671153
1434619817,38.06164326114969
1879200581,37.95878360889033
1880493887,37.955672343179764
1879137537,37.954423007974064
1432875094,37.9460824156938
2092760703,37.870560859154615
1931626865,37.84820262307977
1933552790,37.753540407889666
1933585353,37.74542197888765
2503467064,37.68441477280363
2092043451,37.67311783973942
1932551005,37.66357580652607
2503675373,37.60958363477115
1432627977,37.54099789005628
1879152533,37.522206213984866
1427715021,37.46673294177087
1930950275,37.44049732782465
2092929857,37.405182361015605
1879901184,37.39275288000376
1879778060,37.32619105906584
1434029642,37.315572414728514
1439397993,37.23491850781841
1434724153,37.14862437048197
2499608320,37.12059824948865
1427733943,37.086949624976995
1432857914,37.084529839090024
1427882435,37.073727522816455
1879772351,37.04995200048179
1434563757,36.930582504420826
1930227151,36.92557789528936
1879202984,36.90175329947104
2500759072,36.887733053366475
1932512645,36.80586232992824
1434320201,36.8021603207722
2502062802,36.770827666375816
2094549997,36.70562745328611
2501620755,36.69017302819847
1879147302,36.66634994188916
1434019230,36.60016641643407
1879849525,36.58953679031815
2502744111,36.58692606105757
1427601244,36.58587131110635
1432776161,36.57700243449062
1433628257,36.57047332476853
1931024700,36.55775663576477
2094603981,36.55233847239782
2092885913,36.54702512521539
1931626621,36.49757114078245
2092037190,36.48745335904635
1434742473,36.45624501969214
2092885143,36.44401836140615
1933577105,36.37641789412408
1434514324,36.36999475625013
1879228947,36.36873879369845
1432760514,36.329810006275416
1432693372,36.320982510862585
1932461307,36.30509119573086
1433886074,36.2687769821953
1433155985,36.24545069375123
1434378705,36.15499752872498
1433262197,36.1275970028671
1433640483,36.07326413278525
1931006744,36.033533403529205
1433981645,36.01770821175939
1879819712,36.01664179737558
2091201693,35.99001622824283
1439458191,35.98776753192723
2503558894,35.95031921985737
1439542342,35.945044947525346
1433022504,35.943110077692396
1878588223,35.92661241286865
2092982291,35.92581339713214
1433681503,35.92473938476089
1879904224,35.91092689989141
2094618890,35.90406653006073
1433116653,35.90221968923863
1434465331,35.89338695184179
1433136073,35.87812582077671
2092835073,35.871333770139756
1433365913,35.85269060404296
1931658890,35.8232137326868
1934309293,35.81821834490619
1433114135,35.77399595722286
1879792741,35.76611029686555
1434422064,35.72587012314708
1427589977,35.70346229683541
1434551502,35.627195278993874
2500958670,35.597510759894845
2095416411,35.584950294218
1432703175,35.575154119287774
1930145462,35.55028435193583
2499255987,35.523310053295866
2502214953,35.49156201344069
2092926527,35.46070481006505
2091284582,35.41433034446192
1439423814,35.41405160603624
2499596257,35.391593224205
1880475094,35.39039971427519
1433872814,35.3431503644761
1434195145,35.31782279169387
1433649001,35.31226358372505
1427807683,35.30201915734044
1879136063,35.29399500984332
1427633167,35.29353108325958
1934315825,35.261768079447634
2095495454,35.230065004402476
1433537083,35.22594721529237
2092827491,35.21713267644211
1434364475,35.20937637545053
1434687935,35.20826143065738
1879199307,35.17513377653211
1932433465,35.166336502485535
1931647455,35.13986673775733
1879900432,35.1363602932806
1434197362,35.105590356943594
1427856044,35.095497238662446
1434115290,35.053627204270754
2093966733,35.01274892759747
1880458174,34.99163521158309
1433454290,34.96354898348005
1427877191,34.90110157786065
1433344383,34.85698974021458
1880514232,34.84602194429153
1878600597,34.83424795551874
2092078510,34.80171018149937
1434419602,34.788540687229414
1930181620,34.762898189174045
2091186372,34.754574262617766
1930949297,34.68524020939493
1879233294,34.65261656086043
1434160101,34.62887667474724
1879203167,34.62674161902901
1433318045,34.620988382681794
2499263467,34.572822922961876
2092042875,34.55210139147975
1432923947,34.546850436540446
1932452212,34.431767858325635
1434258320,34.407465122622725
2095452301,34.391659896288964
1433777772,34.37608937980952
1433635083,34.37184880826758
1433642632,34.311429584051105
1433529834,34.24357048431834
1932633150,34.239950037881115
2094607472,34.21973483346344
1439589664,34.17345246661834
2094673267,34.15227098804761
1879231097,34.06145231509908
2091238614,34.01859251322285
2503117574,34.012737030467854
2092793725,34.00527778761568
2091239271,34.00311109953311
1930930244,33.977962696711906
2500605093,33.95453762724541
1932614415,33.89311688105721
1879837012,33.825501130858875
1439426074,33.82061704935877
1932469323,33.769170376519334
2093971490,33.74658627551396
1427598480,33.7358583851711
1878580627,33.704516941918605
1427794842,33.615113520502845
2094675495,33.602672570435764
1434722114,33.57016492578476
1439539882,33.56055359872694
1879223171,33.53233268582167
1434165024,33.50601393549599
1433789132,33.49010282552089
1880547814,33.47778477072884
2502664942,33.476534008766215
1879132970,33.45367840535489
1930148015,33.44339596265027
1433553163,33.43504551861605
2092773250,33.43075293540976
1433360685,33.42661491944413
1432659420,33.41527863472183
2095463791,33.358819384526456
1434204134,33.328999040388304
1433657400,33.322013014289986
1433567930,33.31916483106658
1879156082,33.312964013614305
1432715825,33.28023868714117
2093057384,33.276855954083004
1439558562,33.26942791371973
2094699383,33.21372005222018
1434727094,33.20081248303443
1434016761,33.19435347962664
2093077187,33.18742256495437
1433127597,33.17740073830601
1439317363,33.17362943262359
2499657887,33.11897995807338
1434386092,33.08207082876357
1434003162,33.07889921213017
2092764807,33.005639788163144
1434346725,32.998717979839775
1879792035,32.971865032263864
1427652963,32.95942022898058
2091212702,32.94638244515969
2092063881,32.93206558543421
1434684397,32.91768128618017
1433209532,32.87208381448735
1931617397,32.864113967193234
1930985693,32.66957858997924
1931025653,32.642201772581565
2096205803,32.62376258449129
1878578622,32.60679697796014
2499586364,32.59954215262887
1932573863,32.563355251476736
1879194187,32.559048171523635
2499247473,32.54433504223054
1433182957,32.474216640320236
2093072735,32.43725830120781
1879193650,32.43284594423903
1879134747,32.42062335928369
2094579473,32.374806234294866
2092853285,32.36901053057208
1434692513,32.36469821148931
2093896374,32.30659203469106
1879854067,32.29010235194692
1879154000,32.24398563863414
1879166217,32.19900088417446
1434266192,32.190638238832925
1434009002,32.15122024858879
1434598652,32.14695306442822
1434427107,32.14545662633154
2502116051,32.04855329567603
1879883460,32.011144386146206
1439534550,31.984059759485106
1433285502,31.962247583839122
1879838672,31.960992611411037
1439573570,31.94350369709673
1433442590,31.940805722255718
2499475165,31.92144255768028
1878603271,31.89786507496257
2093922584,31.878218825935356
1434762314,31.846364439932405
1931673051,31.842331000080215
1931594822,31.82879443399873
1880493775,31.79717578007061
1427844971,31.789901153959107
1433406647,31.785330808985623
1434531724,31.782897009980058
1434498015,31.768459653160352
2092810204,31.764069072926063
1933553585,31.72476616537721
1439548877,31.675980110120044
1433533977,31.578849844676586
1433358522,31.56136537325193
2501881030,31.56051004817357
1433646900,31.534373169514218
1930240721,31.509969758179942
1433179100,31.502840953381376
2499783000,31.46932968798053
1879785390,31.45844057916043
1432941235,31.453330485328163
1433499435,31.4431114731324
1433507123,31.443066541291383
1433008470,31.44115615302321
2500514505,31.438261675874585
1439369701,31.195390852512965
1427731544,31.101209348179815
1879824747,31.074705999586712
1434700155,31.01574474464491
1880523550,30.99306051804347
1434723177,30.988850394222204
1879851630,30.973238473555003
1427668517,30.9052554480491
1434299874,30.89230420044965
1880477991,30.878786876660758
2092939625,30.84804021298394
1879811301,30.78511792821958
1931696122,30.77138373757813
1931671897,30.761765210925137
1433086265,30.713455478516906
1439497251,30.6823532648549
1930187985,30.678473011000445
1934323297,30.662081128179032
1934300683,30.6546676827445
1932521922,30.645433023539663
2091197467,30.56360786535583
1879862882,30.559436950320972
1879875302,30.551434558452357
1439404747,30.466791570330855
2503622612,30.46423285590404
1433638014,30.461509091128757
1879893504,30.43053449007573
1433051460,30.399461748607383
1879880930,30.3936939353922
1434373103,30.3612325569046
1433050905,30.299261749938488
1879833060,30.298400702369765
2093937587,30.268371551114896
1433487104,30.25915038130268
1932605322,30.249251147407545
2091258122,30.2298839650991
1878592160,30.137529001919088
1434452383,30.106577849299804
2092848943,30.030646913995856
1439621227,30.011768277552807
1434451731,30.00588231583528
2500245295,29.986273204182982
1427886984,29.97142361856071
1879883090,29.94694941186213
1879837801,29.93716410051659
1930233010,29.86165058340213
1933552995,29.84950006303642
1879811777,29.830665923025506
1878574661,29.819456763019346
2092880077,29.817451458628202
1427827025,29.786656820341936
1878598480,29.782543434602054
1433036224,29.745055706322496
1434613061,29.74470189827163
2501324422,29.67673023045922
2503903980,29.663804451101843
1433472471,29.6585224409855
1433287103,29.658101114527387
1931696994,29.655397084382955
2092858593,29.648751984123354
1933518872,29.628661357544793
2094636907,29.56595835355229
1433188740,29.53410705996141
1879786902,29.52216544461199
1433502061,29.490041165798775
1932596437,29.468397305585096
1427654820,29.407095308854544
2092951260,29.375861336987956
1439510575,29.367127089152348
1433153413,29.357604219303123
1433995350,29.314520785975972
1434694951,29.295443257348406
1439530780,29.26465354197319
1880453451,29.249924522368982
2503583472,29.241473644726696
1930235327,29.2122848003707
1434734343,29.16546040306284
2093861905,29.15827089843783
1433914252,29.15306276179129
1932627221,29.138530649514152
1932580627,29.120712510724452
1879176630,29.041828598503056
1433150711,28.94490220376318
1433961657,28.916135063790154
2503898797,28.831935689239124
1427753861,28.7468525246795
1434350942,28.645604605523822
2501519087,28.644655554182137
1930175691,28.617487655746842
1932623795,28.591059756232347
2503237427,28.58558535299141
2091245335,28.540315051480487
1433855447,28.529219027151157
1930929972,28.4713571887909
2501511785,28.45468063714594
1933600954,28.450760842924247
1879773475,28.447083989052494
1433033533,28.400530915633457
1434233155,28.374277051887944
1930247051,28.371459991711166
1433222831,28.34026666708111
1880490650,28.332191622912866
1434437727,28.294354688028513
1433182373,28.27519400467101
2502457091,28.274978234702925
2094599521,28.224212400863667
2091275437,28.214197236782528
1433303824,28.20469467614335
1434609220,28.149283132401898
1434261005,28.145088062312897
1880495091,28.14427304481641
1879835951,28.09647851890307
1434110137,28.087531976252976
2092785022,28.05769064148584
1878589740,27.997461671456758
1932459677,27.978231769274245
1434650911,27.896029686780786
2500887494,27.80623846989469
1427739495,27.803435972874887
2091258130,27.72862079840763
2093974751,27.69105023761861
1433063245,27.660722260667995
1433440645,27.48192231840359
2092841441,27.454415043698898
1432627840,27.452159029175565
2092844294,27.44114466856545
1427793024,27.437254454055424
1434602584,27.41421834866584
1432862417,27.391395263030287
1879127255,27.37626767102648
1433942433,27.375083370291144
2500694027,27.36401459915299
1427721785,27.15589745531013
1930204741,27.125315432041226
2502091393,27.118962330070094
2093959215,27.052635775471042
1879200853,26.956509359026217
2503811271,26.915195357543013
1933539015,26.866404068131697
1433402950,26.85102922136229
2091986991,26.834292816868974
1434612054,26.81151785106733
1879825804,26.72266611213244
2499504637,26.713657163888886
1434501485,26.623782051212068
1932546171,26.528094922318875
1434680412,26.514506424150436
2499612703,26.485703440409463
1433831743,26.33391871173741
1879882684,26.248779049444586
1433480703,26.22840180135432
1433950091,26.19991492756516
2503779085,26.147825225715945
1932494680,26.08938143937924
1433349305,26.031476618599232
2095396381,26.022518783011254
1930144527,25.976968397681695
1434629094,25.964967381079873
2500943220,25.77279663817486
2096204654,25.76613286263631
1932642635,25.763223916358225
2502913340,25.75723635683134
2502803060,25.659835077996384
1433086425,25.636109685345378
2093904952,25.615956647585623
2092975351,25.46126612029447
1933511847,25.440862985323054
2500128114,25.44072155283894
1427825320,25.429247840395224
1878585634,25.402878876466087
1433027452,25.40248116866226
2091219345,25.383866968089055
1880542203,25.343760491714004
2092764477,25.284805715095224
1879839424,25.263925672051666
1434371813,25.256890389635554
1433962217,25.255892290082485
1433644764,25.254132802656827
1880529093,25.24253144473253
2092840940,25.095685089786127
1427781257,25.08779806728978
1932477845,25.081787699576278
1931655382,25.060916141733163
1433300844,24.9990464907844
1930230667,24.997381974459454
1433417000,24.976983468014776
1434257055,24.948826542216796
2503886211,24.933835253685853
1439364292,24.93067676504936
1932525067,24.928195103887486
1433688270,24.90460097018811
1433103593,24.85923591483689
2502402680,24.82197964183292
1932619445,24.776189369698976
1432648212,24.77150306444284
1433087902,24.71680581237537
1933580971,24.657394890939962
1930249613,24.628959173402674
1931026004,24.58934175630186
1934302773,24.54140098980612
2091979743,24.494107009090968
1932460691,24.453509689050634
1434159320,24.435904733760307
2092881184,24.420221746213056
2092850682,24.358183513497874
1432889673,24.302363664405725
1879873750,24.293779245377774
1427704773,24.288458361211905
2091992141,24.260060582478932
1880456560,24.233797486335515
1427710465,24.15556760587867
1930177944,24.039523850158517
1434093142,24.03869043657211
1427764885,24.027786652264517
2500245155,24.000656182888395
2092915017,23.8731116346988
2092769707,23.867457396677004
2095452030,23.820807659513253
1930942152,23.79719778543657
2501783861,23.786161841103635
1433002360,23.71917983734853
1434444892,23.656480698849567
2092769813,23.62017776807047
1880498913,23.46051451234017
1427764763,23.453452751908266
2502886265,23.386906359471666
2500473457,23.30678355382847
1931006864,23.276333516592125
1933587957,23.232006557443864
2501633981,23.19636346728443
1433765237,23.179630791981754
1433655842,23.161706295697194
1434513602,23.161471507521803
2093008442,23.111005886373025
1880481584,23.090528935380902
1427631271,23.079166976187118
1427749604,22.99868780663503
2095380191,22.95263672989545
1932455451,22.877573480315277
2093863851,22.87145760148189
1879807083,22.755207583388696
2499545522,22.74326217284089
1930152042,22.727533088425833
1434459051,22.712498154177332
1427683692,22.626067350093095
1878581055,22.59146574283015
1439369572,22.59046563267052
1434567067,22.543333053302142
2499526114,22.47736977178564
2500306681,22.4577079379308
1433205471,22.45628312631331
1434667501,22.323371268980527
1879225615,22.295578487688566
2093060952,22.29230071798236
1879774433,22.25074130687092
2095391200,22.240593007616976
1434636581,22.203420608172866
1434256930,22.17774071467824
2092005474,22.118220428963653
2501958674,22.075179046119015
1434760990,22.064090774306976
1930983260,21.98671642026808
2095390855,21.96557814088244
1427727480,21.92081480043151
1931637655,21.9057129868413
1931619017,21.866782535428037
1433912694,21.857533374113473
1931007435,21.84219069761696
2092978174,21.841321314665095
1434215890,21.82017451668794
1880531947,21.787600200961922
1879249461,21.78521990372947
1439360804,21.75852426827493
1931001827,21.750349700981523
1434419771,21.66215444130381
2500956394,21.4948840133633
1879808285,21.45661715165476
1433680664,21.342513728444562
2502816970,21.338493427260083
1930198433,21.16755243229356
1433672402,21.106602548480634
1433048350,21.082693186233772
1931632687,21.02124909436289
2503457482,20.980906997798034
1933574590,20.977404765921012
1433740551,20.972922606418646
1879897894,20.97172016571847
1432669251,20.871456637373775
1879878294,20.84523114740952
1930978365,20.835142493796134
1879792804,20.78351807470166
1439459363,20.757719323385572
2093886055,20.72874893781621
2096255647,20.725672999864695
2091959265,20.68131831526885
1932516144,20.6488161688767
2093040277,20.63781479078435
1932596071,20.616033774520737
1432631611,20.52928007417162
2092844531,20.481301687504853
1434152683,20.42757998657549
1930939970,20.42280465934022
1434174565,20.39249857502088
2503470310,20.278525398045904
1878580163,20.203754093736546
1879789762,20.178081354128512
2095402962,20.050962580411017
2094636725,20.0351278500053
1930153461,20.015938180597942
2499851572,19.847741611735323
2499885020,19.778835268590992
2093860541,19.68179945000067
1879147973,19.660961081711758
2502149597,19.610132886548346
1433144204,19.60760464404171
1433821847,19.591542994831254
2500682831,19.520695900861433
1433508693,19.508405162114332
2501195984,19.504756562563525
1932534517,19.50012647349031
2096190774,19.49033543052057
2499754113,19.33483875053532
1434676802,19.278858908455174
1933496395,19.26313639618273
2095403717,19.240245878129482
1433471202,19.167712362862172
1934301372,19.127193080052376
1932587267,19.111525216681446
1930159575,19.110305216758185
2094627935,19.0012745469884
2502422823,18.875525907121123
2501835982,18.851892067519362
1931598421,18.762133147870994
1930949574,18.754410395360733
1879783257,18.605771691185897
1879774634,18.574760271585838
1879831652,18.546595144582298
2092023721,18.5138414621663
2502505194,18.48853019439796
1879218177,18.48238946880625
1434381404,18.365545891427637
1433139807,18.364383980394
1930167294,18.34235030135254
1931020000,18.325907981685184
1439337172,18.31903850427401
1932652390,18.280229025231375
1930984042,18.19963485861754
2500799591,18.15335738441554
1930949034,18.152782755573202
1879223201,18.11104102635685
2502620407,18.079203083237104
2501674540,18.026013231374666
2094662132,17.976116852322317
1433566070,17.888846723235936
2502728503,17.86844270194009
1879910195,17.86416195961423
2092942635,17.855898890042035
1879140447,17.83112957985716
2092917182,17.66003786403613
1433582734,17.581377210877573
2091236677,17.541483661148796
1879794247,17.52326696807385
1934301022,17.47969895984461
2502041924,17.479594936611637
2499845773,17.44088736653966
1427846302,17.415206692876147
1934316980,17.40869313416443
1439339567,17.374864934200712
1930183645,17.2727358351567
1427860251,17.220150834964794
1434139633,17.121314997838862
2501517245,17.004178461774565
1879834327,16.89977253497303
2503806417,16.870598147126145
1933581934,16.86724166985523
1432681090,16.79849299479219
2499753134,16.763024618364827
1434706431,16.71279904157192
2503221055,16.643569413379126
2092090004,16.61839204518495
1432917292,16.540331243602154
1427877877,16.509554906947113
1433795281,16.49733722886822
2500334647,16.481787015387283
1433553182,16.46409801693759
2092037512,16.431544112704955
2092937872,16.41858174988638
1432670765,16.237960136030754
1879812715,16.21419469631514
1933597771,16.129268769035562
1930162204,16.122658992150445
2091220405,16.051473156714007
1433389131,16.038035981143096
1879826633,16.024971507805024
2092789777,15.960002959076142
2503580077,15.938457553978644
1879173663,15.929768595419073
2092091944,15.904367552181613
1932595365,15.890696633789636
1433496763,15.787499089147934
2094590024,15.707330943067953
1433973177,15.686173741538356
1879197591,15.677006805350063
1931673893,15.622021774397876
2501625547,15.557638372733042
1427627952,15.53710535888734
1931000225,15.525648588198615
1931003157,15.358902940312541
2091998693,15.295266029886653
1932640903,15.216696273734069
1880469415,15.077646786674128
1931593524,15.023399496383318
2095426313,14.992173106880522
1932488864,14.975665727316233
2499669922,14.958787816168142
2095392941,14.901565363797856
1439435961,14.892586900267613
2501207662,14.836015318861717
2503900537,14.825738216328935
2503747125,14.691182489737503
2501734700,14.59447902556722
1427635110,14.59198642711404
1427833624,14.572411985099626
1931593835,14.543470261259753
2092870637,14.52366158757942
1433166203,14.521582521732071
2095466893,14.488456245305148
1879136522,14.479041677070876
1879835922,14.474881785911814
2500736757,14.474518004242327
2093889821,14.41451314802579
1427843737,14.350811214198629
2091194375,14.340584481281281
1878589707,14.259156991672343
2092879140,14.180314909735829
1933583520,14.168158784653208
2499678684,14.16395226601693
1880483524,14.111474730199829
1434594472,14.099111609106135
1880530042,13.952881605746848
2096188802,13.851644558915433
2092968710,13.709706432915736
1879894472,13.706440328238441
1433462462,13.699925907696464
1879845774,13.690299919739816
1434014573,13.659937138907175
1879165595,13.653591600262148
2503560303,13.584282117556432
1880471054,13.431267975774375
1930179205,13.412807923816905
1880493903,13.393847916574773
2501621927,13.364847078839047
1879126180,13.283663859322196
2095379683,13.272041557861028
1879865537,13.218185476162837
1879191967,13.156941933152245
2092833523,12.9681829181942
1433999762,12.928032204276683
2499275172,12.922819519761063
2093012983,12.904006201637268
1879844420,12.898827168502324
1880533001,12.85340963359739
1439464803,12.715850075884559
2503593514,12.684148298397607
2093964404,12.675495703280808
2503665815,12.516872995341394
2502623215,12.40325004651487
2092013854,12.397599710811216
2092826104,12.205865213698763
2501916985,12.076688669256637
2093932767,12.0697729498012
2501357973,12.034603281423225
1434492385,11.943054418361017
2499262997,11.886841492299235
1879144275,11.84383879225924
1433211285,11.842939072578066
1879138491,11.69238247127351
2096228203,11.571813906732993
1932635941,11.50049430000138
2092944792,11.440547908016786
2500934104,11.398045889341866
2502123412,11.37987550412915
1930187510,11.356331052137866
1433579780,11.34998257265033
1433012600,11.330695096659419
2092969551,11.269302270241154
2500241993,11.235082416086119
2092075372,11.21430928114206
2499639740,11.190543529240648
2500451855,11.088881199059296
1432745315,11.04956503231323
1432669377,11.030566622519503
2092082904,11.006252534512043
1434092364,11.000414515234187
2499229470,10.987637605443888
2096239854,10.976218600865014
1931600752,10.87330758504334
1439647563,10.757294242896663
1880526554,10.717727291661703
2092845305,10.637575305697059
1933495383,10.572772292937445
2092091991,10.486880817926737
2502610987,10.369479736188655
1433408435,10.314069580356742
2502930392,10.298473245803928
2094554303,10.283673774206763
2502701871,10.195903101342465
1433080745,10.14003315798862
2096253264,9.871722234246159
2501489740,9.852747069758578
1879799667,9.691146575785057
2092818977,9.534424594841619
2092806310,9.495804420958269
2501860217,9.485829471043564
2501780563,9.449076825951565
2501600630,9.404603194325272
1433305140,9.39563911204093
2092024830,9.378393530804212
2091995304,9.36229912107956
1433247434,9.325508455505968
2093070951,9.198769990778654
1879238233,8.862793452745509
2501855275,8.831385708363072
1930165604,8.766038043105638
2091950935,8.717360200006024
2095399965,8.663769225085066
2501497311,8.630538348896598
1879900895,8.62679187217006
1931028632,8.57932013145879
2502869134,8.332444340708507
2500952314,8.302807536773795
2093930331,8.281372164770401
2092928542,8.264752387607903
2093021794,8.256104683436842
2499374314,8.251271260932205
2092897105,8.250808615201015
2501553183,8.239006376405888
2502497955,8.135141728170419
1879125957,8.019253371125528
1930996945,8.010421816350284
2499703897,7.861960051430903
2092891304,7.626563133200621
2092974352,7.622307470783475
1879831393,7.609059003602084
1433849561,7.6078642725582135
2502991524,7.55395583681778
2092992887,7.539399271242757
2092871904,7.459415117686158
1932525815,7.381281739945679
1880427241,7.264099585311918
1433428505,7.208010268195849
1879130154,7.190233794724707
1879775220,7.173050406069191
2500487533,7.169958029844748
1879809257,7.0576544770648715
1432682655,7.0046678946771985
1434383267,6.997565751723024
2503262895,6.82169607498619
2500223840,6.816648636231571
2501251910,6.736180602250371
2502339380,6.716862301415161
1930963992,6.238282855012381
1439433251,6.102570543018844
2094564717,6.080337886272349
2092937727,6.0558513782669126
2501472264,5.988143634379696
2095363443,5.8796939335898895
1879782977,5.794594610812682
1433133064,5.773155970289511
2092015310,5.765528054855732
2499282852,5.725615078901987
2503619391,5.528063544225814
1433669240,5.405268040053823
1930951112,5.399840439862486
2499325834,5.285036568433719
1879805851,5.076881139434204
1439410773,5.011303592082676
1933567327,4.851535695076509
2093942545,4.799605496401046
2502024280,4.785620202195757
2502136912,4.703009589924857
1932516241,4.672515230083466
2095378383,4.527105277386058
1879248323,4.398448511835136
2096191031,4.369818463201333
1439543862,4.267197469176667
1434125727,4.185513488079654
1879826624,4.166073523710623
2501523005,4.13713298752154
1880461271,4.123628124847767
1931605047,4.023870614233473
1434014663,4.00589673460836
2094596284,3.9689627943174326
2096203500,3.9561750559830715
1879179283,3.7799494248391605
1433569557,3.771616562256799
2092844674,3.6353624439165286
2500933944,3.6346934335510928
2501842837,3.6174690009713295
1427648915,3.523766355297417
2094561684,3.4788814575556404
2503363640,3.3642252362016345
2500915872,3.305865340500755
1434134645,3.188727572092358
2093012963,3.148755890600942
1434210211,3.116673004959573
2093051244,3.07028550772833
2501294722,2.906138725353857
2093088695,2.811709343577299
2091276900,2.7350702921456307
1930961211,2.7268534367165898
2499553210,2.712036902234555
2503135672,2.664950581197405
2502304037,2.5972546809527355
2093077203,2.530599203482774
2092878961,2.345986855099012
1427874617,2.3054569854257285
2091973640,2.149540735515047
2092965600,2.119975772340563
2096214577,2.11991793967331
1433622504,2.0753745414176605
1433166775,2.0436710366071624
1439541671,2.031230933147966
1930141602,2.02985258984914
1432764915,1.9669041968416732
1930157224,1.9560484865350898
2500672331,1.9314216916458808
2503853552,1.8109098362468283
2500988907,1.8045821942196338
1932518997,1.7369703975286177
2503088435,1.709354020159797
1880469721,1.6836748421477323
2499538263,1.5898971845150953
2092043054,1.562101336004449
2502641794,1.500248936901169
2092890450,1.469128195174493
2500280402,1.3903641734758663
2092015890,1.3533712491878696
1932640544,1.2973932564722839
2500532662,1.279022052349157
1931588713,1.2568776585894044
1879825677,1.2444219225201378
1427624332,1.2107612575930935
2499224092,1.0914814853313883
2095445444,1.084616306877566
1433147017,1.0772723943672127
2500217044,1.0484057786615715
2503907305,0.9708623483283556
1434069935,0.9665069487358313
2499437350,0.9518947062935492
1930243914,0.9233794271228669
1933560115,0.8711594971844686
1879905811,0.7825038727476199
2502951552,0.710986522385079
2095421932,0.6818487622641237
1879149400,0.5966286829818046
1879818481,0.5507361861468637
2092842951,0.5485153797280193
2091189990,0.529023475497756
2501525920,0.5107505629234523
2501550985,0.4386770473717988
2093080813,0.4334261002235635
2501875722,0.42105229975200253
1439397575,0.40890750334072257
1932629640,0.36674056001492894
2503221244,0.366414087766474
1932637635,0.36349462691534695
1879908695,0.34377739069521573
2093077621,0.33349690940071663
1433652352,0.32699426700784195
2503536890,0.32322912197220205
2502949832,0.31874031826624094
2502594271,0.318726650010009
1878592651,0.3185547115892128
2093069085,0.3154489533503739
1439334465,0.3096594856518567
1433575931,0.3055280568959298
2093082187,0.30525202740795976
2092953250,0.2803334945583304
1878579784,0.2757596322786945
2503113721,0.2749962527397371
2501876201,0.26361184751450023
2092976763,0.2632784148715524
1933589672,0.2622705389280967
2499709700,0.26155154919033985
2093058715,0.2515460316083639
1932484777,0.24542770347689838
2499284581,0.24202125030202526
2502350611,0.2381654352189774
2502781277,0.2353446852504362
1879242762,0.2345388424159569
1879863017,0.23182842280251406
2093904494,0.218630285407171
1930228604,0.19958309249849837
1933526775,0.19272758549113994
