user count in community:328
Topic id:9,Representation:0.25474409091288125
userid,score
2500702935,0.278188505369571
1931023450,0.26784284084214954
1433121964,0.2518822117103227
1878582923,0.22775499190524856
1933550393,0.22221904107721163
1930156655,0.20669444297308517
1434160330,0.20592570119215614
2499886517,0.20045072570314457
1932585507,0.19604325112854723
1932448480,0.19489215060449613
2500202173,0.1946526164097046
2503326951,0.18534496109897078
2503038084,0.1798840146870701
2095365674,0.17710868445149183
1930930335,0.17455411579029956
2092819681,0.16807320258766337
2501643941,0.16238772719030375
1879865277,0.16118950058147097
2502961292,0.16005505714551252
1433187183,0.15875996570213743
2094628125,0.15543911707798208
2500608922,0.14825972204753174
1880513392,0.14622275616133895
2502068343,0.1386570969638606
2096270713,0.13773842628480243
2499366054,0.1252602974823842
2502383232,0.12314564707109356
1930942051,0.12227087901080622
2095468132,0.11824990957494487
1930192881,0.11776424030347635
1931617953,0.11647953950016572
1930969701,0.11598501712700147
2499273574,0.11474464439825902
2499257642,0.11380847952668252
1879137877,0.11367890466700585
2499636982,0.11361960866606177
2502150940,0.11333159951861932
2094624744,0.11185315256174785
1931589695,0.11171311333136096
2093930480,0.11138465768190811
2501423727,0.1113375693690361
2501848772,0.11023727901785602
2502116391,0.110054466862363
2503361553,0.1097206169058734
2502484114,0.10948521648429678
1434587547,0.10910999175215966
1930182193,0.1081474348646545
2092902691,0.10790022701309969
1879141267,0.10764734625409529
2501625731,0.1069258788255019
2499385204,0.10618189875316102
2091962437,0.10571956827963494
1934295433,0.10530800350516271
2500370072,0.1045942057316722
1433804711,0.10411530680045965
2502154014,0.1037931913066095
2500125562,0.1036544921645517
1930146545,0.10325690265934415
1434634947,0.1032363546348725
2502609604,0.10201476008511244
1933519420,0.1010192084654529
2503168190,0.10095163708855298
1433294104,0.10092957296548354
2092820072,0.10068937188558227
2502584224,0.09958806188729065
2503819272,0.09944144961647791
2091963713,0.09842625864103845
1879788995,0.09837844003116743
2499763604,0.09662706896695493
2502445865,0.09641791946702649
2499256983,0.09610263439997012
1879194297,0.09599094380027953
2500241810,0.09587947075444465
2095398862,0.09493371397958224
2502208162,0.09491901471753908
2502484850,0.09387121673260333
1879234541,0.09374697749253004
2499406734,0.0935794619679972
2501409341,0.0934327856953201
1929303241,0.09343278569532007
2500735704,0.09318225367401542
1879199300,0.09315673652369731
2092857225,0.09314124396814709
2502932734,0.0931133573681566
1878586892,0.09301709129695665
1931690022,0.09223492946845704
1930195061,0.092234929468457
2499623642,0.09174691396862386
2501233962,0.09135650156875742
1931018942,0.09123101186880035
1880543673,0.09057567676902446
2093024797,0.0905227394944663
2501062180,0.09008993110872546
2502374653,0.08939295685178188
1929304783,0.08925454909447625
2502839362,0.08886952387869883
2500642921,0.0885362856802482
2502344812,0.0883918074072713
2093889411,0.08820133196983644
2094636912,0.08784278996995912
1880465640,0.08781435223162484
2499245363,0.08750054533371247
2502367794,0.08645579854938076
1931008895,0.08612878431200867
1879213657,0.08596044447060278
1427801217,0.08582672593786164
2499248263,0.08575129497067431
2503283747,0.08445236649743432
1929313851,0.08417067334006731
1931639887,0.08352770555038212
1930179660,0.08313692622156839
2501214202,0.082962634971628
1930247330,0.08245887703631638
2501834312,0.0823119476385172
1879856931,0.08230487495011382
1931623927,0.08009195556084503
2502976484,0.0796859594727486
2093010572,0.07954652647279624
2091949285,0.07919576533229121
2503105092,0.07889583913968544
1433281792,0.07889276985981226
2091271790,0.07876406586691859
2499367001,0.07861929702311332
1879246662,0.07839969004818843
2500196971,0.07803708318261476
1931696954,0.07794501081841437
1879195423,0.07755263457347814
2091253811,0.076943777140353
1879794645,0.07661843347379761
2501743942,0.07660708427612709
2499568820,0.07623499272392875
2499511232,0.0761304179739645
2502282900,0.07605336289504348
2501060657,0.07589925273720147
1432895617,0.07580507430740908
1931026823,0.07569981606234706
2093056013,0.0751770853696394
2092083520,0.0751411973661947
2501334994,0.075105585424315
1934294445,0.07423867922995808
2092085424,0.07350374631309808
1879826574,0.07290951567506601
2093089440,0.07275184912896608
2499233225,0.0727338300951261
1879891652,0.07236572697525198
1880514172,0.07125026297563343
2499487050,0.07119889292301942
2501742310,0.0711705869756607
1434434673,0.07096513032404556
2501840167,0.07094994574496691
1933536007,0.07085985057576696
1931659025,0.07061208886046706
1931645613,0.0705325931229377
2499597587,0.06948758012548999
2501417192,0.06946087280957873
2503491790,0.06924078738808537
1931685142,0.06922011849632777
2502035333,0.06917619710134276
2502261835,0.06892280443796786
2501951010,0.06847232859196807
1931646097,0.06796257960833674
1932529823,0.06791747419628545
2092051533,0.06779661482296839
2092877171,0.06765763823218121
2503549912,0.06741934130194357
1879901180,0.06682326522714743
2094604660,0.06681375843169614
2502448472,0.06646000556937692
2501609115,0.06593913325017707
2092760521,0.0657886427009055
2093878710,0.06567780691939963
2502018237,0.06468423625060621
2092809433,0.0645306649394699
1879856732,0.06434995079194675
2501495104,0.06414181078938522
1930957921,0.06402387961272014
2501678964,0.06368602272822031
1433033357,0.06364120497823564
2094677051,0.06313700529090807
2500344960,0.06286787909614716
2499276040,0.06255012458205707
2499301005,0.06228852379688005
2502789243,0.061489952978971335
1931666125,0.06132102453672142
2096246144,0.06110241125851565
1879149994,0.060987994179143
2092006852,0.060212239670317386
2503245374,0.06017231112942196
2503409892,0.06015321487073283
2092016803,0.05953789097963892
1434238083,0.059381726019692334
2502206924,0.05907427625479746
2095390805,0.059040814182221915
1433320585,0.059007439349385536
1433678592,0.05821737845067875
1434304963,0.05785507891124887
2499706644,0.05764683091778563
1931001532,0.057044896137117974
1879777241,0.05698519451897344
1932580917,0.05660979798064029
1931650313,0.0562422018898569
2502212964,0.055806007745621056
2501315301,0.05570518388338869
1932604581,0.054952815120741835
1879823955,0.05481390094125445
2502957240,0.054657735981307846
2501452932,0.05442433726399638
2096199184,0.054282339442974704
2095408541,0.053565005622985905
2094690595,0.052888679794412856
2502270430,0.05270567398197544
1930198115,0.05270567398197542
2499672211,0.0525885502620155
2499205004,0.05249142327473165
2499630991,0.05235430282209561
1880517155,0.052230848090245925
2501179192,0.05223084809024592
2500235942,0.052132786221301776
2503376934,0.05188853174969676
2095364637,0.05156697114903151
2094578173,0.050856352087871017
2092756445,0.050839014695113816
1879903732,0.050446859382747934
2501330450,0.05025424728513937
1433471714,0.04989470470293674
2092954041,0.04987203559584772
2502013235,0.04977758098297679
2503891514,0.049390851718958115
2092782931,0.04934697907135936
2499760704,0.04905936949265639
2501702960,0.0485044970703687
2093035280,0.0481948280105451
1878583253,0.04768608598369206
2501365061,0.04664033848404969
1433267413,0.046594871201456535
2096270973,0.04652082448409054
2091284584,0.04572329836897868
2502353354,0.04547106646073655
2503276922,0.04542114993568617
2502247592,0.04534587266016806
1879768950,0.0441256805430492
2501995297,0.04406307690428591
2502098144,0.04344225249423429
1879773915,0.043245681215979846
2092852711,0.043245681215979825
2091229994,0.04322789927469039
2501868970,0.043020443292979944
2502954552,0.04271570963245067
2502045177,0.04252389605363928
2093906944,0.04146996828814346
2094562654,0.041450816517074426
2503101400,0.0412414454604723
2091184385,0.040846897336030946
2503262324,0.040846897336030946
2095459650,0.04047657969203996
2500271721,0.03865082758678199
1879151613,0.03846089723009018
1880534100,0.03843122061185708
2092076237,0.03783997106398237
2093085227,0.037333185737232585
2499658284,0.037333185737232585
1879843694,0.03702740387341312
1879897133,0.036771400452541
1930161347,0.03653461491932388
2499229015,0.03622159487650163
1879895110,0.03608676777144264
1933503461,0.035779868109715035
1933506255,0.03558759183398341
2092893471,0.0353462654879121
2503257202,0.03491187806498373
2500230182,0.03476331688172847
1931664345,0.03467478551445753
1879132110,0.033869281905942974
2091194817,0.033056628857116174
2095403957,0.0330167727818122
2095336313,0.03270742179732517
1930158277,0.03250183228888486
2499255871,0.03227711817500821
1931595517,0.0321376060865704
2503607053,0.0315333092199853
2094632575,0.03138772861121709
1879246941,0.031184190439335464
2093000111,0.031082833373985503
2500674190,0.031013882989393712
1879885040,0.0306229726145274
2500532595,0.0305358269895572
2502045415,0.030496364819759373
2502014644,0.0303456910805313
2091974890,0.03033062370660851
1932571975,0.030326677489628723
2092816452,0.03030053380213766
2502109890,0.030090828053539166
2502735804,0.0297115319016038
2503075752,0.029339491849966336
1434397371,0.029019493115075762
2503883795,0.0289881206900865
1931638677,0.028804263687823784
2501775670,0.028548906740236694
2500253040,0.02815474037498688
2502196083,0.027725380584268326
2501655165,0.02682766288271722
2499313213,0.026352836990987713
1932572455,0.026223656417502482
1930195414,0.026127599067987825
2499806932,0.025873694500242485
1930977571,0.025873694500242482
2502164570,0.025486781315227552
1930983777,0.025474409091288133
2094559110,0.02539455200949725
2501601321,0.025376805991321506
2503127092,0.025097939991416865
2501547482,0.024296941906584414
1880489702,0.023893238871828874
2092016511,0.023885342890707966
2093889797,0.023717553291888946
1879890800,0.02230744534763434
1934320773,0.021667888192589912
2091198542,0.02069185719292369
2503785175,0.020001127562390673
1879883780,0.018823454993562652
1933585575,0.01796784340294616
2502467922,0.017368915289514623
1930220275,0.01729404927533569
2503167024,0.016858717266961844
1930927103,0.01633875893441239
2500339397,0.015781924977653666
2502285065,0.014457459182555761
1432689460,0.014431315495064703
