user count in community:1395
Topic id:5,Representation:0.5697902818036025
userid,score
2501950561,46.500025054567
2500117303,44.29342633803923
2502453835,43.67601419261893
2502656582,42.40704593639108
2500612951,40.47862666706287
2092000993,39.371805899344444
2096244485,39.30872722476221
2096236307,38.93291513656517
2503210297,38.57025879686571
2501179443,38.37973136845969
2500289660,37.94847035339962
2502746283,37.34133729025333
2501669253,36.88503033823647
2092848075,35.58132913978012
2499476163,35.31716673351921
2502047610,34.97022035849897
2092080263,34.935709472591604
2499218462,34.64917185578166
2501953781,34.60914586777707
1930140941,34.51756914447751
2092766250,34.24800550225989
2499488215,33.79002187083963
2091982001,33.74776643113909
2093007033,33.44458963958869
2503605217,33.28727299195614
2096187871,33.19328319698942
1880521735,33.19175459789547
2499540550,33.054062106037776
1930978814,32.75634785126601
2500127067,32.61009296225076
2502951294,32.18688877974622
2503056460,32.17991965976778
1427862181,32.132434811681385
2502927371,32.092601099257266
2093860037,32.082971949307186
2503456083,32.06534634972339
2499486102,31.960944953014778
2503841962,31.953762234823436
2503819547,31.950948113249105
1930174345,31.87230726376059
2092907515,31.68720976266878
1879159893,31.495447843807288
2501491620,31.472367549531064
2092914461,31.40132160974651
2502332847,31.386569377789083
1879771370,31.166212836733227
1879189223,31.041790408132623
1879911894,30.964924465907604
2092908945,30.72663927560664
1931615354,30.597099563182734
2503185300,30.451268969354075
1879856344,30.410526541054697
2502502294,30.32041585842839
1880495271,30.232518275591676
2499590433,29.84350785881548
2500162972,29.827255414462577
1879148511,29.468724484806668
1879777331,29.464347573813956
1930207641,29.433950475393523
1880502731,29.297358536344703
2501947111,29.119729421398155
1931641727,29.03261204008215
1931658225,28.874512138236096
2503130940,28.817644925078437
1931604093,28.699736839076657
1433546934,28.690441031691364
2093050194,28.52695891827344
1879899837,28.47547322142739
2499458864,28.46203200073812
1879796033,28.403656810517134
1434162980,28.3000097985877
2503414640,28.27934174839013
1879169997,27.990773328222
1879794900,27.95552190279017
1878584127,27.88674017859361
1930183113,27.851588515842266
2499716555,27.76661255901407
1879194432,27.744479156131064
1879840542,27.68703669574815
1930943243,27.62228114389416
1932611027,27.578727989643642
1879803475,27.54772809489309
1933518550,27.500300048737614
2503779154,27.48981333204879
2502469740,27.361120638156873
1879225737,27.35962509208067
2499600715,27.295408539817164
1433636373,27.236629766223285
2500527117,27.180946996901497
1931691327,27.130353523434447
2500243340,27.119396259942974
1933516751,27.075199135925384
2502073357,27.053855584718537
2499701364,27.024518303115244
1432640924,26.9302862305204
1879855071,26.91627090210335
2095384362,26.893717060241134
2092967043,26.82678057873215
2094604510,26.82252599876915
1930164693,26.783836618755693
1433830194,26.72352444841705
1930233401,26.71523483423259
1880504634,26.66012224621232
1879843533,26.56380356688069
1880544120,26.508060885643353
1931673484,26.50018967185889
1930196863,26.487113767615973
1934314961,26.33165052800401
2095453897,26.30581403844909
1933555950,26.237785288367704
2499282211,26.15152091434927
2094656850,26.148969565272715
1878577095,26.113393863081928
2500809501,26.108287413114734
1879878010,25.977664398803473
2092031893,25.967972662918026
2091956291,25.951183369355714
2091216573,25.866518328419655
1880488485,25.794058083929485
1879803624,25.780172851668276
1880497114,25.7740432845112
2502775600,25.74642909537725
1931661997,25.72956793161668
1879840017,25.71176546734782
2501209115,25.674702527144024
1932606413,25.650238506102298
2501083502,25.549210761690947
1879902582,25.48703834870681
2499446312,25.441392484236367
1879793210,25.4400958898569
2091993037,25.334349397775664
1880541425,25.330882253307422
2501762335,25.318327139036754
1932448024,25.313484902219848
2503390892,25.298333986127407
1433141692,25.285531303016604
1930982635,25.279491754628616
1434491204,25.27551664196934
1880476520,25.254613839197358
2503473880,25.24917281666917
1880473641,25.220699623406926
1427672811,25.156544260421764
1931602815,25.15515325244894
1879838747,25.142657639922117
1933585211,25.128603657442532
1931640135,25.096461552489696
1933522340,25.093344945461983
2092860551,25.041159764872305
2093870940,24.985869529528326
1433503065,24.970815609320113
2502802372,24.96267722617708
2499529310,24.96149528247036
1930992041,24.929522413868327
2091201194,24.90136097657338
1879773570,24.866867678649513
2092089121,24.863855252854748
2502376575,24.857384150953045
2095383675,24.81029920029915
2091210382,24.792681464191592
2501287882,24.790760807424174
2500148685,24.769043410593127
2092777021,24.767476058352845
2095437317,24.740763910980988
1932548213,24.711405578980067
2501843601,24.70700878252744
1879854537,24.66124013502304
2501094995,24.559214709255738
2502545480,24.53273280571037
1433294943,24.525278162802284
1879816440,24.413034018575967
1930231971,24.408646975260982
1880483995,24.397148597015686
1879899142,24.359800420549902
1434278044,24.33715414038311
2502318014,24.281724239696672
1933543465,24.26909808396652
2501567841,24.220714527634215
2095349894,24.154344481409467
1879154971,24.153109574210472
1930249087,24.151125228362208
1880509377,24.116344598818987
1879831662,24.08374947904404
1930927003,24.08102222774798
2501465292,24.00225885306112
1879909085,23.976405236704778
2503539557,23.966749193206642
1879894710,23.88632877249748
1434558484,23.88625824912697
1932638224,23.87391861305938
2501780115,23.85005263169961
2503716041,23.807593690255192
1880454443,23.655685616099348
2094639653,23.650423609050343
2095382143,23.571549350414934
1879206022,23.545450698028066
1879903312,23.511748871640773
2499249480,23.499794975607884
2093088457,23.491741099144757
1879189555,23.464026096228455
1930177004,23.427859827235277
1932453615,23.398605182198576
2095377410,23.33565442170773
2096271871,23.254360405946755
1880441331,23.199376085365778
2092951443,23.19499499285977
1434532894,23.190033385436166
1427855105,23.18773830891687
1880481251,23.16771587792492
2499257222,23.162182210895057
2499631330,23.150885539770513
2502731733,23.149123733395044
2092958540,23.14630692191909
1879797051,23.10179716167984
1930984701,23.084876937830312
1933511405,23.037894734034868
2500851610,22.95191458130626
1434350237,22.95035389109003
2502235563,22.89771446858129
1930148935,22.866807150618857
2093074877,22.863693016816356
2092781801,22.842919839571508
1931592705,22.83724924259173
2501468972,22.82994067301203
2092861690,22.81902891824531
1880483660,22.81108182387464
1933541191,22.749341759006114
1878578191,22.701380352662472
2092938840,22.696322747690232
1879855724,22.677685790461943
1930228001,22.67747700826178
1433245247,22.645255587048542
1433385411,22.626037906975867
1931638127,22.619331232056474
1930994834,22.522836247560704
1879889052,22.514958837607693
2501728871,22.491312260258848
2502635747,22.477574443617602
2095410027,22.41886976005367
1932476351,22.40058984596414
1434595863,22.378045613456266
1930981352,22.35586661508537
1880529157,22.254831764902303
1879135213,22.24878367152563
1930945727,22.21848887502753
1930183927,22.215794450696578
1930239843,22.185195377691763
1930145571,22.161045994194357
1931617462,22.15742726602393
1434531197,22.12259264025731
2501854321,22.10169022103376
1427864260,22.09171441613881
1880490507,22.08920047050701
1439597407,22.08090043947938
1930212753,22.053537370716327
1879845685,22.045495253481448
1434138737,22.0000689528498
1432725934,21.973764635847022
2503261990,21.901888614852943
2503385734,21.891446717567376
1434495821,21.872622158711625
2091253535,21.872544663552926
1878603172,21.85617102106568
2091208623,21.855813998989507
2503675931,21.84530631544618
2503768020,21.777324022524823
2091957401,21.76997349187667
1880456647,21.72812361691781
2500848271,21.65640362739003
1933543885,21.61906488975327
1933516660,21.58119270113905
1931610907,21.561570974392964
1880507394,21.545054328270563
1433691375,21.532312122979246
1879894654,21.52595260697824
1932505485,21.505227511433766
2092836355,21.479133097691452
1932620974,21.47875085902643
1879886464,21.466293618830676
1880526357,21.447833183184876
2502371533,21.43031114746431
2092868741,21.428658726219936
2095393265,21.389260262050534
1880511241,21.374212282446383
2502082510,21.372085782917825
2091253857,21.338451294786985
1433658445,21.29415929570067
1880536880,21.289455722545494
2501810187,21.28546650828878
1879824454,21.283858002074343
2091961791,21.274734916086576
2093896111,21.267594005448835
1930215614,21.266803524633975
2500910092,21.241861682497042
2091262507,21.241139180781712
1879769624,21.224473836280318
1930197052,21.16830073688859
1879189547,21.15948021887414
1930226962,21.137843554437207
1933565513,21.10720507712941
1879811650,21.05938201849001
2502535787,21.034686520777186
1434596923,21.02895590494431
2092883075,21.026316905071354
1433452523,20.995183649517276
1930940712,20.97487289845671
1931607622,20.96986428167768
1933501687,20.912100138450754
2094605064,20.90807115098462
1879184040,20.882945564568587
1930216252,20.84896356572462
1933501874,20.829307519055256
2094582245,20.77309504990508
1879795681,20.731559946164086
1879894060,20.698979791850963
2091199193,20.647941599797157
1932519405,20.630465623061543
1434508174,20.608190974633416
1931688484,20.605668124320275
1433943210,20.594605282250292
2502105703,20.574797581924937
1879775944,20.55706698316782
1880483700,20.554971156667115
1433639300,20.540160160749913
2499212230,20.53558247494112
1880500567,20.53370379632692
1434474163,20.512632725637854
1879241701,20.506756844076754
2502599653,20.439004889082266
1880511843,20.403000057970658
1878587053,20.38255955848421
2499874662,20.379610618743406
1434542493,20.34995682790573
1930215635,20.342987311693584
1931588647,20.3370541734655
2500413904,20.33217224706384
1879812770,20.31663925044166
1434471061,20.301828189397103
1427722133,20.280628162653343
1879793953,20.22418245858737
2503516244,20.132598221788566
2096257452,20.10767298551485
1433168190,20.084718393992485
2499511530,20.046121919686282
2503916172,20.041818569528974
1433697001,20.037946553379108
1933494711,20.02737940975087
1879191701,20.02038677788931
1879815304,20.01346434020327
1878594043,19.99814242726245
2092815185,19.980306890638836
1931602441,19.952915145342846
1879232271,19.944749822958727
1879138273,19.933193353431612
1879870332,19.93206977853231
1879811890,19.922735216277623
1880511635,19.916079802605903
1879137674,19.845297959901128
2501369984,19.80654915903397
1878575471,19.75124303036556
1434641584,19.750873681069283
2095461623,19.71695566600981
1930976787,19.70612612018891
2095464937,19.699893123592734
2095346133,19.692036740898082
1879147434,19.678782525843204
2094632757,19.67211179413169
2501670285,19.655861239728413
2092836372,19.641404003481522
1879217103,19.619604874143338
1930219773,19.61230409184384
1880445213,19.58853141853683
1933511781,19.586037080687678
1878603625,19.565771843625132
2502267942,19.531240809683762
1879878254,19.48576137581841
1930241843,19.46065702227375
2092825207,19.374513770695195
2091204570,19.355998676987877
1879152944,19.347547697518504
1433646922,19.342532201666323
2091239712,19.32240765977418
1930183377,19.320694099630128
1434618582,19.3147626624123
1433385627,19.291650321155057
2094552514,19.26932922960283
2500327027,19.230006349764082
2499883642,19.210420734133574
1879890132,19.150821588818953
1930994542,19.129005857115743
2092917647,19.117790968593997
1878600987,19.079797188756956
2502729377,19.072024450777704
1879878690,19.05835113476307
1931001041,19.004879950414782
1931629201,19.001537714414226
1931026637,18.976684498084847
1879147780,18.96885260122195
1879183745,18.960963721346044
2091951267,18.947359795202335
2093867465,18.92400670607918
1930152335,18.913267926035072
2499241432,18.90906269893115
1932567225,18.884664902580614
2500203413,18.87461679188028
1879125695,18.83620705244041
2092842911,18.830006463921332
1880535341,18.806403604511562
2501749142,18.799557338047276
2093923470,18.798339672935658
2094676253,18.795132194195425
1878603877,18.794949379958847
2091948333,18.783628326574057
1433302311,18.77337791604769
1931006322,18.74592307815767
1433135800,18.73384901060596
1879823771,18.727708914404104
2501979142,18.720885633459734
1879856112,18.70778083883642
1879912241,18.678244048432262
1879841014,18.673266030979153
2095412565,18.658841226298158
1880478483,18.60389872806603
2501034280,18.588660538650792
2094568234,18.583910887334174
1932629414,18.575039237320915
2502858837,18.55078184522239
2500104713,18.530712064723783
2499230603,18.4571469010418
2502505582,18.45385522189059
1930196033,18.452565291276514
1933498845,18.45228476800781
1433601890,18.433297597730366
2502452763,18.393213662963007
2503233495,18.381551208058223
1930954471,18.360926396750475
2092763133,18.34853314254948
1931618645,18.302144415219193
1879223875,18.291567721181792
2091250091,18.25852213725988
1933540517,18.24020047798527
1434197324,18.23284284033793
1434744771,18.228587234959086
1427652811,18.19243618154097
1880508490,18.106244596775063
1930148371,18.08317862079984
2499823914,18.072071455401012
1879146547,18.019883677451634
2092984265,17.996215420537656
2094582137,17.98505803942739
1930954015,17.948208412159055
2503275000,17.94450978900589
1930164047,17.94249912618266
2092043787,17.88954111488677
2499670265,17.86175050900692
2092922035,17.84830731643062
1433032790,17.841869098623814
2094671381,17.68619827508706
2499595081,17.67887612877608
2092076503,17.67593681556062
1930970155,17.664146376946952
2502168854,17.587735791575643
1439502590,17.571134330010743
1879866563,17.54189239176238
1931028313,17.531400137072737
2095350585,17.4850187628865
1432702731,17.446130338889944
1930170022,17.430917728088623
1932648625,17.42781306181893
1427851377,17.354407797620038
2501015290,17.339811274460843
1932541354,17.31098785612887
1933593281,17.31098179645454
2500793294,17.30276079873096
2503655660,17.289475216700307
1879836837,17.269064055085636
1880527400,17.215884985133417
1930203011,17.21557049005812
2503619083,17.19527561526973
1879167552,17.1932229453616
1434130427,17.110328647593633
1930181673,17.103362927297507
1433059564,17.071984832224512
1932500973,17.058252758199686
1932623811,17.05417352501815
2499815750,16.991059220767536
2092064013,16.975760504316877
1930975947,16.96908739588099
2501894420,16.95438403961469
1879154335,16.923495492094506
1929315913,16.919086029203083
1434384562,16.915036465880924
1880461842,16.91503334220302
2091996213,16.889621736843342
1434206133,16.835700234789748
1879237145,16.8276233340848
1879847921,16.81864295920931
1878578405,16.814271967161595
2501665382,16.805720310088663
1880532087,16.805251060206945
1434618061,16.768890505973918
1879149213,16.727124232260472
2503892540,16.71346606369766
1930947453,16.708769153962965
2502421872,16.67270558021547
2094594650,16.648540080876757
1434117060,16.645798142065793
2502265414,16.63649679568775
1432836790,16.613182201463083
2091230723,16.61278548105948
1879896024,16.43456497949292
1878598725,16.430884103301427
2092894141,16.364996500919442
2501244310,16.343685400170465
2095352751,16.315229623780066
1931664044,16.31038800224938
1932499622,16.301049319128698
2502498080,16.27734076201242
1880436792,16.213801152809296
1434101331,16.15759498657945
2091269851,16.147089953843885
1432645403,16.133998768501616
1879161280,16.133654750282137
2502501430,16.042404693988242
1880433130,16.013917787127863
1932440190,16.009193516911786
1934297260,16.00354731170612
1931622151,15.993555757649883
2093931387,15.983725852604987
2503427920,15.9742305716582
2096272905,15.955218772135364
2499491592,15.925430392007572
1433390473,15.923658146814981
1434221201,15.9177014080336
1879214795,15.866177337800096
2502980641,15.815802235989235
2091273977,15.814787164771113
1879888392,15.795874417982757
1930933573,15.790927630893
2503180127,15.781703252226265
2092999530,15.762276646022837
1878580747,15.755787081902533
2093990220,15.748413011114902
2501272335,15.721748051997285
1433781027,15.719654382321936
1879882734,15.711301612174367
2091235064,15.707144273420065
2501409150,15.663382837647989
2501661824,15.660029851147131
2092775241,15.60720442583204
1932622561,15.57771497190829
1933519420,15.51648260183478
1879836104,15.514988391501403
1930148957,15.502081693344197
1931018977,15.494272698365366
1433066175,15.48815288426273
1879826951,15.486839493936056
1879146780,15.482097685907616
1931617721,15.446623655687103
1879188362,15.370797218893129
2503520765,15.349932936532976
1930940603,15.327155973330054
2093962521,15.309352349998333
1930992352,15.289569127682164
2092895481,15.288146910298684
1933548690,15.276513685191949
1879788453,15.251495266925481
2501859655,15.173367712669254
2501690592,15.164609083999101
1931648893,15.160359275643485
1932461261,15.157554021457997
2092804167,15.15343851708579
1879178187,15.136365877571118
1432603415,15.135009800333489
2499576032,15.126084599540862
2501430114,15.069392327132611
2502349134,15.064365248654815
1433025417,15.05533865514808
1880488220,15.048162823527322
2499732414,15.04096669033773
2094694375,15.035111469045198
2501703010,15.02808275010022
1930187851,15.012996953360808
1880526177,15.009796030187038
1434250440,14.987987996446341
2499305347,14.971220162360629
2499232403,14.967050664306754
2096247613,14.965613604640357
1433733834,14.932524888383798
1879187432,14.926991116413156
1427602503,14.923537755601467
1931695150,14.920069417320962
2091188577,14.916379023815585
2500744904,14.902897760140926
2501573564,14.862263642558952
1879814690,14.847717890755577
2092019887,14.829511771641489
1880517807,14.823661232173897
1880521572,14.79982274180415
2093061554,14.798655882684896
1878579845,14.78831351407868
2503722825,14.767735756171332
2499729510,14.767152069777385
2499651060,14.764182893171554
1879165430,14.763666596159888
1880452565,14.761348131264672
1878601291,14.760698749441591
1880456420,14.718787290630608
1879156897,14.650265331053996
2501248034,14.628962811087094
1929311842,14.584908713522564
2501220240,14.550793105807472
1879893545,14.541170978667518
1930242275,14.477510778314585
1932642990,14.471667526086934
1931010185,14.45286086430998
1878598662,14.452590764224409
2501286622,14.424107480877174
2499291103,14.411950680148044
2092823411,14.40359881134334
2499302703,14.368090314332555
1933564375,14.367969380122501
1434720681,14.366982843220315
2096208345,14.33472493208964
2092912684,14.333669505416289
2501965344,14.3274068069045
1433875892,14.320747566249032
2503084312,14.313851814060047
2503717070,14.302060172546646
1932438022,14.29725067361584
2091271224,14.29175528219418
1932459477,14.240317284863407
1439414435,14.239484398694312
1879843095,14.229881593928267
2501899404,14.218614886995185
1931012001,14.202163833201833
2093876592,14.180811283826078
1879884063,14.151095713071022
1931643020,14.141508013288542
2503922830,14.139055890842577
2092970917,14.136148970333187
2503381431,14.10597125775817
2092857115,14.102035191850392
2500265754,14.088599305082989
2093086613,14.087240153589121
1880505975,14.060701019417435
2093009913,14.047088849199461
2095362597,14.03771094628157
1879217593,14.034195290138335
1879798201,13.970368876926278
1931001297,13.93810348922433
1879800564,13.822014786375446
1879151463,13.80622694042215
1434767884,13.768774842626524
1880513295,13.714922245460652
1427864823,13.712518860252326
1931588942,13.705543394065456
2092863863,13.703473124978801
2503868812,13.692873261415015
2095467261,13.6918641259388
1433578515,13.67543292691082
2095422875,13.659390269271508
1879795914,13.632996714313272
2503632677,13.572414366775556
2093089071,13.533900685077642
2500971053,13.533708152179406
1879202903,13.501465194787919
2499257907,13.480035716756253
2503329080,13.443857522413612
2500895977,13.384566973731175
1931593950,13.379533541579464
2502529801,13.3712743713066
2502481820,13.366922606710112
2094597364,13.354430802443948
1879184551,13.347342267851031
2091181103,13.345958666326235
1880427754,13.34191715026138
2092076261,13.313166817035633
1433800261,13.299919343377027
2092018555,13.277606778427607
1427784422,13.271675015172264
2093905824,13.210333368445232
1879872130,13.18762700259953
2093917370,13.182452941571317
1879227840,13.182153241057465
1879853294,13.182002576409607
1933600554,13.168328096057737
2500211607,13.15265005703259
2093027000,13.049834610646348
1879172017,12.983203700468975
1933521451,12.929913290472657
2093915881,12.916644918796585
1880518163,12.91184444785963
1931017420,12.894714679411809
1434339160,12.89380699091211
1931662031,12.88573476278894
2500424603,12.79834084429435
1931691605,12.762148195560377
1878583483,12.709620164162056
1879810662,12.703149612852744
1878587204,12.685974217264762
1879822001,12.634689865679594
1879168147,12.53312459037101
1433039047,12.527054469887295
1879796645,12.503746482962537
1932463507,12.500786231818882
1930983443,12.481647864366346
1432707775,12.472492889606874
2094584252,12.431337056026177
1878603547,12.424746123514682
2095352311,12.400708055006929
2093045167,12.399155258184978
2500953042,12.344160071440818
1878597327,12.342341365548302
2499382070,12.33929289293486
1879852660,12.270127210594158
1879172691,12.22977829586708
1931670162,12.188230298279535
2091968342,12.184093148860493
1427772923,12.181186233431616
2092948962,12.16561815608914
2091265383,12.1534283801568
1433583043,12.139702773208674
1434642433,12.104353620628128
2093018750,12.104041990203806
1879773543,12.065925866723502
2499655780,12.059142166819326
1933587081,12.03943719977771
1434383341,12.021378762561223
2501052660,12.012367212933277
2092866067,12.005534079811515
1930970327,11.99102062162697
2093937187,11.953858501044484
1427886984,11.920575505040347
1439358383,11.891312901062731
2502486533,11.877857468940181
2095378004,11.864500378932254
1931636420,11.856842663269601
1932563855,11.845050556721741
1933579024,11.826754744808083
2503549720,11.826148174477167
1932460174,11.821019390860487
1930148211,11.820235665128202
1427591573,11.814107326445303
1439369912,11.788783152821448
1880472232,11.75913812914709
2501120651,11.757002289673604
2093956967,11.756972984436363
2092013871,11.743074573087092
1432637681,11.729048300607444
2503500327,11.709802143082856
2499252035,11.700588705826572
2094641831,11.680956063831594
1879814304,11.67215767256539
2501456512,11.666451690029529
2091223811,11.649499783795852
1434682553,11.628735660730854
2093970330,11.612381449740775
1434068273,11.599815568335655
1427689630,11.557972892689031
1434258574,11.546933841333919
1434476403,11.525693970119528
2499818804,11.51633646644059
1933575795,11.510544682850076
2502648425,11.497233769625094
1878592084,11.493398194629444
1932615813,11.33638168134638
2503584952,11.331417547548167
1879811465,11.315658796675628
1432804503,11.302845711213452
1879813337,11.297841443519285
1930229253,11.294233226782188
1878596164,11.273342688473267
2091973117,11.267894150848742
1434764827,11.248602772134715
1931658407,11.243520479216302
1930986841,11.23307773649291
1879771185,11.232294564631554
2503151560,11.202310789466708
2501417297,11.182486837404898
2094630197,11.174449431912754
2499497915,11.168567187078153
1931600081,11.164647264000784
2095409990,11.153228682188221
1879865277,11.140996250324667
2502478215,11.138824220117574
2095353173,11.138499764836075
2095429141,11.136606975882442
2092771202,11.12675327054809
1932573783,11.122509410222516
2501716040,11.117790304785741
1433881343,11.11064182741674
2502113181,11.107958535596467
1434096183,11.102556900297781
2502914017,11.100212676195142
2503303150,11.097737428206715
1427755310,11.08352257333674
2502282002,11.079321022404821
1880495650,11.077818542298902
2092937533,11.060384291340126
1931617017,11.044635597623765
1433430875,11.005350953853508
2095416015,11.000591827351599
1880448233,10.99496700502834
2096252117,10.978334025963193
2094640780,10.962887405997062
1439482372,10.932836980033155
2499805230,10.900781004052108
1879156917,10.86912220458691
2501412210,10.839161296690406
2503573112,10.598947235691364
2092846763,10.595670950652602
2092886751,10.578969259013633
2092058795,10.576938928991476
2093042550,10.569092307737627
1933597771,10.534744393177983
1879780801,10.531952387760274
2094656613,10.50233703411598
1433504873,10.488227136844333
2093960770,10.46365042354502
2500325924,10.44765824361404
2501984814,10.431787323339803
2503630092,10.40104868057673
1934300257,10.399379505797135
2500221872,10.382727153283106
2092832394,10.348571380254263
1433755423,10.345461893732889
2501508910,10.344585957984055
2500167733,10.343094425522786
2092887923,10.309689317933564
1427816602,10.264406536590103
2091949710,10.249328526646735
1434222243,10.232886447249122
1879861984,10.203418068499813
2092787267,10.196831052884724
1433075185,10.196087068140491
1931686503,10.1717504207522
1439498664,10.092303256350661
1433630363,10.09209998001596
1432947450,10.06459533580154
2503711534,10.050708405248894
2499300257,10.028400815594038
2093876511,10.023917436171992
1879823803,10.002960282506955
2095366027,9.98471714339078
2501326262,9.980041764334889
1933546200,9.977921958092434
1880507833,9.96439866707901
1434190651,9.963086251920199
1930959933,9.962445752262283
2095370287,9.94288037530824
1932495682,9.938239009899478
1933570794,9.910023191882633
1880538765,9.898482374309625
2499543057,9.876616759882731
1930226091,9.874645428380727
2499459190,9.863267754018477
2500440344,9.859672771226116
1880485512,9.85618114527306
1433313887,9.850204197985157
2499205031,9.835537291781673
1879836814,9.833320415868712
1879154673,9.815566911225687
1932590597,9.809612821102698
2503260092,9.782897081737728
2500298964,9.767171894218938
1433014400,9.740776588087932
1878597701,9.728928529522925
2502277934,9.698843515627765
2095350227,9.657484712338029
2092878885,9.654706026657955
2096207725,9.631430413655218
1931636617,9.628626257858524
1879224677,9.604436811776251
1879203352,9.56826568975715
2095432621,9.56311390756694
2502571032,9.555663458478017
2503523992,9.555105311231719
2503538754,9.501060973725819
2500980572,9.496247144196884
2092049037,9.467839605654962
1433162625,9.455585159572605
2502287237,9.440379099442302
2092017483,9.376888067763154
2095384984,9.345960575582271
2503786723,9.308038592832938
1879818790,9.305969338866506
2091288237,9.304781256582991
2095413343,9.297312206035265
1433207191,9.285033920259476
2092058925,9.255303664808592
1879888574,9.250782912692513
1930226754,9.249093576710466
2500514233,9.219400907986033
2503382911,9.17622794059155
2095392045,9.156553984306365
1427654367,9.133967175775568
1879241994,9.104714502340723
1879149283,9.076261193584434
2501308223,9.069669282470697
2096243505,9.069227584770314
2092794503,9.06560680188589
2499330552,9.036592953326494
2095468603,9.0177800421589
2503588050,9.002806666759621
1930969434,9.002356487803285
2503772045,9.000362022456297
2502231512,8.991714750841668
2503833490,8.988680700141783
1879202681,8.976946160092501
2500869874,8.966390488006132
1931608954,8.888483527616067
2499459012,8.87049511555442
2501978697,8.80487467394738
2501957217,8.795460738775768
1934319970,8.75864833860942
1930172151,8.734890299139808
2503153094,8.733022676065545
1879230497,8.703252018386914
1879243697,8.695040791252838
1879147112,8.691474759478337
1880511160,8.688705505759641
1931635527,8.68108620967432
1434599762,8.67918859825807
2092925490,8.660685590137799
1880495633,8.660543559581507
2502123624,8.60988995318106
2500916822,8.602549637976498
2095400011,8.583365128845937
2500959423,8.549069119655021
2503187830,8.452041130760646
1879194397,8.438383214169214
2095399191,8.413963391225328
2092767931,8.411497912078794
1930246051,8.397651759266907
1879776943,8.38029200307985
2094612804,8.306633975853094
2092848397,8.281227871955974
1880496345,8.274309035615781
2091953365,8.271227078879944
1879833267,8.254436386599885
2092779621,8.24778730028626
1433739244,8.238021711863567
2092834487,8.221087704551401
2094549637,8.20689758795757
2502635175,8.194044359716179
1439483001,8.10548852146029
1878601460,8.102258587788345
1434199920,8.08455951573736
2091253151,8.04422532157662
2094584300,8.038385711283677
2092084755,7.973554597298843
1880531015,7.951925576611157
1930166677,7.943967627808642
1879172645,7.931920219866929
2503700332,7.924176108577142
1931619820,7.923489294081308
2499763604,7.903953631095594
1879802075,7.897604849491787
1879220197,7.897220857566474
1880500342,7.8969704404065695
2503876297,7.860001477638318
1439321142,7.856898989693457
1434470915,7.845782845644851
2503129437,7.836154714878389
1879791133,7.80831071880187
2503371853,7.799683076451593
2095419411,7.787005664282966
2502636654,7.751292412570983
2093907945,7.717821153164033
2091984675,7.6458448445674945
1433246401,7.639457884983207
2503851520,7.638171024745456
1930217913,7.630171599581817
2501886724,7.626271623336924
2500453793,7.580866368350821
1880529565,7.563599282504596
2093002063,7.560854250557573
1931665035,7.556451365042588
1879782824,7.547628215507048
2502322064,7.535244680921561
2092022200,7.5352402878236955
1880526614,7.493083423517278
2092997547,7.446819388059218
2501788375,7.427369723346689
2093883525,7.354666768826181
1932590544,7.338467163402563
2502215800,7.306568959167459
1879774842,7.260136741082632
2502168522,7.257353816552152
2503702802,7.256260549233363
2093929672,7.244373267579006
1432633995,7.229747089554033
2092928521,7.228992441147145
2501578225,7.220648656152545
2499323777,7.2167939975478586
2091955353,7.210602448792729
1879825524,7.204652493201446
1932612563,7.186746356127497
1932641025,7.159775680869694
2499531205,7.129079669413522
2501763224,7.0989359896340956
1439599741,7.077284699281426
2502346602,7.056451544699347
1433960787,7.043810719707996
1434428723,7.043610032628292
1433201810,7.031355467691259
2093918845,7.0309631469255995
2499701434,7.002552548071399
1878587037,6.978217981674469
2091199825,6.942323487251136
1878589487,6.902220514781262
2502913592,6.883812918748264
2092054787,6.853261688111101
2503570454,6.845458518453609
1433714624,6.808070681098222
1433710197,6.788307792579302
2500431790,6.779150244476818
1933514214,6.658129857014931
2499247044,6.625032135267024
2094643294,6.611385412981992
2093911634,6.608864621707099
2091268024,6.600328783213252
2501296824,6.56407773484008
1439427684,6.512205892092823
1879149223,6.504247282059605
1434301931,6.492279693149387
2092866367,6.485813022660506
2502662673,6.437024710073135
2503892845,6.435121062190273
1933510183,6.433080079253597
2500174963,6.411396437792904
1931028312,6.355563475656161
2503202880,6.352496929886293
2500119065,6.33578283648653
2502948892,6.202147991478921
1932490153,6.175371961410242
2091963423,6.16763635555234
1930973711,6.152321161113847
1879202085,6.106405174851086
2499500162,6.097887370397214
2501356707,6.028775834374639
1930170175,6.018693333556564
1879863864,6.009255725479153
1879768393,5.983304923673945
1930203374,5.976282397326733
2092886003,5.938519541117091
2500561363,5.928102782004224
1878589562,5.906783188021976
2503380151,5.872557578640847
2502282840,5.865211344678448
2092882120,5.833773800910153
2095336380,5.832521941447496
2093011980,5.812789628110611
2501063052,5.789304973345022
1433133782,5.7605669132496615
1879835704,5.711685930113774
2091194191,5.70075215671494
2092959707,5.691554856452996
1878584871,5.67644995666727
1932601025,5.657004569778787
2503653185,5.651038746133551
2501254685,5.644062151927514
2094564307,5.6365503338744745
2093952365,5.633335599695973
1930937742,5.623472587202976
1932466341,5.619273050123519
2500390413,5.597440657281831
1879150325,5.52886303829721
2092871577,5.4849264337370895
2093084625,5.454029677470851
2096222302,5.368275059440533
2500270590,5.357357037571088
1879778934,5.354381540854675
2502985532,5.296114029745969
1433570441,5.292714019234361
1879808512,5.288690438731379
1433991732,5.272492039253326
1934303255,5.257218213410205
2096268040,5.256420284066923
1878578874,5.2277119139978065
1434452880,5.224187933852063
1931639655,5.196773967791429
1879877182,5.194794478079298
1427836754,5.177919346746541
1879208903,5.143210350494482
2503060941,5.140854210660392
1932629821,5.137201041369332
1931005652,5.108649766383051
1879776741,5.058560504958058
1433264242,5.052172668761681
2501044013,4.894782958878947
1433859440,4.88998189376804
1432684130,4.8711285465908905
2092893880,4.836056835638722
2501883342,4.835254837852799
2499573570,4.816222929062678
2095346027,4.761481093453308
2502445865,4.74639739572838
2503134564,4.73333184840185
2092752310,4.731199761496931
2093858032,4.724902431628552
1879790333,4.6975514362294115
2092892851,4.682889491687048
1929305261,4.645488502597714
2091278312,4.63667727939861
1932504094,4.584755566327242
2502943682,4.5775150649646745
2092011654,4.575759754045336
2091225392,4.535895734912051
1433193614,4.495842197921663
1931690022,4.493049608527661
2093958040,4.4905943494191956
1433466075,4.475828120666096
2502125320,4.456084366857966
2095407205,4.455328239381915
2502985382,4.418060127687987
2502401707,4.406114175903954
2499619937,4.3791166092835185
2503282622,4.376587872654933
1879182725,4.277761812781772
2094687982,4.2635541922045475
2503492265,4.2166775720328795
2096270973,4.063071396762447
2502617040,4.043105465683413
2093946140,4.008934839568734
1879217553,3.995351404796
2500106844,3.973219161225682
2499416981,3.9511856973120674
2500421450,3.884890875633152
1930166371,3.8601082062834484
1434559071,3.8587801734294294
1934319431,3.8572069933579067
1930199167,3.8556519150646205
1433277003,3.8538379464283006
2503251084,3.8529860742865325
2092888355,3.831370742502159
2502520590,3.830088620381057
1434430871,3.805090098837219
1433703774,3.7933180142314966
1879902430,3.7801176928438194
1879858124,3.7649722274524016
1879782090,3.7311187175451197
2500933895,3.702673926582757
1930950261,3.7023926583149507
2500838150,3.6523271306838643
2503257965,3.6460979223394805
2093049863,3.6000475092748223
1933514080,3.5878717573465573
1879800233,3.5827936998482075
2092087163,3.5429198223415206
2501005770,3.4808431252248315
2095453584,3.4776600953004313
2503618484,3.391469955014648
1427751365,3.3855788048341986
2499585657,3.3777479267920554
2501761493,3.3677013247092487
1879248523,3.2496687199047756
1427620683,3.2178676934974195
2501802401,3.118873412432558
1878574214,3.114438228950006
2499655397,3.0829509110025906
2092971594,3.0456990242242163
1879833644,3.0239643061146695
2502093972,3.000225659157432
1933595357,2.995107619226431
1434636037,2.9369417503941424
2503506700,2.9337454310605087
2502076602,2.921146388393489
2499768852,2.920159552357099
1930137101,2.8942417195062475
1879773321,2.880912304518305
1434432584,2.8717333845120305
2503261852,2.821599351547807
2501937211,2.8150955474047965
1934307130,2.811469893756434
2501977282,2.7528904786012327
1934297007,2.7244279207625377
2502291050,2.694978845483746
1931625055,2.6534779892438594
2502007812,2.5189317706990644
2092024830,2.513593130772201
1933510842,2.4879061039939914
2501216275,2.483887685785654
2501155181,2.460062197145751
2500506442,2.423024071130628
1879237643,2.4224054901761956
2093047690,2.409895350656436
1433562390,2.406810342327735
2502694877,2.3954719117582384
2094620071,2.3789357578061052
2500824484,2.354886758367848
2499783320,2.342043959953608
1439411820,2.306109076545675
2092877773,2.3059433566503813
2093011210,2.2619318662753507
2503273750,2.258766386386699
2094667025,2.190101519907219
2096227567,2.152757435140006
1434314877,2.092958508805324
1434597257,2.0623234693289634
1879130510,2.0584699983396444
1439514351,2.0389190711708287
1879214501,2.0277920293865046
2502237647,2.0238823764460196
2503374124,2.016298720852353
1930989237,2.014599321573406
1932535815,2.010465462992277
2502245897,1.999994203088013
2092040984,1.9905443595270436
2502308657,1.9897746484338696
2500736950,1.9861296756145224
2502545140,1.9580705054284775
1879183555,1.953255895217211
1930156655,1.8676497318602308
2502788671,1.8579269881204699
2502590442,1.8478133814286923
2503296557,1.8272992437439297
1879911255,1.8272318273795474
2091237282,1.8180032878822057
1930169244,1.8139154967940772
2500916855,1.7758793344913613
2091230624,1.7652463166160928
1879887305,1.7216775092091536
2500594534,1.7211416899664214
2502267454,1.7141793487206964
1880479131,1.6610047787482003
1433442071,1.6525682972084113
2096186462,1.6511559440181196
2499498142,1.649296272339813
1434342830,1.6268099398371108
2501241902,1.6168288130976605
1879160514,1.6078436536012832
2502245990,1.5919298679215665
1933492860,1.5871044255125228
2502042364,1.586977908650869
1930175854,1.5645350751428797
2502086472,1.5385715343897997
1930227130,1.5334189135942622
1931641962,1.5247560908857833
1930955204,1.5156096519557698
2093930581,1.4854951540900898
2503362361,1.4815408523167721
1879832213,1.4726990003734712
1879189522,1.4679671807804409
1879908023,1.4657752343703354
2499885794,1.3911976090088125
2502219574,1.38635497167647
2091237704,1.3740107731661235
2095441474,1.3707172728303363
2503887320,1.3488955865487562
2499655133,1.3479632030849453
1931689031,1.329281000545838
1932457174,1.3197992033005579
2502238784,1.3081838308619185
2503073171,1.2961582818575048
1934324013,1.2925977943222269
1932633181,1.2678695711858468
2092841470,1.263693974995493
2502849382,1.2495987899845167
2095434001,1.2402164808116114
2501183215,1.2178243429211737
2499530091,1.1972124006676295
1879844673,1.1954042828541727
2501963084,1.194513458150164
2500157837,1.189253014406912
2499299800,1.185935213217774
2502183104,1.16230574896497
2503134067,1.1579689667403699
2093080013,1.1393140865804363
2501404785,1.138399073091043
1930954185,1.1332985322282365
1879208353,1.124891368374217
2095451857,1.0943906621237445
1427808664,1.0784187833524765
2501848772,1.0711607270145986
2092856594,1.0681619694768771
2502378464,1.0611271814779764
2500973963,1.0438076894247197
2499206293,1.0198721343754684
2092954843,1.0078033813287532
1930940280,1.0037276073313977
2500266087,1.0012380491763675
2500465907,0.9949910660053858
2499552123,0.9781796970077064
1932481550,0.9625893714554031
1879200495,0.9592389846087834
2503629030,0.9591436507445823
1879835940,0.9580326837116524
2092926813,0.9072125381405188
2501049334,0.9062250575819601
1934306281,0.8747119307629851
1930147935,0.8723149766387627
2502274783,0.8666161902972623
2502987530,0.8659084231708475
1432845141,0.8585768656900586
2094616277,0.8569158999740906
2501512930,0.8530462834400376
2093922924,0.84677743568583
2093057597,0.8406137598048756
1930966252,0.8038620468699725
2092860614,0.8000752543989138
2500845293,0.8000581241101196
2096230544,0.7999691850474718
1934307945,0.7947759285016689
2501262454,0.7929083214436602
2501969262,0.7864597806865136
1933531492,0.7837093464301952
2499282703,0.7770187771820587
2095364133,0.7745244931518437
2500414825,0.7578882643505054
2502634473,0.749581611088919
2502339012,0.7403240640209082
2096200262,0.7115108239845686
2092055271,0.6786447842295062
2091963553,0.6714050544537753
2501305902,0.6660630011675526
2502317682,0.6513356825504044
2499426904,0.6330837474056727
2500409523,0.6318290997987028
1931006080,0.623845737176822
2092872161,0.6176019327026688
2501276130,0.6123809708194491
2501517224,0.6096467474181073
2503465050,0.5998758905914934
2499633757,0.5951959674981643
1931594537,0.5934110646143029
2092088127,0.5856511595185833
2503244174,0.5853170881140669
2503638252,0.5851631184646067
1931639002,0.578724272528115
2503412784,0.5667444398739225
2501868731,0.5572614295600794
2502313740,0.5498963130763315
2499225637,0.5492489445899632
2499802124,0.546176493184413
2501166762,0.5457024136545333
2500304223,0.5375526438824814
1930234011,0.5362684529197526
2501775000,0.5152961426088879
2502114942,0.5143653148096983
2499606560,0.5112713837844836
2501235352,0.5096983140105811
2501387574,0.5094720100477453
2503052112,0.5000505375813971
2503143945,0.47424565521628176
2093023244,0.468541143605685
2503197992,0.46771932961823637
1932591405,0.46108646491823285
2501791630,0.4571485480622072
1879780590,0.4545450427606974
2499704044,0.44668948924149643
2092879253,0.44379113060236147
2500809400,0.4390425263075329
2503792674,0.43447561596003753
1932499717,0.4338490725173319
2093980440,0.427277500956998
2093050600,0.42383561959667326
1930993477,0.42070077097235686
2499470433,0.41986814480993684
2501198700,0.4160700758723976
2503608270,0.4131595005473384
2501268972,0.40900067226630377
2499313540,0.4023782779621914
2502802233,0.39822087603765105
2499671352,0.39801086888292597
2502844741,0.395931306763874
2501207730,0.3828728386563968
2499453160,0.38199271255186756
2499206154,0.3795299607098306
1434635635,0.3698638671356717
2501833491,0.367145949060506
2499393542,0.3589752886759723
2503368450,0.343231604249355
2503725854,0.3428384602582969
1879176623,0.34152097032563605
2503819890,0.3328246420138922
2501479774,0.3316826627200161
2500410693,0.3279734825260025
2500895150,0.3243340279569112
2095451137,0.3234045332170164
1929309083,0.31759122408017937
1930247677,0.31495945225324756
2503718010,0.3096454780810774
2092773853,0.3091701010127468
2502326242,0.3089860092144292
2502636050,0.29155718522753954
2095439572,0.2791664150471412
1439659294,0.2629324844195625
1934324887,0.24779015377275307
2499588640,0.23937909254594744
2502296224,0.2341148621246761
2501450034,0.22570639971721645
2092026823,0.19633819260644703
2091222152,0.19577433787427853
2501169814,0.19533701990424138
