user count in community:1058
Topic id:6,Representation:0.49671299915539563
userid,score
2096194874,28.291132176852265
2091276410,23.854184138291117
1427813545,22.66926654377289
1427864280,21.441825814770386
1433618733,21.17288108305433
2092967152,21.030390008035678
1432931987,20.934346628548102
2095468007,20.1575187061659
1433138157,19.950088115086015
2092882723,19.897283224424736
1878574743,19.824679333337734
1933585151,19.70960417538703
1433656880,19.635981650818508
2092902070,19.406420031021845
1930941787,19.384695152957057
1434533624,19.35344781351489
1434162690,19.03821644727971
1434595832,18.899105586398083
2501775247,18.83492290865929
1934322223,18.813214546487877
2502903684,18.756517236928786
1930980985,18.74389864941961
1434022202,18.60709156007692
1433048100,18.542154043295266
1433753262,18.52266056818605
1434632771,18.510891482707468
1434580724,18.39882285807606
1439371750,18.32343724418098
2503294012,18.271927910164965
1433175237,18.21264572031311
1439645633,18.09525082520067
1434640582,18.06211973355736
1879796272,18.019618196783625
2499556945,18.002432361820734
1433964490,17.967121945189273
1427898074,17.95288601127325
1427872764,17.919982942650233
1934317955,17.854497187152333
2503914134,17.691906225503793
1427677814,17.41214506168688
1932552267,17.355023921359965
1879884353,17.336018980983162
1433443917,17.257086912288017
1879808064,17.20766353881568
1880501655,17.157657503477356
1434511983,17.128098244742326
1931606862,17.127614789527208
2093974727,17.118061864833955
1930157255,17.097148537212874
2503329332,17.09245351862232
1439590941,17.0497573210943
2095359503,16.879411653298448
1434153472,16.854402840511177
1930215957,16.847882803743147
1432651591,16.819002752932644
1879913164,16.792654812280563
1434335341,16.790949063473626
1880456277,16.72363802643317
1878582623,16.713337738522387
1879172860,16.693543558936465
1880470240,16.67149949970515
1427639247,16.50562150790233
2500650924,16.503622181074203
2091964065,16.41206668560736
1930959090,16.396669563852534
1879891340,16.373776180812847
1433391875,16.336832558773487
2092802273,16.33441062770979
1434415820,16.33359036682663
2499468711,16.29805545231068
1930249892,16.26727804882592
1930186434,16.256491164943345
1432714760,16.238647784062675
1930192842,16.151577868181157
1433652795,16.131826932929574
1932442933,16.116288270050692
1880466244,16.10025663016477
1931693431,16.08442288952087
1433588610,16.083511764758647
2501070782,16.054438822560414
1433318164,16.024127384591633
1879146041,15.967024637946471
1880450404,15.887262497884732
2501379905,15.874803233125826
1879239245,15.821688545755686
1880459485,15.815011488018783
1439520770,15.797128689095697
1879192565,15.787445595572553
1433861701,15.771173983603495
1433682370,15.761744641663139
1931021795,15.74373334283527
1434378324,15.736420386627383
2500708681,15.735538867021114
1434755350,15.698132826466896
1931629244,15.643940125847113
1439573153,15.640059873001686
1433313435,15.617549181394136
2094675184,15.585076271134426
1433356432,15.546518147277345
2092899224,15.497440860915278
2092881521,15.371825603988606
1439471085,15.31652549339427
1880492550,15.315898658355119
2501687305,15.296291784465536
1433143691,15.265399297451925
1434640054,15.265086286296789
1879238465,15.23162817440076
1432644924,15.182678955747724
2502355817,15.136419554379165
1427717997,15.127530986625297
1427763785,15.112840194600158
1930234462,15.036772516527924
2503683470,15.015586914513662
1932451285,14.990002556580981
1434288600,14.969960493227024
1930940591,14.964262460139723
1934306130,14.963584795583168
1880503444,14.943894763400005
1934299441,14.932134345161765
1879877174,14.83921008809942
2091268085,14.792238405430526
1931621485,14.763381091268778
1439462707,14.734662444015019
1434497893,14.698641109918547
1931658890,14.670186870477421
2092947293,14.664183045620627
1439364990,14.658358235082545
1427622133,14.618908813329252
1433982342,14.618545600039868
1933495833,14.579345153518146
1879864870,14.564797937997533
1439386254,14.557972500708615
2093042107,14.498212809863329
1432760514,14.465180017958323
1931624743,14.452150958141177
2092843663,14.429796376154227
2093880341,14.41962389065381
1879221291,14.411654596995678
1433087100,14.366212394482526
1434293755,14.33221515796582
1879152533,14.3268798811524
1434394605,14.32009504300981
1433372185,14.302429916878491
1930949297,14.300869712119514
1434670970,14.279297446107662
1880518493,14.274754195274742
2095449293,14.263661244799382
1879163373,14.235469821359425
1880506345,14.18442129980562
1433117594,14.152869722635005
2095422983,14.145481908504847
1879200581,14.116192070537698
1880533571,14.09275431556915
1427825430,14.083889978311781
2095400005,14.059989498184231
1434646351,14.03838460366764
1879820780,14.011292689625474
1879792741,14.006953901915008
1930941135,14.002705958395744
1879879952,13.970889963412363
2501975964,13.961806141971069
1879137537,13.95187612465118
1932566777,13.938694888468103
1432898205,13.932581020465202
1432693372,13.904428133673465
1879869544,13.903490504620986
2091979702,13.884552698748179
2092885143,13.809105164882546
1932436162,13.804284076081927
1433654304,13.791948580106343
1433370203,13.743720844590584
2094555047,13.711797896140512
1433981645,13.694498015417851
2092799485,13.675752089384307
1879863907,13.64485987726763
1432765150,13.641710688938284
2499376610,13.633505404710272
1930184137,13.571754946132172
1880493887,13.560968480026892
2093021023,13.527213299410976
1434437771,13.4918097244694
1434605193,13.481197727534141
2092923457,13.443984278835726
2501017590,13.441130371564348
1930218083,13.403344721958828
2502415547,13.372386357120977
1879228947,13.28062107054189
1434619817,13.24534372812292
1433529834,13.242500103998658
1930947125,13.238557221471094
1433070857,13.234221569732826
1434454671,13.219469057823922
2502664942,13.219101827154827
1880478810,13.215134480661026
1433266572,13.166649575370801
2502659424,13.137070410699843
2092015760,13.131831983690473
2092885913,13.127060364172323
1879848164,13.118726375336847
1432871933,13.114581921995178
1439458191,13.108533253024994
1434337702,13.102230403835247
2501303245,13.081809880013815
1934315825,13.078537393256571
2502062802,13.078409538438944
1880464900,13.038996059071989
1434742473,13.03383764086575
1879135977,13.001282733112657
1427794842,12.992860319871582
1434266707,12.986347083128198
1433439357,12.974620531678227
1930225521,12.972603078771757
1432875094,12.97051259817572
1434165024,12.935803666737154
1433045643,12.921187389176792
1439397993,12.900038908463186
1433275452,12.876842914803435
1929308073,12.864475296900913
1880489307,12.859527714321642
1427877191,12.858928863172755
1879886572,12.846066025901838
1433762481,12.844499387770217
1879233294,12.820720251576272
1880495603,12.815366938644322
1427764695,12.80473409267843
1433255704,12.802819961669911
1432627977,12.750219302590708
2091186372,12.742231019756945
1433553163,12.725468533415032
1434724153,12.688169067562407
1930233195,12.666107625590241
1439349140,12.664261182130112
2092893934,12.660477911829483
1433285502,12.649346780583326
1434483427,12.612885450342553
1434563757,12.595141767800998
1432715825,12.594749197802233
1433360685,12.588778842632491
1434057295,12.509017530111823
2092760703,12.47427914185105
1880520660,12.46559858175123
1432665233,12.439666962289339
1433846335,12.439247822811977
1880475094,12.413414284975818
1879153000,12.395667592076686
1427633167,12.393974940854685
1879779672,12.388777181805823
1879778344,12.293450281694
1433537083,12.289233580215939
1427882435,12.284273212392367
2503238690,12.231624336311855
1931673051,12.20417331805407
1434003162,12.146225237827581
2499608320,12.146010541435361
1427731544,12.138922028084645
1878603271,12.111916955380405
1879875302,12.080502000210636
1427715021,12.066053904369689
1433886074,12.034836394756342
2499773623,12.017657804900105
1434115290,12.010425477943109
1934300801,12.004394076139615
1433726045,11.995706323203482
1433055292,11.98007391058584
2091972922,11.944580568754297
1433507123,11.911461570360396
2094603981,11.90648595548776
1427767664,11.875275603271783
1933503670,11.868429681172264
1879147302,11.855364319240337
1879127944,11.830470683840794
2092805935,11.829490994359139
2094616307,11.800567032309749
2092078510,11.789354166282044
1439558562,11.778088269247178
1434514324,11.770804423976358
2500374671,11.770560561546196
1879810531,11.764173168630657
1930986901,11.762900439984918
2502742093,11.748068108404174
1434378705,11.726792367835637
1434521743,11.717075703790508
1932614415,11.711858039879232
1433033533,11.707862371331885
1433442590,11.687764853985106
1932558083,11.683598991278703
1879231097,11.666599644448876
1427877127,11.660426753300158
1434160101,11.653027547034776
1439426074,11.650218407284388
2096205803,11.648208727522306
2503558894,11.627567939668028
1433628257,11.618250502995839
1432703175,11.617327535814866
1433467250,11.605101681618942
1433035470,11.599991916782962
1931676937,11.583576027841735
2092929857,11.555802829249943
1880519770,11.5514330151099
1932565493,11.545547859637354
1933577105,11.491140833198475
2091276944,11.440671098474805
2500443985,11.433626334204332
1433942433,11.417616856680405
1931006744,11.403335371876524
2092917577,11.395381852676065
1432910457,11.375258060307033
1931632767,11.366278159283144
1434722114,11.332788033678892
1879194187,11.327771608688801
1434261005,11.317049131397317
1932497395,11.31590657899272
1427685475,11.308897471449445
1432941235,11.255784018760684
1879819712,11.2459942447967
1433086265,11.244743820002832
1930181620,11.232642113012417
1878598480,11.198942270543004
1931696122,11.183640592421426
1439589664,11.171994347938487
1433657400,11.148351114352737
1427798572,11.141671853046274
1434692513,11.128511120543747
1879795123,11.127421167641756
2095416411,11.120647887419908
1433487104,11.11278246227301
1439539882,11.084928660363728
2503903980,11.084722794770277
1434054744,11.067595095764672
1929303875,11.060337601534025
2500514505,11.033889100980138
1434009002,11.022993382823175
2093896374,11.022521098463717
1879893504,11.01459433811973
1439621227,10.985945676716382
1433287103,10.985574391686967
1933553585,10.97796999820672
1434551502,10.953769558460053
1433179100,10.944842223334103
1433127597,10.924147403867554
1439404747,10.903774035079502
1879837012,10.900602815406637
1434762314,10.899369842005864
1433402950,10.871694643342703
1432869167,10.844916759125702
2092853285,10.823082556930977
1879247165,10.816246033098965
1434371813,10.80360379592174
2499586364,10.801646023384604
1434204134,10.793666774717234
1879193650,10.784948284403793
1934309293,10.7784949460969
1439497251,10.747546422223865
1433642632,10.743349629075166
1433855575,10.723311020667046
1879811301,10.721635101201285
1933539015,10.720581963188849
1933532717,10.714160356796913
1931595361,10.677721545024148
1879883460,10.672457647699805
1930930244,10.660606119566225
1931626621,10.65327240346688
1879824747,10.63373203425651
1433830517,10.632968384009644
1433212801,10.621714373239078
1427601244,10.543265826588561
1439348691,10.541709070121142
1879232961,10.541535558841638
1434346725,10.531652458040101
1931647455,10.51387976373732
1427652963,10.504709693561434
1878573891,10.495847834026634
2093962317,10.474625684833125
1433128597,10.467928482646778
1933518853,10.459839724499407
1878592160,10.459601808521851
1434386092,10.458439720357093
2095463791,10.409963774628253
1434602584,10.377096126697204
1433318045,10.333533079831405
2093937587,10.322482653531026
1439573570,10.291200843217602
1878588223,10.28484584445993
1434320201,10.25960355100614
1432923947,10.239735964967716
2092975351,10.236249934802652
1434364475,10.209129608161296
1880470004,10.206303577855602
2503665290,10.20201396036089
2092827491,10.196025397579561
2501511785,10.188790719462675
1433510192,10.174526598588836
1931025653,10.172850046236137
1434734343,10.158000966037452
1931626865,10.144856698917408
2091239271,10.135347995446404
1434452683,10.120450144956449
1433738334,10.109208903648442
1439501521,10.105973713422776
1879132970,10.084732075825784
1433635083,10.08439771667919
2091201693,10.080112724605673
1433765237,10.051698930143802
1433036224,10.048277711055404
1434482170,10.047475273368123
1433262197,10.046253244756619
2091197467,10.044191202225914
1930144527,10.01769423637192
1434037477,9.977185236362619
2091211512,9.966938114184137
1879136063,9.958860650631996
1879874592,9.955030716984307
1433971892,9.942709460285739
1434551585,9.932374511029494
2502116051,9.929443568163267
1434451581,9.927738039898614
1433655842,9.926677834599934
1434258320,9.91908218810147
2094669121,9.916806238227023
1879777144,9.912800279377832
1880547814,9.903248267112899
1434680412,9.899339624771892
2092939625,9.882692999987205
1933552790,9.874666279126574
1879134747,9.874221711285395
1879235340,9.864889348499341
2093959215,9.861220053853499
1434700155,9.855100936315576
1434233155,9.854433623000748
1933580971,9.854032372501344
2503583472,9.8258410987439
1434723177,9.825024760710626
1434687935,9.820257469331661
1433779494,9.816922819115986
1930243812,9.807677568330206
1434299874,9.797070933475528
1931015983,9.795188802072401
1434101723,9.733895506737552
1432776161,9.73304511846844
1931655382,9.72159080544683
1434266192,9.702960978692554
2500972744,9.702075183359101
1878585634,9.701791617377264
1433136073,9.696329342934144
1880490650,9.6958043191024
1879772351,9.694891456427406
1930187985,9.675704654053003
1433116653,9.664983097952572
1433593472,9.642714905200819
1434016761,9.605156368578438
2499545522,9.598572494444522
2092881184,9.573060863890953
2500694027,9.570853720454908
1879824354,9.566627758946039
2499596257,9.565169599361477
1931622525,9.534454871015203
1433182373,9.529516049232274
1432662141,9.525028241166961
2502803060,9.523555821990653
1433008470,9.503534511908754
1879833060,9.493090084963693
1879838672,9.488870908993501
1434419580,9.485048535375167
2095352907,9.470650981268394
1439534550,9.469677941300459
2499504637,9.466542760471281
1880485711,9.461545081160411
1879778684,9.458528517495076
2092885947,9.445422359179485
2093904952,9.437395796279242
1879812475,9.432037567261315
1427631271,9.415676864785622
1427598480,9.410478704434693
1933518872,9.405390645255643
2500887494,9.388550041340501
1427753861,9.372686845880024
1879837801,9.362856544100449
1439423814,9.332386501650499
1932469323,9.312961782114638
2091238614,9.305067374774211
1434694951,9.300340493739803
1880516117,9.28180889092732
1930233010,9.233383010938216
2499247473,9.229195601117956
1434727094,9.22760164830698
2502440317,9.216867329818939
1933511237,9.215447591079084
1879171170,9.20224879563999
2092803963,9.186101612561318
1432828334,9.165959945419646
1434498015,9.11821191851878
1433222831,9.11777441105299
1434537702,9.1039117614814
1879903644,9.068318019299735
1433672402,9.046353171164728
1930240721,9.029866037416996
1434451731,9.026702274997922
1433051460,9.025215923087725
1930241917,9.010674203351302
2503237427,9.004679010256302
1933552995,8.999488323926887
1879202984,8.989791783331441
1433155985,8.985504551794788
1879146145,8.966038541640982
1427721785,8.953384370869374
2095396381,8.923922392998081
1931671897,8.91820576719719
1433205471,8.908900578312045
1930204741,8.896920410129162
1427710465,8.88552564191355
1434419771,8.873250194311606
2502308180,8.86732214187044
2093008442,8.82853832903966
1434215890,8.820019071676585
1931617397,8.814473870461178
2503467064,8.8046072835781
1933561810,8.786589698904518
1880529093,8.782935676030394
1930185765,8.776986321541074
1930247051,8.775194065284644
2094599521,8.77320561227914
1434257055,8.756664356335348
1930942152,8.746886060023662
1930148015,8.741713979804869
2501131224,8.729825361236607
1439407052,8.729391164787657
1439317363,8.707378360328173
1880542203,8.703306686618347
1879176630,8.690792619164412
1879873750,8.65284220771211
1879174481,8.62690527323999
1434197362,8.614963004267297
2499783000,8.602741555572132
1879231743,8.589232885248782
1880514232,8.588014195106933
1434465331,8.577424888399792
1433777772,8.528761799731464
2092922701,8.506047767684096
1879811777,8.498651503775418
1933581927,8.496881055047911
1879908695,8.48066600956827
1434043830,8.476704280837543
1433550811,8.471275662341222
1932433465,8.462275260470788
1427856044,8.4309608848288
1427825320,8.41666509976063
1432648212,8.396296720194568
1433086425,8.38884939799999
1932521922,8.383223017577986
2503898797,8.382893363906339
1934301070,8.365611827417496
1427617877,8.343311349804951
1879159552,8.34189585452537
1930175691,8.341553926930045
2092764477,8.340675223450095
2091275437,8.337842237411065
1880498913,8.323750228820284
1433489530,8.31559634279681
1433855447,8.313842838044602
1433344383,8.307528672051127
1879773475,8.2849281818503
2503675373,8.281424272192961
1433680664,8.262670570211748
1433499435,8.23477189757501
1433263533,8.228101119125709
1932525067,8.222854070652053
1933600954,8.20388105405287
1433583394,8.193906759725065
2500448414,8.191133460629455
2095403717,8.173249144712772
2094618890,8.16573271745386
1439369572,8.146021641542028
1433048350,8.142399130800708
1433638014,8.121493095991013
2092918757,8.103814437258153
1879904224,8.05301763887869
1427893767,8.028925006221435
2092922593,8.011072700502496
1932517893,8.006351284867037
1933511847,8.000066179544437
1434513602,7.982227555635556
2502913340,7.9785816515075085
2500846440,7.975753417198728
1434598652,7.975594708864219
1879882684,7.962910252356899
1880533831,7.929141284163845
2500850970,7.919935901876358
1434650911,7.916650021974658
2501430820,7.910383663690583
2093974751,7.904486851787738
2503117574,7.903620962526066
2091245335,7.903462796424799
1433533977,7.889476300986609
2502457091,7.88837380414887
1434501485,7.877830193741421
1434527732,7.837313225248941
1879203167,7.808321226011058
1932605322,7.788553137124015
2500245155,7.788277325459174
1432976944,7.778379381712757
1434256930,7.774101749005368
2500473457,7.7634764338193305
1432602970,7.753458343365979
2500759072,7.737734546576448
1879851630,7.7168926220377365
1433303824,7.714291944008562
2093861905,7.704098185186674
1434419602,7.697015583356336
1433582734,7.665013786206755
1434613061,7.656626642808852
1433706647,7.630535564603547
1427793024,7.629516178924213
2092938634,7.626595399094771
2094636907,7.624496485971795
1933585353,7.621481949226578
1433027452,7.607924140036687
1427781257,7.60095879281775
1880540874,7.594783438143154
1930227151,7.593638298904882
1879225615,7.590141449686879
1930177944,7.583043006948696
1879807083,7.57404910407599
2091284582,7.564825190902864
1934301372,7.552854045816772
1879791924,7.546627384610753
2501783861,7.54160254467751
1427739495,7.538482902342173
1878580163,7.532020883918583
2500958670,7.5245540235043356
1427807683,7.521356237433823
1432684464,7.515658658306072
1433995350,7.507441834548598
2092915017,7.495726725184074
1433022504,7.482032180101995
1879808285,7.4741923846952805
1433188740,7.470540820670587
2091258122,7.469848515573348
1934323297,7.466596638266373
1931013757,7.462959611342007
1933506795,7.397531313672559
2095391200,7.397017937000062
2093971490,7.389590226049096
2091979743,7.37148559133982
1432761741,7.366987296622103
1879218177,7.365138542402254
1427749604,7.3619165990033615
2092037190,7.320030676346635
1427827025,7.3154827315003965
2501392185,7.314248135384518
1434760990,7.314229765233494
2093085452,7.3122174699842395
1434612054,7.3117682323384106
1930230667,7.294093215387821
1433961657,7.273323746699128
2093869002,7.259826459678615
1439364292,7.247850752786357
1433950091,7.245886482473286
1433480703,7.230058568466866
2092764807,7.225758769690715
1433472471,7.214088300054272
1930235327,7.212782362560659
1433567930,7.19791632690446
1439339567,7.197406780179767
2502393684,7.18481161858336
1432889673,7.179727631688394
1931632687,7.179422986313516
1932459677,7.1787724249263345
1433209532,7.1713420173033935
2092848943,7.170632556963673
1933529521,7.165814378056388
2093060952,7.157486712222287
1427749581,7.146174701436928
1434396997,7.125735608387254
1432682854,7.117272966112934
2094549997,7.112102954102426
1434159320,7.0940386524714425
1432659420,7.059551551555131
1879839424,7.046531246125385
1433063245,7.036959991419358
1880458174,7.022153162412572
1427764885,7.001345470789177
1433144204,6.972184027576642
1432631611,6.961793700670127
2499526114,6.9535213635807915
1434459051,6.940219052868903
1879825804,6.918099821404173
1432669251,6.90617975280013
1879883942,6.893845322116041
1439526984,6.890574685285885
1930985693,6.889592034579079
1878600597,6.872461073476889
1433365913,6.779739984215169
1879881144,6.7704764273148905
1427764763,6.768991333050353
1433150711,6.757035071872784
1433649001,6.751837130253411
2092783325,6.738624452337895
2092880077,6.716396420616441
2096190774,6.66747158163074
1932477845,6.664804679280856
1433789132,6.663941256847402
1439530780,6.651781064062892
1433114135,6.6473858948691555
1433440645,6.633585877186915
2502620407,6.61886493495757
1934316980,6.6120057087603845
1439486270,6.606672377011182
1433087902,6.599436335515097
1879880930,6.577314578444873
2092844531,6.539797207609242
2499851572,6.537925612008222
1930949034,6.535301468993679
1427627952,6.456925485065177
1931598421,6.4140547252868405
1439360804,6.412957372431629
2500799591,6.410724768349665
2500775855,6.406719786488165
1433795281,6.390734479033923
1433566070,6.385682732911342
2503622612,6.380360979504833
1879789762,6.3773531770494785
1433681503,6.341368354141358
1439434345,6.325796371914366
1879140447,6.322685216377878
1433502061,6.3198923912134
2502091393,6.313877530776668
2499718764,6.301514213627536
1933574590,6.300877371518855
1439397575,6.292684193469261
1879147973,6.273526580551343
2095452030,6.271384483839138
1878589707,6.252430952100493
1879897894,6.250718346862755
2092819941,6.242112693636278
1427894905,6.205998623668367
1433496763,6.194080308797005
1433553182,6.190467306828368
1934300683,6.181110596934382
1433958992,6.1667396413480144
1880514180,6.133986615809216
2095412055,6.116664825061683
1879854952,6.106038032576775
1879163794,6.094154600657962
2502402680,6.084956519895787
1433378440,6.052606115439066
1879838604,6.0315095641057175
1880437881,6.023961237368857
1427733180,5.956699602996469
1879826633,5.955903238570418
1427727480,5.935993933640325
1931026004,5.933137047950766
1434629094,5.928625411842359
2092863767,5.90205912001213
2091992141,5.886910811005741
1427839717,5.872057225993406
2093945821,5.857326734214599
1929317141,5.844266373254308
2092023721,5.838233039656969
2094641455,5.829979824102185
1879165595,5.816725633963822
1434503647,5.802881622854536
1932448843,5.79707185289199
1879778661,5.7800523939704
2092769813,5.7773501164370735
1878589740,5.77643271159574
2499885020,5.746291285071516
1439442072,5.739465004076799
1879136522,5.715574058174649
1427846302,5.693822066728414
1879870634,5.688781944342024
1434676802,5.670542022643377
1931001827,5.656070097503646
1932623795,5.65365690591139
1433139807,5.651108259251575
2500605093,5.632720014764824
1933496395,5.6169371097238
2500682831,5.582430792112135
2500128114,5.578478274436519
1434567067,5.573688148027574
1434320761,5.570621761967862
1879769781,5.567319746774776
1427704773,5.545372388225581
1439464803,5.52078706849756
2502728503,5.504713860854237
1931609773,5.461171991514189
2502541615,5.4484517661922265
1427877877,5.431356220720346
2092847577,5.42109512260007
2499753134,5.385343037265042
1439558282,5.353619957527698
1932611685,5.341451281619352
1427843737,5.303036941847824
2503221055,5.291911299961536
1932652390,5.286932674685391
1433462462,5.28277105094815
1880456560,5.277136640243481
2093072735,5.263260203975107
1433688270,5.2323107260866
1433057320,5.2007690392208215
1434139633,5.176485836503944
1878579784,5.1503421611578455
1879878740,5.147686700691166
1930149375,5.13496566277693
1434706431,5.07487707728397
1439459363,5.05843040457167
2094675495,5.0509620447671
1434093142,5.021962546148928
1433454290,5.011438444847028
1432681090,5.006021716792371
1930983260,4.99870874112882
1432668761,4.978060638140876
2500736757,4.966396837548771
1880531947,4.950636265374323
1879831652,4.947513816869158
1879912771,4.909361347778432
1932636863,4.88755552346468
1427626355,4.821853247700099
1433228373,4.796710801963964
1434427107,4.790585841836696
2092770183,4.763314494901679
2092982291,4.760452762763192
1427635110,4.755190719154893
1439548877,4.74842813950336
1433182957,4.732596650299225
1932635941,4.726400390319333
1879783257,4.7243778892696335
2092840940,4.706899065436025
2500943220,4.690134779087517
1931000225,4.6828928413915385
1434256870,4.681106268780071
1433740551,4.664252598516091
2092769707,4.638698890615585
1934321753,4.5917390082145975
2096228203,4.570721541840635
2095349422,4.56201995874878
1932534517,4.559157197637421
2501882615,4.551440960729982
1433166203,4.537741240207883
1880495091,4.534083720228412
2094662132,4.532245811392454
2502028124,4.528604782384938
1433389131,4.500355833268927
1931593524,4.499295308361387
1879902965,4.4829486152439575
2500451855,4.461458177088737
1931645105,4.449491719843493
2096188802,4.443291677559674
1879894472,4.432388824859077
1879845774,4.4294419828311105
1433912694,4.427448212940449
1879249461,4.42428597223495
1434636581,4.410214256166585
1434444892,4.390941733256381
1433551501,4.389739020534157
2092091944,4.386294526158768
1932518294,4.384301724760372
1434594472,4.371509309675918
2501625547,4.3643471871195025
2092850682,4.352758956483764
1930939970,4.350513833004303
2503580077,4.327732789377126
1879844420,4.326240259068626
1433644764,4.309019874235177
2093955261,4.3081711357113734
1930951374,4.276831788891347
1879223201,4.248777408757242
2095448855,4.237525764079578
1427662425,4.230082150778359
2501674540,4.195301203742504
1432805790,4.183450303139722
1432745315,4.1291071011549105
1880457634,4.116480822445123
2502505194,4.101116536890296
1931020000,4.100753252003706
1432917292,4.090857375672619
1930950275,4.083587502385785
2503779085,4.08026496793101
2095426313,4.060869614719718
1878587655,3.9855196811991953
1434731783,3.9788873142854433
1427587605,3.9713886467086996
1931600752,3.9690334126214495
1932482165,3.9509252356909017
2501296983,3.9494256602775706
2092969551,3.9008400822617757
2092953355,3.8969843378711917
1880446442,3.8674472853486677
2092944792,3.8668734128599476
2503886211,3.855203477045067
1878572677,3.835887061693137
1880533001,3.821695459373244
1879197591,3.7735818074045904
1930927987,3.7712830373637805
2093889821,3.7567509472473546
1879238341,3.753412258278504
1879910195,3.745505176897557
2095379683,3.739673806565062
2091220405,3.699580330797509
1879126180,3.696177420459745
1434490112,3.684054239885629
1432669377,3.6698357741755827
1931003157,3.6698211185674046
2092917182,3.633029837176564
1933495383,3.5926958258564827
2501734700,3.5876065101028565
2095466893,3.5836578475966716
1930228604,3.569315375643205
1434492385,3.5609871599670986
1932527695,3.525540738189749
1879774634,3.516114595645258
2501981947,3.5057982568086983
2502869134,3.4515038063897134
2502350611,3.4502538710741053
1879242762,3.446430705315606
2501517245,3.4440118843528116
1930996945,3.4234090137724857
2499374314,3.4232531444116896
1434095305,3.3878023788004223
1439518811,3.3868033176974963
1433305140,3.3726815977232256
1439368335,3.318370709328359
2499268953,3.2896908723234284
1433428505,3.283671781096437
1434552554,3.2609000516520017
1434476591,3.2561596278759115
2092942635,3.230296650276042
2503470310,3.2144367271634215
1434044670,3.2019434675421334
1433999762,3.193792548899951
1930165604,3.1742629837832337
1931622005,3.1237859935396597
2499370034,3.08718867531267
1432670765,3.0344826125159643
2093069085,2.9898152217950518
2500232233,2.9666684241052668
1433012600,2.9422221710830456
1434192330,2.933033205442873
1433818842,2.86401560045815
2500223840,2.847719183428662
1433247434,2.8099995097686876
2501251910,2.7800977426939957
1932595365,2.7797294800318606
1434092364,2.7686142539463177
1879130154,2.7677138017119165
1433736781,2.7588785407780794
2499639740,2.7547385612321706
1932587267,2.696408537313408
1932560435,2.690051881350021
1930963992,2.6824663886403273
2092091991,2.646296958142977
1934324777,2.6239244468626204
1433080745,2.6109629192833284
1930929842,2.6075598069348467
1433133064,2.589745156546015
2093077187,2.562720368312298
1439478962,2.537699654063259
1880526554,2.530136959056843
1880427241,2.5264275922776704
1879799667,2.5090360510166256
2091182424,2.4660108078026237
1434452383,2.4217048503961527
1433849561,2.4089155156777227
2095363443,2.3368983357782063
2499229470,2.318346296478989
1879782977,2.2954112047794193
2091950935,2.222806631354341
1879865537,2.2209996809204586
1880509394,2.199148751960623
1879231327,2.1412007502773798
1879138491,2.1403546375609865
1880445050,2.1286974406233217
1879809257,2.115922651954076
1434507223,2.100437774116863
2501860217,2.078883911610198
2096253264,2.074533463698307
2091212702,2.0682222177219396
1930987015,2.0661556048099152
1434383267,2.0347931601938454
1439580687,2.027342004829526
2500952314,2.0211585674289347
1933495237,2.006429503007012
2092005474,2.002341476275191
1439433251,1.9875017896679597
2092974352,1.9796540386517147
1433471552,1.9652169618809467
2500487533,1.9464132909323821
2092776444,1.9392468759481556
2092075372,1.9182866287393767
1439410773,1.9063624217409543
1439543862,1.8460260692424144
2499854203,1.8366448586418753
1879125957,1.8186280457044373
1433191674,1.789149601336753
2092897105,1.7834932143422497
1930991543,1.7008852632067202
2499680703,1.693995665640499
2499248263,1.6896278793442574
1879900895,1.6816249522551308
1434125727,1.6757949717182647
2503895143,1.6462953285056001
2502991524,1.5789250748331711
2502356982,1.5162568700638375
2501294722,1.5098660548046658
2499325834,1.477306713422441
1433569557,1.4634739202739755
1434155354,1.366191270962664
2503380130,1.360142711308123
2094563407,1.3029344405830192
1879826624,1.2576101080149518
1427802851,1.2476417525288854
1930198433,1.229310140450399
1879223413,1.2199478859399495
1879188771,1.212557138229272
1433669240,1.1678592161124215
1434134645,1.1671181679892437
2500915872,1.1624629186565465
2096203500,1.1507091416908892
1879863017,1.113433800109619
2095378383,1.104295354160388
1434014663,1.0924614117708125
2091973640,1.068470032135117
2499414650,0.9728478802571924
2503113721,0.9197205606437645
1439393620,0.9075404580959116
1880469721,0.8828378838527922
1427648915,0.8768763121823636
1933589672,0.7720701439223701
2500933944,0.7249139032495739
1434210211,0.7012359004737686
1932618683,0.6912320229228062
1930146071,0.690199896050232
1432764915,0.6701526566306601
2499538263,0.6572202731662278
2503221244,0.5949382016689911
2503853552,0.5935238300589971
2500217044,0.5863235387121853
2500988907,0.5784963587582358
1433147017,0.5699091030015098
2499224092,0.5601858434582778
2092845117,0.5598339267258379
1433166775,0.5351966477083676
2503088435,0.5256173988965982
1879194297,0.5145944136437093
2499553210,0.5009347814129986
1879905811,0.4561804683201226
2500623814,0.4146448259046593
1879818481,0.38186694287490736
1931588713,0.37380772163284715
1434069935,0.3468258175485751
1879149400,0.33974095777500063
2095445444,0.3331755933432015
1427624332,0.327389795502404
1933560115,0.3140404650415929
2503254714,0.2801709523866116
2503536890,0.2573125283612198
2499284581,0.2557733474374065
1878592651,0.1558263530180796
1932629640,0.12779254690205624
