user count in community:441
Topic id:5,Representation:0.6159579686344955
userid,score
2503739834,14.720486581673292
2092870902,14.198112468109297
2094593570,13.266043347779672
2095401971,13.048518174365432
2503795060,12.796675604342841
2500562923,12.598485955347172
1879896341,12.543946751832195
1879190432,12.312925721038875
2093954513,12.172027084063455
1880477391,12.153479952769743
2501822880,12.143400476730847
1880447703,12.076329287739323
2500114310,12.032667576266341
1930165571,11.996218546409542
2095382730,11.940094741159456
2499860350,11.80926641245321
1934304752,11.75971879418311
1879802911,11.61708540490237
1932430190,11.534421901499408
1879142512,11.518709172190254
1930985463,11.492005274185283
1880531513,11.484077108410478
1933503817,11.408203359341831
1879822043,11.381957638492475
1931632375,11.337749940143809
2502871610,11.326310747343197
1931675414,11.324880821576578
1880488212,11.27282467275349
1879791684,11.11020779226955
1933539462,11.092874124898493
2094693872,11.032227223291136
2091986543,10.920483708567037
1930224053,10.916591412121418
1879808471,10.900697502455492
1931029115,10.894526869183505
1930186197,10.877001070224587
1879778215,10.870976877393247
1434310311,10.774949197176289
1433219630,10.741117600169225
1432703867,10.7082218662072
1932453091,10.707978692161893
1930226141,10.677735076025238
1880434252,10.653240861303514
1879867287,10.610488188832944
2095355117,10.569999922317713
2502449081,10.5294587033412
2503922934,10.512904279856869
2092056530,10.487621467635522
1930190333,10.472402639123235
1880503815,10.462995304949638
2502260182,10.399991284392964
1880500503,10.39008285541115
2091966895,10.370770212635847
2503763283,10.309850815354778
2091256321,10.285235760314308
2096201044,10.275243686277415
1433543690,10.248003242295692
2501862952,10.243013819716545
2501320521,10.239462450060799
2499835172,10.006140264910043
1879227165,10.003342427028814
2500780277,9.920037100628182
2502125414,9.911235573552403
2502124400,9.895082082089953
2499480580,9.875395096560327
2502092911,9.852897934433411
1880538272,9.85285388916318
1880504282,9.831743909191069
2502269002,9.7336210419588
1433693345,9.715322358006826
2499445673,9.701037136877702
1880492085,9.623905725997853
1930188835,9.596145059473425
1879191524,9.469193392002548
2503656442,9.435449078988725
1930928551,9.419736673643722
2093878794,9.410635664260655
1879140324,9.37776493620429
2503480454,9.370529671702151
2501976375,9.297851010282756
2091997493,9.269862021006798
1930949072,9.252391331958147
2091255017,9.229913244363601
2499276117,9.227107517271156
2502712034,9.183499449766034
1880477263,9.167009343925923
1880540863,9.119933264536868
2502934610,9.111223757064382
1930187045,9.091348780555194
2091205603,9.066338402780117
2092015653,8.983937272592746
1930971677,8.983485555956976
1933525097,8.93037817728289
2499493190,8.910994243399053
2500945574,8.88493116334134
1879201371,8.859729971563807
1931028585,8.761439561707991
2499603604,8.756745901630737
1931021683,8.747368675652828
2501952420,8.702336175899054
2503647720,8.693635022409175
1880438257,8.667522708863574
2499784602,8.645866421857162
2499398920,8.641747422491953
2503004920,8.620518191279386
1931002392,8.57010144927917
1933537260,8.5045842039168
1439368315,8.46069181794261
2501282543,8.449750018497419
2091203791,8.358504380720776
1933568853,8.33656206653267
1931589911,8.328224893777158
2499238152,8.305541357632583
1931670954,8.294282224071676
2092998467,8.293904530990789
1933544141,8.269426831893991
1930238760,8.213972290710814
2092815533,8.157530217251963
2499721744,8.157121637734425
1880479792,8.153995968274034
2502200612,8.146046548321335
1880438121,8.143954357794987
1934302332,8.07994040839458
1879136677,8.047784597607786
2502742444,8.041995229836
2500340490,8.001291048762642
2501384551,7.99390945310564
2091949687,7.967401235001854
2501277372,7.96491529867235
2499255137,7.9224917960457795
1879812904,7.827634358023205
2502139984,7.814523789692547
2499706400,7.807735707582365
1439612393,7.796953745607595
1434176520,7.771845581579069
1879173404,7.756419058429749
2503823792,7.740118778813603
2501953380,7.737305195047308
2092815833,7.7063142834192355
1879175861,7.682454383967622
1932552691,7.658047921192164
1931692594,7.6270564360297834
1880526407,7.619458804528346
2501134382,7.6018292214329595
2503110377,7.591187425914944
2091982500,7.5575094621053776
2499535565,7.5478535358911065
2503731217,7.546669787714495
1879867475,7.540451497898011
2503800525,7.537283283125673
2499573814,7.533353789171245
2502850240,7.5273157584725015
2094643512,7.501991972548526
1931026657,7.500285176046981
1931639725,7.436071222734959
1880541811,7.3906389721187
1930163130,7.373033780246831
1930212347,7.328906740036432
2091191752,7.317620018027028
1929304267,7.30933033871648
2500896810,7.304262551674337
2093053971,7.280940457320476
2502675011,7.268321792866024
1879192483,7.250962690639593
2091248795,7.224631783471757
1878600102,7.200017207560978
2093950760,7.180175078812069
2500200731,7.137346799441434
1879774782,7.114832832349415
2501745235,7.105038557877525
2500600360,7.061421636422329
2095422492,7.056053425028928
2092874561,6.952128737859734
2503472983,6.9440128422977
2501412120,6.848003826322773
2093018290,6.82870958223597
1427743413,6.7733582149226494
2502447625,6.676316323097585
2503575883,6.6401573654743595
1931013371,6.632144949403049
2503418130,6.600463104971418
1434682201,6.600004336797675
1433903955,6.575018633441896
1930979700,6.574851487781542
2501324530,6.522356139237435
1439408702,6.473658277638797
2501161275,6.4614419586202105
2502398367,6.456866319414329
1880425242,6.431170549603179
1879189505,6.423484230400945
2499380584,6.419097233780375
2502831002,6.408360099978775
2502577127,6.364508292178848
1931006010,6.3627617741454525
1880438737,6.357117807896444
1930221823,6.323257443425803
1934295907,6.3070547468700555
2501172514,6.280339834563882
1878582551,6.26894346035254
1932462435,6.252595071111949
1929304691,6.241530803775428
2093883721,6.240945125250702
2501332567,6.237912562699064
2501479484,6.231089300112824
1880429174,6.216201453483521
2093898481,6.184809761853624
2095488793,6.141591034898486
1932651784,6.109632611890324
2091216905,6.098666236208625
1879246974,6.095508734370058
2095339303,6.061429619204771
2503383480,6.024641032637592
2503390092,6.0068520164848564
2091976697,5.966003776530341
2094593862,5.909299281337601
2503212142,5.896615376204835
1879830417,5.891653552508451
2499731124,5.83479364000314
2095432555,5.827359347885082
2503901890,5.821757720759341
1930254163,5.767377958461758
1433770634,5.689447327041597
1879234225,5.6692802622579475
2091204184,5.651011187649524
1930948532,5.640244254647203
1879793421,5.638067479517387
2502950784,5.633193539332285
2091209730,5.603777339061952
2092921772,5.602070420480398
1433144307,5.492980898852683
1878581697,5.423266059604163
2499756682,5.398629071592809
2499242150,5.36055101366289
1434285184,5.359002307428635
1879893423,5.335152050144963
2093926101,5.33477032336379
1879153543,5.318712157862751
2095456460,5.252703952200941
1879865350,5.233944888922596
2499772550,5.213081413703137
2094697551,5.196706718112927
2093917913,5.1539871266571
2095356013,5.1460042517341416
1879842675,5.130306072563422
1433355884,5.121884378849763
1879862297,5.090129575034575
2093048151,5.085109421404833
2502551467,5.079155063516804
2501492133,5.06935305050291
1433033120,5.061879547156945
2092882041,5.045851005524684
1879858492,5.042984205084116
2502146670,5.039138345665338
2094677064,5.028023388729418
2499761712,4.974209475583007
2091264563,4.973950401320254
1930949627,4.931607419580886
2500320512,4.851420398483106
2502895320,4.76053723366583
1879141490,4.726362202808672
2503801560,4.700156012072934
1930935051,4.691465529795255
2096234531,4.643464890659298
2094694511,4.621323569077013
1879216587,4.612063316558224
2093884365,4.587558628026055
1934313423,4.575402085349991
2499522487,4.5720411168481885
2503038084,4.533184916178985
2502107100,4.524222707889593
1930211353,4.511299748264163
1932589155,4.4113940032357135
2502089410,4.4021171037709586
2499269440,4.3917434438365754
2499388704,4.350112258270413
2095490667,4.294421582266046
1879768300,4.279399487342344
2501972754,4.254914696072701
1931645525,4.196842007413975
2095425003,4.185643509233384
1879226021,4.175951763008299
1434226220,4.04926102285745
2501040410,4.007603779666283
2500881744,3.9796031025683467
2095351923,3.930215357930829
1931676065,3.8902774442203314
2500108750,3.872435218422799
2502085930,3.8535101967752725
1931618811,3.7857999612993116
2092014177,3.63959517380274
2501896357,3.6307273229624935
2091990075,3.572977396301458
2501846864,3.5562176627204503
2503781934,3.528828179999612
2500759554,3.510037507472577
1933521051,3.4754339351133146
1880451972,3.4314008041276303
2499323951,3.4184846431245486
2501303174,3.408753577547854
2502796770,3.3983090488864756
1433639712,3.3919645479244944
2500884924,3.3912533662657847
1880504970,3.36706974729883
2502365680,3.3023340870868467
2092092917,3.270079018455172
1930944447,3.259774674684022
2502933294,3.2456876498588962
2501895521,3.2064011474218366
1434245380,3.182046598277148
1932562641,3.154743913208222
1879214721,3.1355262117443803
2502736185,3.10563752038723
1879881704,3.0962759394665613
2499578592,3.094135655733159
2502384194,3.062990502388025
1932635287,3.0379128879832344
2092864520,3.0065986579888295
2503183434,2.9816122037868427
2501024594,2.9442968806634204
1932507002,2.911321026497612
1880530875,2.8771511231995714
2499378250,2.8644894978077957
1932554282,2.860073402844015
1432820162,2.83956183459746
2499254732,2.8381637160738826
2502756675,2.8288421608603187
1880532272,2.8050911886656666
2499208964,2.7761394416547067
1434307661,2.762110011734564
2092022550,2.7138239909418234
2503648694,2.6552307038978613
2092754465,2.6543195040173644
1931003797,2.599339971278037
2503769820,2.5988935417677044
2091270412,2.5904429684519807
2503906995,2.5579721019223767
2499525472,2.5119660968921074
1879798084,2.481152524385207
2503002652,2.4511301816898623
2093978042,2.4020738428917916
2500128913,2.377384611276926
1439545701,2.366323088615516
2502349657,2.3363533012233453
1930935560,2.3191320779223994
2094611334,2.304687720801342
1931021600,2.2997379319238513
2502861624,2.291613844063166
2499311944,2.2242507935653095
2502926130,2.1283457848056866
1879823051,2.093479638955434
1433803721,2.0860027478782657
1880441582,2.0668283288156273
2091278557,2.058462839618029
1880476694,2.0510267443812427
2502518690,2.018980876001981
2501429182,2.01279305095844
1930172281,1.978140572541832
2095391001,1.950191341370492
1931635213,1.945154875109666
1880513753,1.8923441643221592
2500625945,1.8883441634975087
1930138105,1.8649238553011986
2502823810,1.8519767443090545
2499314952,1.8171829553428178
1932596207,1.7981174496140808
2501130577,1.7949211595902548
2094674662,1.7885479527014252
2091268515,1.7867259223589353
1880460051,1.7865406177950238
1931644470,1.7270412794610244
1879243473,1.6914734355684755
2502564430,1.6804194716586633
2096259373,1.6752410147969152
2502154412,1.6197678896779415
1932602235,1.5997065189416817
2093950000,1.5903591226695615
2499350100,1.5851984461399162
1879141082,1.5831396986428543
2501558693,1.4819998927405025
2092954573,1.4646465011456011
2092070251,1.4418141662742758
2501624163,1.426104553637238
2499644360,1.2249558664643097
2499290604,1.2181405301469714
2499593254,1.2107910172643066
2502438443,1.1980894956833794
1932625815,1.197265224662987
2502088490,1.1500512651917771
2091269033,1.087238655447185
2502371055,1.0840944806295834
2501604981,1.0691597652889604
2499519152,1.0636183681828062
2499865192,1.058198379301231
2502030823,0.9422838990097582
2501018897,0.9333135369564752
2501590725,0.8817895932941209
1931601770,0.8236297067694105
2500829892,0.8200219572093007
2502099493,0.8020847915434625
2095476407,0.798865371662286
1433718202,0.7981082372416212
1879142951,0.7927453062840575
2500811717,0.7889872430898665
2502094112,0.7717636649219487
2092063834,0.7497239780399222
2092820933,0.7323389010772856
2503678080,0.7146431522906225
2501550442,0.7045572899568799
2501221147,0.6912669557088363
1880475223,0.6810032338114117
2503382054,0.6788366272969171
2501573235,0.6470781452327441
2502352790,0.6336361593412598
2502532600,0.6163276324959158
2500284384,0.5483765461107463
1930930473,0.52844120647691
2503066120,0.5060148511740084
1933558965,0.4971748592384054
2502861462,0.4961198892463333
2503760761,0.4958383335728536
2502537130,0.48409869009592615
2095483775,0.47192533392466635
2503434493,0.436030652402144
2502137600,0.42974341952625067
2499308220,0.4161284984427494
1879822355,0.4057613930138047
2501807622,0.3821266705762378
2499247720,0.3785549950236176
1879865887,0.37729578220387927
2502163757,0.37298676616096166
2503608340,0.360320502236501
2093949481,0.31705651309869753
1879809035,0.24558120434596617
1427810841,0.204155882192763
2503901374,0.11865704436114649
2095376487,0.1062674311705622
2501782910,0.08621251080895226
2500134344,0.07486898322547667
2502610444,0.054286307936143925
2502161500,0.03927491343141448
2503908500,0.03395837126482044
