user count in community:299
Topic id:9,Representation:0.45486833781005404
userid,score
2503063872,1.983557725047091
2500287420,1.9447851695926088
2092798582,1.642911789383109
2501322434,1.618589305622372
2500837612,1.5942447071190917
1433895692,1.5759628035448636
2500829612,1.5431218797009212
1932644784,1.512907989909012
2499813827,1.4873871960038625
1879782727,1.47714341516934
2093857540,1.4436759051901809
2499893771,1.4214400342243325
2503083920,1.400207554153647
1879864620,1.3950838306629685
2499412972,1.32783961186357
1880431174,1.316494831658732
1880511512,1.2577917396760077
2501004944,1.255012496225612
2092847575,1.250454026427503
2095461977,1.232745699957789
2091183357,1.2282068837488358
2503889664,1.2259330484630009
1932596190,1.2157498155408013
1932584077,1.2154473048137027
1879170853,1.2126046504537658
1439573285,1.2083419628813143
1879828017,1.1931623570077292
1434729014,1.191792103599286
2499546570,1.1871330853486148
2092900103,1.1859915133824925
2501903100,1.1850334153134803
2499695035,1.177014894033884
2500361373,1.1738327133634858
2503476074,1.1659363477960702
1932549094,1.150981849529062
2500139762,1.1446128254262724
2501022980,1.1437667347849296
2093893837,1.131066087019073
1433817424,1.124301954024453
1439337317,1.1239419100619998
2092859724,1.1158278755275781
2499608952,1.1127102054812437
1879874773,1.1116398216002916
2093065802,1.0979124065648231
2500973460,1.096560003898452
2499494255,1.0928961830467605
1439606430,1.0913669906066614
2095355170,1.0700967807165378
2096190817,1.0665643782270324
2502292307,1.0528156132185718
1879808641,1.0493902866394746
2500179830,1.042280746681581
2092928791,1.0353573502210822
2500809563,1.0253466160910187
2092770362,1.0139959889257115
2499312962,0.9943765274733463
2502991402,0.9625188400568344
1879835235,0.9565259712199427
1931024270,0.9413295304468571
1932629334,0.9407090719016359
2503186604,0.9393415296732501
2502531812,0.9315558738027804
2091975575,0.9155775650663991
2096248387,0.9153307847857372
2503480892,0.9100171481943531
1434598107,0.9011709467921813
1932517127,0.8969345333484835
2092911304,0.8869073734980983
2501478364,0.8814967490608046
2500248664,0.8810789142491066
2092827407,0.8802676654326511
1880447607,0.8770271932321863
1427593052,0.8739436980754403
2500474501,0.8682140776175323
2091282944,0.8504559397946809
2501049604,0.8489505144173697
2095490497,0.8485990979669653
2091248085,0.8413103072363669
1879906035,0.8404382465903157
2500325143,0.8400591185092333
1879154743,0.8347106603023087
2502562710,0.8315481473277673
2503665121,0.8161614500138256
2499341444,0.8137843097326765
2094660474,0.8069164352827104
2501601415,0.7958466276925964
2092795221,0.7954574306032224
2502092437,0.7911252372030639
2502536111,0.7807864708783002
2092056352,0.7782520943081125
2092892882,0.7774216882362751
2499653207,0.7663232520365157
1879231235,0.7604652793313218
1880536547,0.7441923136122957
1931002243,0.7359839891276972
2095395451,0.7354988231867563
2500413730,0.734313332837551
1879801654,0.7183510743211121
1932621981,0.7068962635317834
1932618814,0.7059657760211968
2093007252,0.6990173853024028
1930226681,0.6975568751865782
1931624827,0.6811889001834714
1879144342,0.6800725004136873
2092788182,0.6798986966778822
2502346864,0.6790075332695737
1879905132,0.6785710721859118
2500521623,0.6705570865888253
2501566832,0.6675902269237375
1932499864,0.6634345532209028
2092826257,0.6612861843849998
2502277593,0.6592854426825191
2503694160,0.6576051050317432
1433295302,0.6557722937721476
2503791860,0.6504393887084053
1932489493,0.6500875614190382
2093980364,0.6416760160862882
1932640463,0.6299925167680243
1880521111,0.629010003665418
2091947957,0.618691572966458
2094580910,0.6167979939825404
2499897594,0.6005553074444608
1929311095,0.596940998032169
2091980837,0.5908913445125918
1427659827,0.5852847168936014
2501413833,0.5802495882035642
2502832545,0.5755069349431127
2500389924,0.5681606212998873
2092885884,0.5674306599618335
2500382151,0.5592382032076498
2500387940,0.5509887160450742
2502813454,0.5494427461257368
2503095484,0.5491276403600217
2503180171,0.5488350804256354
2501508790,0.5480496817482435
2502823695,0.5470814121451255
2093936724,0.5459833953857813
2092015275,0.5360810081363988
1879793504,0.5322605632011237
2499427265,0.5314986490896679
1930952943,0.5213523238565065
2500570347,0.5158903646166296
1878604502,0.5154522519694266
2093874874,0.5133509885969721
2500487094,0.5132947413977237
2499878377,0.5056729193799968
1932444732,0.49988583503796047
2502034863,0.4811404415143024
2502067570,0.47999931673182206
2092903995,0.4745537330433588
2502181382,0.4714720392927204
2093004503,0.458916449648061
2092770940,0.4568906438183326
2502443290,0.4557266047607106
2501690192,0.45360213440395775
2499348442,0.45080435087271914
2503380420,0.44937908621679246
1880526522,0.4462234354604464
2499884494,0.4444900500514219
2502313537,0.4441601047223727
2499601384,0.43524797816569477
2499336282,0.43499284068796834
1879905001,0.43236207881477207
2502159697,0.43096407784369806
2095433500,0.4287270061678222
2093879035,0.4242734732355566
2500204154,0.4231625553197891
2501511095,0.4211208081855531
2503831170,0.41950253318476066
2501435435,0.41480455620276907
2501372632,0.41359086345686386
2501587522,0.411092605258159
1432710393,0.4060323002550073
1434351980,0.4033191262380185
2503141247,0.40000294977580875
2501710725,0.3993688753890422
2503698832,0.39899887031654774
1933517945,0.3984511620252927
2503058232,0.39593043272647255
2500340807,0.3835463722255969
2502465040,0.3830783083446654
1934298503,0.3743757345483902
2503245194,0.37145706270337453
2095379871,0.3642971145746715
2502720544,0.34880457867974085
1930993377,0.3391243207628922
1931683367,0.33893599564854254
2503852894,0.3364638409027065
2091180495,0.31919605810717966
1880436902,0.3125723901211123
1879834032,0.3113389643759794
2502994212,0.3081383044317286
1930968163,0.307592864698548
1930252125,0.30216329487416616
2093876867,0.296381861613639
1932510840,0.29299715275242644
2501923120,0.28601190516148406
1427842945,0.28455906624238797
1439657935,0.2815964488370736
1433942014,0.275052632995028
1879785770,0.2709538001320835
2502783080,0.26288101220348886
2502631264,0.2500397860916985
1879788582,0.2492282684683814
2502552852,0.2476004860475857
1930965037,0.24401046106789973
1879801004,0.23962314637729185
2091189351,0.2371591971475409
2502530070,0.23521006311127768
2092082714,0.23179465358647855
2091991225,0.22606540030362154
2503766167,0.20235453699105027
2502314702,0.16619021577771206
2501598150,0.16574996561932576
2092035373,0.157652879765479
2503186207,0.1574619106924834
1930937671,0.14516194384648115
1879126043,0.14333220768150481
1930224904,0.14250469622914808
2502998941,0.1421000923709213
2501599092,0.07796441900610852
2501907660,0.07707026179930423
2500635473,0.07135459393146976
1929316091,0.06271306227521238
2499344254,0.057432344687726004
1880503662,0.05420187841624107
2501892500,0.05285951442461069
2499414084,0.04906574499185598
2499393440,0.048867318006597986
2499316972,0.04006037767889476
2501867474,0.03894933532948433
2093863125,0.015313403454873134
2093086990,0.014663328109560541
2501731774,0.002300081634864797
2091209265,-2.7179090589327234E-4
1880440000,-0.0029390729868724284
1880425502,-0.0037705454032346455
2501109061,-0.009209543570581758
1879779900,-0.014454412009929377
2503742070,-0.016369027505857
1930210082,-0.022122984226588403
2499342081,-0.023071023276587437
2094668761,-0.02462851844687515
1879826575,-0.041503915989604595
1879833574,-0.043735158699502376
2501857660,-0.04452714696651431
2503531854,-0.04671719784880876
2092873123,-0.047352986303865724
2092006114,-0.04854572881234058
2503528500,-0.05320613955801406
1930938322,-0.05525986354628365
2499310494,-0.05782430009353385
2093075872,-0.05906702268132932
2093026527,-0.06240000716957201
2502171990,-0.06394540547593747
2500213593,-0.06489986147185749
1879844964,-0.07905346415819625
1933592775,-0.082784167353968
2095369707,-0.08624918943011603
2092864617,-0.08688854817596096
2499720697,-0.09204413740934499
2500246047,-0.09951818605614869
2499319227,-0.10344447524882674
2501478571,-0.10375908965878318
2501156425,-0.1054913543778735
2502885067,-0.1059689914744866
2094587154,-0.10644941628529436
2501764160,-0.1093989102022724
2501643441,-0.11059549390759746
2092783520,-0.11206020095417381
2093023170,-0.11450373046469936
1427827193,-0.12024871224766365
1934313531,-0.1217884486817479
2501316021,-0.1232778620108633
2502451370,-0.12334558972760715
2094622710,-0.13161395139798254
2093028187,-0.138890757168127
1930227184,-0.13998588376583077
2500133562,-0.14430555418385443
2094599573,-0.15362379597630535
2499226970,-0.16183592779553532
2499615414,-0.18434725833364168
2094670997,-0.20140943808746123
2503118924,-0.2031064344210735
2093029484,-0.20443860556838106
2092948480,-0.20499747155129647
1930993645,-0.2078307827435722
2503148300,-0.21175842948280385
2092013684,-0.22752717325337854
1930150954,-0.2387566123774348
2503030154,-0.2645693105977219
2091961202,-0.2670975923309909
1932525581,-0.27498980965128966
1879152325,-0.2855941069378329
1879217541,-0.2926351193318599
2502040583,-0.32230395726156713
2502348787,-0.35313143607932335
2500484523,-0.39905150686527985
1879236991,-0.42774816614591576
