user count in community:311
Topic id:5,Representation:0.26033076073942163
userid,score
2502609604,1.0807483100414197
2093035280,0.8925387525114709
2499385204,0.883091050681392
2092902691,0.858734736072954
2500241810,0.8428684099031161
2502164570,0.7972165323182862
1930182193,0.7551359994644071
2502584224,0.7340428256029117
2501840167,0.7321420381751627
2502374653,0.7143390956983263
2503361553,0.6744270731957233
1931589695,0.663500952463787
2501995297,0.6621823885377935
2500202173,0.6371189335538852
2502695253,0.6270701871820807
1879141267,0.6252476412549928
2093000111,0.5913015800620508
1879149994,0.5786902749307078
2501743942,0.5777729826879564
2499886517,0.5731989827099394
2095336313,0.5629361351312714
2095364637,0.5536640484861849
2094578173,0.5481301883384333
1879246662,0.535781583401829
2502035333,0.5357767399201273
1879166473,0.5323433364598898
1879856732,0.5288565585370039
1930150663,0.528534211544318
2501951010,0.5285187062883965
2094624744,0.520215068657224
2503819272,0.5138321049290779
2092857225,0.5080357300949462
2499367001,0.5073744623998954
1933503461,0.5032928797028043
1880517155,0.49858449116868925
1931617953,0.48496081452726664
1880543673,0.48209889664881267
2094628125,0.471680092613276
2095398862,0.4705340922214859
2500674190,0.46715073453086287
2501547482,0.46457231733625187
2500125562,0.4617202778158822
2499658284,0.4572487454347659
1930957921,0.456970750714395
2499568820,0.45387008855102784
2503547500,0.45319411784919567
2092051533,0.4514028943880794
1931664345,0.451167016914496
2500642921,0.45006126773106625
1879773915,0.448722955881312
2094604660,0.44401300112374376
2499597587,0.4405022472510567
2499406734,0.43899138670457694
1931018942,0.42328715815657
2499273574,0.4189632926548957
2503257202,0.41417624031448
1880534100,0.41300097694686744
1930930335,0.41141480950272746
2093889411,0.4112888792366268
2502212964,0.4076451048050084
2503607053,0.40575470660692153
2502932734,0.4054172529431691
2502954552,0.4028626452697225
1880520612,0.4020144889650323
2095468132,0.4011647297003352
2091246527,0.4001831328886408
2502116391,0.39977163879032607
1433281792,0.39878294464192526
2094677051,0.39865405296180856
2503491790,0.38462995081527773
2093897572,0.3839675132939647
1427801217,0.3811424650474606
2503283747,0.3780874250613554
1879195423,0.37707644885755054
2499630991,0.37678174656552266
1932529823,0.3748136888429073
2499256983,0.37382467582515416
2091194817,0.36514713766774415
2499313213,0.3645948158431449
2502196083,0.36103343505740454
1929304783,0.3609410080943702
1879794645,0.3584191854020103
2499636982,0.35835411556828634
1879897133,0.35589500001142005
1931645613,0.35264908122327865
2499600914,0.3519101386247649
2092809433,0.34641210492777397
2502018237,0.34543370007852525
1931659025,0.345286862962055
1880514172,0.3438951380152576
2503706070,0.3434751559420294
2092877171,0.3428187040318818
2499672211,0.3422493495972923
1933536007,0.34096532414007824
2501465580,0.33581756421030445
2501702960,0.335529477053045
1934320773,0.33391980697940665
2499706644,0.33350009783636286
1433471714,0.33273753657058736
2502109890,0.3319765761386812
2501495104,0.329454775640965
2092760521,0.3293627436165478
2499760704,0.32825437884831754
2502976484,0.3276107652991916
2092016803,0.3264592995453965
1879234541,0.3260547621741069
2092756445,0.3257165329391867
2502098144,0.3256625331658627
2500271721,0.3246515192420565
1933506255,0.32235701883376067
1931650313,0.3212270899310975
2502448472,0.31909857868660885
2095365674,0.31716973978528173
1879199300,0.3167551520477447
2091184385,0.31619105608510756
2501601321,0.3139878524830692
2501655165,0.31181387305535097
2503075752,0.31084698394295157
2501417192,0.31073525996117923
2501678964,0.31054749624765554
1879217220,0.3103915813562305
2092085424,0.3083646783477297
2093930480,0.30715634838084444
1879826574,0.29774373330892334
1930977571,0.2962702908073331
2499205004,0.2923226790551535
1434587547,0.29231529391957334
1933520017,0.29147398149661946
1932576243,0.28971823413875225
2503167024,0.2890815070630883
2500235942,0.28846013590066427
1931008895,0.28636514586501516
2503409892,0.2842487932181222
1879777241,0.2821023308502912
2094636912,0.28077372253458416
2502282900,0.27969431090524016
1878586892,0.27863275611188637
1930195061,0.2765265356673327
2096270713,0.2761078966660213
2502789243,0.2692862366803933
2093040804,0.2689323894947332
2501315301,0.2683489123579733
1931001532,0.26809872869491563
1879246941,0.26683590513511785
1879151613,0.26540519746052266
2499257642,0.2630554107875095
1879891652,0.26207417613574935
2499511232,0.2606384412907517
2499487050,0.26004512026823323
1434434673,0.25869665841677614
2499506874,0.25859760659976644
1433678592,0.2578052340535904
2503276922,0.257030556673134
2095408541,0.2564184471808411
1933512572,0.25617785589198083
2502949832,0.24927441084957383
1433121964,0.2490495514570424
2502484114,0.24796651000779563
1930161347,0.24633093546664697
2092006852,0.2417259363076964
1879768950,0.23974005985959568
2501179192,0.23958939732109114
2502781277,0.2393905234314108
1933526775,0.2378177958642538
2501419345,0.23211915874672762
1929310631,0.22976544511347075
2091253811,0.2271958095173285
2503549912,0.2243338758743266
2501365061,0.22262948711224675
2499623642,0.22140337508707428
2503883795,0.21746516115694411
1931639887,0.21675043110182693
1432895617,0.21413285725050757
2091949285,0.21309948355716685
2095365521,0.2118384035743771
2500344960,0.21099533894345288
2503420091,0.2081464688689036
1930158277,0.2059324085351145
2501233962,0.2050526428968748
1930195414,0.20461063775233643
1931666125,0.1982277030801387
2502150940,0.1981980860081122
2094565175,0.19543875540533698
2499233225,0.194293617040107
2499301005,0.19372692686795756
1880489702,0.19302678822687533
1878583253,0.19206006198903464
2499462271,0.18706546204824848
2091962437,0.18388343820772454
2093906944,0.1830386110507839
1879901180,0.18285511824995396
2091974890,0.1810479095148621
1433267413,0.1788118727530334
2502367794,0.17718024424407408
1879788995,0.1767467197326194
1930198115,0.17370359172410857
1879132110,0.16769160543521158
2501062180,0.16669808622038995
2500735704,0.1663809161644425
2501868970,0.16378038085700153
2501330450,0.16150049247376685
2501409341,0.16051653745999267
2503168190,0.16015304845471273
1932571975,0.15817652523000542
2501665430,0.15621127729050222
2500597742,0.15526518896653752
2096237952,0.148412145470284
2502206924,0.148287084361463
2502344812,0.14826454384695661
2502013235,0.14762187544622973
2502154014,0.1472739142180226
2502270430,0.14679783756896267
1932604581,0.14554366083219455
2502524632,0.14495420731185082
1879213657,0.139581886017093
1879843694,0.13953823549708907
1434634947,0.1393511910223358
1879903732,0.13828874769370303
2501060657,0.13825235825891077
2501008625,0.13669300199296097
2503030942,0.1347064994359597
2093010572,0.1316325984103656
2092782931,0.1311569319702414
2502383232,0.13111407468905953
1930220275,0.12701172980461564
2503127092,0.12664944907120432
2092954041,0.12521402301273213
2501876201,0.12332655971376447
1880465640,0.12323043248968046
2501625731,0.1226646200050725
2501214202,0.1202111645604384
2502247592,0.11769319795077181
2092076237,0.11632266701773458
2502208162,0.11622179800730732
1433320585,0.1158919475374626
2092852711,0.11515029816217237
2093056013,0.11436667334794227
1930179660,0.1117763654144331
1880545253,0.11167536782412181
2503048671,0.10931167813588873
2503671800,0.10855567407761556
1434238083,0.10774592703794313
2502957240,0.10567565166590723
1929313851,0.10529726064767903
2500370072,0.10291438260809885
1879823955,0.10147126432180165
1929314135,0.10123637277578275
1934294445,0.10063543783773946
2500238875,0.10031981992827813
2502353354,0.09760838111911196
2503376934,0.0975922055977128
2501797185,0.09753671539258084
2094690595,0.09645939766344888
2091963713,0.09475577467623843
2093089440,0.09362010514370675
2502045177,0.09249017257374441
1932580917,0.09173632625488236
1930983777,0.09155166517215257
2502261835,0.09093660500927789
2503101400,0.09067397825599217
1931595517,0.09040511536450926
2500532595,0.08873396503075576
2502484850,0.08819339382353038
2501834312,0.08694300047661067
2503262324,0.08660071337503117
2094562654,0.08594011907534668
2502397640,0.08421980447709028
2095403957,0.08200059759792826
1434397371,0.08197347910760373
2091271790,0.07868862747430916
2502735804,0.07817910369180453
1930930971,0.07662487188307476
2503785175,0.07611051105293574
2499276040,0.07600145452792285
1434304963,0.07556794307408408
1931026823,0.0755546418386592
2499223904,0.07393495442173766
1879895110,0.0737875724683414
2091229994,0.07243349230946972
2093878710,0.07221518808864123
1931646097,0.07138411417487356
2091284584,0.07001551702468532
1933585575,0.06953704440338326
2501742310,0.06933019207060387
2093889797,0.06907582393739894
2502014644,0.06884348854327761
2501452932,0.06847737014274956
2499806932,0.06716824257323653
2096246144,0.06698206050849562
2093085227,0.06453586830960516
2094559110,0.06269285722727244
1433801823,0.06172511523524586
1931638677,0.06019659195275975
2499255871,0.05974376813106804
2501409934,0.059067147156435656
2091223454,0.05686282359601417
2093072075,0.05517473451050153
2095459650,0.05420086874896446
2503119187,0.051778015397790166
2096199184,0.05119291517058963
2503891514,0.049377532573217024
2092016511,0.04814108406657292
2500230182,0.04419658943107267
2499229015,0.04294740106486061
2092893471,0.04084586947310138
2501775670,0.040744288038164315
2503127493,0.03915891548922823
2503131707,0.035765448541669485
2500253040,0.030076724604041018
2502467922,0.028884047489556496
2092092363,0.01703104804072567
