user count in community:626
Topic id:5,Representation:0.4788068381498604
userid,score
2502237927,8.909912154308113
2095450235,8.877354366390993
2503325382,8.842668590938903
1427603960,8.181157046928545
2092936192,7.94434854888638
2501931757,7.904222284238043
2503589981,7.781685107054173
1434465884,7.668501369965861
2501797422,7.313086137791979
1934324023,7.068155538103265
1934322592,7.004394797315151
2092832314,6.888001846539175
1879899610,6.77058279143522
1427823420,6.575893689483236
1933493623,6.562477355325653
1932563445,6.558934428095365
1434434457,6.532379148196811
2503318490,6.410672978824643
2502041342,6.359190515885241
1879866267,6.318349312697854
2095461312,6.22490679251735
2500702935,6.103971202570666
1427778110,5.9921899208384355
1433621275,5.872502380857115
1878582611,5.801063923761914
2092082117,5.791200553318367
1879244523,5.783942237485901
1879900432,5.70702175596935
1878577927,5.648614385506667
2501698604,5.633949560817143
2501324422,5.629240434243591
1439332807,5.6079344896027346
1434019230,5.536227677101892
2503193011,5.500177254764506
1932450387,5.497081676239178
1427589977,5.494172924317362
2501620755,5.48212687962156
2093087137,5.44944226520893
1434746781,5.425928779966432
1433294104,5.421719206507207
1932532430,5.417711647349722
1930165005,5.3663329483967726
1879811593,5.305506852437589
1933521107,5.258940559435028
1932634004,5.2295474777864355
2502433147,5.17708107317204
1433392064,5.144959832400903
1433329774,5.13349047716855
1880497674,5.112626091584944
2092913191,5.109726024910624
1432645435,5.074280661610465
1880472962,5.029937129481024
1880434772,5.026952949961931
1434476397,5.025565885451959
1433605720,4.999734531674451
1433105404,4.987084829800717
1434025824,4.982790198992481
2092008882,4.976993713626287
1932465310,4.971010652930228
1930247330,4.965523418817914
2091950140,4.964195446522513
1879156082,4.9474283113922395
1930245727,4.915832103325435
1434527361,4.851112359652347
2502575757,4.82480935431408
1434402060,4.822386760602215
1434339064,4.803961254774304
1434533667,4.792386081938953
1427844971,4.789544896715761
1427790270,4.787837322224581
1932596437,4.778661916502721
1878578683,4.766664453875035
2502170977,4.76001389404379
1879823544,4.741333442404132
1433358522,4.713348518704736
1433595587,4.706660108210614
1929307921,4.700321688278799
1879804595,4.694574948502668
1433068453,4.688524674960577
1934298875,4.657238979282913
2092857993,4.642563557828529
1879168807,4.640642292003524
1427733671,4.638445342127559
1879811951,4.620551771982832
1879876034,4.6174823762092965
1432655664,4.598992664630356
1433135582,4.597828328709488
1433577781,4.584517615524004
1427733943,4.562988005729644
2502096164,4.5626084143471655
1932461857,4.56144961719587
1432680574,4.5520281342507785
2502881181,4.547336984297106
2091986991,4.542002290393444
2502355462,4.539154769182537
1433027131,4.528169575195769
1433669217,4.507924014079486
2500730630,4.478219183927258
1933513673,4.47640312090062
2501275014,4.452812647477174
1931029102,4.422939306949234
1879131197,4.412931709956051
1932455451,4.402433745959004
1879870794,4.382195259358718
1931594822,4.378131613572405
1433718850,4.372228701778922
2501610264,4.350935313121464
2092043451,4.306896287683503
1433406647,4.290366983938757
1433387177,4.27276349691482
1930170433,4.2688510018422265
2502547051,4.268460223703141
2501955052,4.252388439628508
1932637202,4.249854958069353
1439375430,4.236920082628284
1433621423,4.214498851734398
2500151964,4.2043354973747515
1427718637,4.187191142110258
2503472355,4.182637214941098
2503528392,4.15072183287398
2094610225,4.131712925003971
1433158862,4.112823483668103
1879826137,4.1057462909290265
1433545233,4.102863477704117
1930951603,4.099310131230788
2092876611,4.067752618519334
1432614015,4.055952208326957
1433940047,4.04430051478251
2093922584,4.039973532088539
1932493733,4.018145726814374
1434650910,4.014637306806823
1434533641,4.009612179384144
1439625305,3.9983962138643276
2503365964,3.9901973732566183
1439503732,3.9857084546498323
1879827145,3.9751387698572707
1434409692,3.9620861375092096
1434477690,3.961090208088585
1879774433,3.9559684747336803
1432854021,3.9300376534475014
1933591574,3.9297692049300355
2502024915,3.895506202201945
1880523237,3.889573277849815
1879901184,3.8672640259023177
1932542115,3.8434328766210286
1932640877,3.8418052803370886
1433876622,3.835646760908637
2095379051,3.8340320311213487
2501068090,3.8200189189038665
1434684397,3.8174878789771607
1932542262,3.7997235192596586
2095355697,3.796597364268089
1433800415,3.784104244026452
1434694457,3.7816306970245472
1433219794,3.7816296695005573
1879223171,3.775105398250432
1434173303,3.765557968348684
1433323862,3.730322293455971
1879224927,3.7298635314674398
1433558991,3.7289255136630044
2095373041,3.723015361759177
1432641281,3.705861037083831
1931011424,3.703251545769555
1930200011,3.697431990294158
2502367615,3.691490935244153
1434170697,3.667305815748938
1879801771,3.660082936263353
2094659371,3.632620048020588
2499677377,3.6017581206985736
1879826700,3.587812562705162
2092020381,3.577042710067804
1434339604,3.5701752898373904
2501857814,3.569079230703959
1434032063,3.567236650617534
1434093435,3.5657896591122817
1930189870,3.562644979218414
2502468280,3.5620618247328024
2091197675,3.557343790995926
2094553640,3.556280868609582
1879835951,3.534193634935298
1432981687,3.5206352130019236
2092008871,3.5201131512060804
1880494727,3.5041601732788132
1879813517,3.4997177621008415
2092773250,3.4961615199641813
2499331070,3.4953478901385258
2092763127,3.4824911255237967
1434698981,3.4705586918587383
1433882174,3.435708738910832
1932596071,3.4312738902628723
1880518477,3.420363391420146
2499739313,3.4174520820258447
1433417000,3.403944635045674
2093019022,3.3717658114538
2501149044,3.36425951038551
1433386572,3.3507285216127
1878592051,3.343567746323141
2092066125,3.3414452132191927
1880497214,3.3363364694046433
1434447024,3.3353599762453023
2502030691,3.3327003921944245
1433640483,3.325288496287837
1879848425,3.3161529733465676
1434429255,3.3142749939494935
2499601542,3.3003427023637344
1433469242,3.2956074050049207
1433874220,3.293541524401754
1930192881,3.279659012180321
1433399202,3.2756380039162294
1434475192,3.2745571328448104
2502495642,3.267256175791713
2501597622,3.262668483244558
1879155741,3.2614995494501335
1433539910,3.2611169638478086
1931007435,3.2542586040176418
1434437727,3.245500964705384
2094642871,3.243499364437498
2501835982,3.2427850318342237
2091236781,3.2297355697566696
2092844735,3.207447753806615
2500319487,3.2067170733284964
2095389374,3.1978954302831664
1434528151,3.195847759245413
2093042013,3.182817096537871
1879187112,3.1815366167747117
2095425921,3.181479387958089
1879126040,3.1753712104416167
1434370320,3.17329601702393
2499289927,3.1722359450659696
1879792804,3.171066028634809
2095448302,3.1667037099666464
1433574121,3.15725381182851
1879231473,3.1539521926462903
2092960804,3.1528456424645595
2502725855,3.151352546263711
1879784183,3.15001859371972
1879803764,3.1452763085537736
2502148720,3.1363026114644708
1878592112,3.1241971684755074
2503326951,3.104486420436952
2091239674,3.100225452851075
1932518390,3.0903668094281924
2091278492,3.087853381532105
2500922980,3.082637286676339
1930969701,3.060083724440349
1434098305,3.045226134976013
2091261752,3.019059899058558
2501848827,2.9961249665896754
2092064654,2.990907176915093
2499247624,2.9628952563866475
2500334647,2.951389562427654
1879846724,2.947902940706257
2092769611,2.940775399585543
2500277503,2.9370511807246555
1932581550,2.931495262034121
1931022777,2.930160248857205
2501302705,2.9061679615415383
1433397405,2.8997844071832906
2502366982,2.898172829689395
1439435961,2.8897578561615744
2501849394,2.8866271377778423
2092053352,2.881530850745802
2501075082,2.8812441461849563
1930241761,2.8748911484547826
1930216771,2.859415983345281
1434371363,2.8557223340092057
2500456320,2.854247225419773
1880512835,2.851701729706443
1432850304,2.842623005707423
1932521945,2.8335630039380475
1434145857,2.830479061559939
2500886690,2.8265780114803083
1432974172,2.8149550827108976
2503750192,2.8147172670945104
2095431923,2.8102913150849673
2092040310,2.7722115701367676
1432716392,2.7639911386080205
1879127255,2.7543248742615503
2092063477,2.7489632711574368
2500308852,2.7326844670436574
2502022563,2.7314627308437065
1434186564,2.7255555583139808
2093092247,2.7190874293790275
1433453934,2.682093627303546
2502041924,2.674148927050915
2091201847,2.6701809425637415
1932430441,2.6583781707719107
2092944212,2.6501494613951166
1931621805,2.6497610998345347
1879887034,2.6365026684802997
1427733824,2.6310592571934626
2095390855,2.6146058477854086
2095443221,2.5951957833834576
1933574671,2.5875767272089063
2091271812,2.563153114193554
2096212252,2.5603101357446647
1879856592,2.5510751881617266
1879128453,2.5300509461215572
2091972360,2.5219107564423218
1433346527,2.521402066512275
1427723110,2.51352459976095
1931674885,2.512142285803434
2096220847,2.5099487289881415
1879229867,2.4934309409903452
1433801845,2.4798924831726326
2093959933,2.477356382056953
1930224192,2.468062581299474
2092898682,2.4564620296887316
1879829492,2.4410701024452797
1439318215,2.417505219755617
2501601853,2.3983948385108755
2096203175,2.3972240458673877
2094671105,2.3932311722984734
1880427971,2.3799083244895916
2501861542,2.377329488241353
1434188551,2.37554563920104
1433187183,2.3648598699427748
1931696954,2.3496687779313357
1933530970,2.34434534494872
2093885885,2.328321432397799
1427756644,2.3166432988690904
2095397813,2.3060714318563518
1932617447,2.3013003361162725
2501594203,2.298927947608645
2094638767,2.2965554124095124
2092005470,2.2819312815094417
2093941090,2.2818502130947254
1433105571,2.267767642781528
1930214507,2.266789788537387
1879130384,2.2606654420937855
1932603692,2.2573821180975813
1931026877,2.252285015455456
1433726903,2.2474982668504726
2503759152,2.2434814513593246
2092037512,2.2233541242321606
1433616141,2.2160185461882205
1879794247,2.212171734579449
1879199815,2.2003671967744354
1879843593,2.187411168456563
2092819681,2.15189115893414
1434492110,2.147472243378175
1932652601,2.1468712778059813
1439558741,2.141633585232684
2092956573,2.1405936811535784
1432938931,2.135124932651982
1879905425,2.128163180492896
1930156691,2.1245404796460527
2503105092,2.1243889861073124
1434381404,2.115436356495851
1879143033,2.1073658639144037
1879137877,2.106697620725222
1931688225,2.0913246833701318
1880525774,2.0855569686056334
1433060821,2.0850341531580017
2092856627,2.084692190552764
2096266562,2.084660952712959
1879132153,2.0797031790947185
1878583133,2.0733675030218515
2092008822,2.0720490550632995
2503094822,2.0653262651209494
1427828665,2.064279635266442
2091219055,2.0478699110777594
2503292310,2.040233854987745
2091229303,2.023660076348146
1433962217,2.0190963049071335
1432659015,2.0137613338119422
1433228131,2.0095102747401623
1433953135,2.0009894099952206
2093966992,1.996200331440235
2499258051,1.9892298758400737
2501958674,1.9667404904425188
2501738297,1.9551546110069862
1427683122,1.944088106852822
1433973177,1.941579221748558
1432660452,1.9364072244982724
1931023450,1.933344554871407
1879857292,1.9306956561351318
1879801550,1.9207874664698665
2500147711,1.9181116534681995
2093857044,1.90212914016571
2501007541,1.8857619051235004
2501960571,1.8614170283647535
2095402962,1.859295138652014
2095429191,1.8521102738372623
1880451477,1.8454213847738048
2096191577,1.8418076122884155
1933598391,1.8355065677024054
1434134055,1.8198143578867885
2501609115,1.8100943573322374
1879878294,1.7994979645779963
1933554442,1.795914829933975
1879871012,1.7940684497687054
1930984042,1.7911663490755694
1933516683,1.7898135276282252
2501004413,1.7894783113511445
2500196971,1.7888910766638655
1439464677,1.7743263670067073
2094575812,1.7577181631901557
2501819795,1.7393384014885622
1931646514,1.7313424637928638
2502839362,1.724460454578092
2503349300,1.7187089191882807
1879241163,1.7118458247358388
1930153461,1.7005102643075432
1880433261,1.67349971158367
1930190197,1.6668880077887984
1879209727,1.661565903924406
2503639857,1.657851833563848
2093951330,1.651579534446897
2500234743,1.6420928811240552
2503059394,1.634129420951648
2092832452,1.6206305029871118
1434273035,1.6158803239727821
2502075067,1.5951754657955075
1439337172,1.5945867367232462
2093924425,1.5912223720029368
1933497437,1.5784354881948428
2092942884,1.5707189505746273
2500139662,1.5462571888782612
2499739493,1.5458822206143508
1879848010,1.5452615204435687
2502175770,1.5440044438967848
2094632575,1.5349888711061577
1931646933,1.5338236680788682
1929305951,1.5280430994182723
1932499902,1.52409853913854
1427880974,1.5227161338170494
1932578071,1.5216757598548742
1439545517,1.5173002785180292
1930938195,1.5148796325402405
2092769907,1.5056574033682784
2093920205,1.5019506568258667
2093943487,1.4954655612797572
1434160330,1.493913777059519
2091200190,1.4901218478628304
1433797363,1.4857600865171527
1931592161,1.4831990100965693
1433210013,1.4747766168458887
1930929097,1.4737127848028349
2500856790,1.4539565597555253
1879831393,1.4460941935054619
1433185493,1.4424613748131363
1434740355,1.425983577559034
2500725931,1.415318004089388
2091266807,1.4128358995531587
1932585507,1.4127108013801408
2503768927,1.4084918505938178
1932506565,1.4048168086827044
1929310913,1.3961423087808502
2499366054,1.392556389036299
2092794291,1.3864091064823603
1434538050,1.380152848992901
1433408435,1.3747467836671663
2501423727,1.367956215054216
2093024797,1.3603600026715614
1934295433,1.3579924433455979
2501786493,1.3547742888379755
2095372073,1.3441146247206317
2502956792,1.3331741382007292
1933565760,1.305424243376012
2500862077,1.3049007773657442
2094615401,1.2941541002298833
1433416121,1.286566476564404
2499240954,1.2651360245999494
1932653043,1.2557038935348508
2092792555,1.2516083276908638
2093050347,1.2488632113792983
2092937727,1.247820371838761
2499294700,1.242388408498459
2092083520,1.2303826136835598
2501729401,1.226620536960591
2094696577,1.2253874918407102
1879799467,1.2238961199876397
1879912115,1.215650003480867
1933583520,1.2076146556064142
2500767104,1.1937444266069903
2096243060,1.1781655410088476
1879805851,1.1767515036881941
1880513392,1.169709443430058
2092885581,1.1690430413451243
1433804711,1.1667505377234164
1932579397,1.1648149990322585
1930146545,1.1641572969764622
1879796834,1.163972057300203
2092930844,1.1439894298102848
2500819390,1.1362564758052685
2502212212,1.1331547673390023
1879903894,1.1293040978283917
1879850863,1.1209679310591505
1933524122,1.1201021474027646
2500215957,1.0989611141455515
2501446557,1.0955289003681965
2501334994,1.0936176707965817
2500337507,1.089809416482188
1433428644,1.0838429748947171
1933567327,1.0766084336584585
1880471021,1.073614890817784
2502859782,1.0703638831575177
1433003823,1.0658454587679902
2502068343,1.0545718905583146
1880532903,1.0471348216454888
2503520814,1.0230719278710885
2091288534,1.0182848908211048
1879778774,1.0051571486438922
2500852682,1.0018777394191494
2499317145,0.9976333453881048
2502895714,0.9935650827171563
2093984407,0.9851727275418634
2500608922,0.969468651345973
2503175015,0.9580203335182483
2502453420,0.944595113316304
1878595455,0.9263551708999458
2502049053,0.924200396020631
1879138105,0.9169407130299496
1879912515,0.9164211123592786
2502657644,0.9111248342432999
1933538050,0.9106931792554334
1932462110,0.9093696482963972
1433311821,0.909311530225789
2093081852,0.8903077311977998
1879856931,0.8750162327656541
1880519952,0.8526574040719936
2092806310,0.8307875044597711
2501232520,0.8271482029229201
1878592497,0.8195488727316511
1930994640,0.809872595581816
1930951112,0.8065374382654013
2095418863,0.7974222672847778
2091973345,0.7919870352816479
1930211501,0.7871455751226322
1932479042,0.7849208976936779
2092760642,0.7828318827142947
2503245374,0.7818814529089512
2503626845,0.7641043150416795
1933517253,0.760234389481874
2095399965,0.7444755175270988
2502320960,0.73959005493268
1879203193,0.739269889618052
1933550393,0.716541895151994
1434056841,0.7088569379060312
1933515570,0.7047238515667072
1432847273,0.7043468139522208
2092826704,0.7036507623083982
2502561930,0.6974074496867083
2500739710,0.6793879772856717
2501476241,0.6767444586695268
2501592432,0.6655516404315347
2499652350,0.6608086857794547
2092894567,0.6591264736981629
1932643682,0.6534716212116557
1879137553,0.641475717806964
2094664670,0.6387492037750698
2092057382,0.6326718839479677
2502353873,0.6111283867100358
1879768667,0.6067042059294191
2092787927,0.6033674017244981
1433033357,0.5899957900467133
2502243282,0.5867805728561193
1932448480,0.5786035872887026
2092065617,0.5751467607917724
2094561684,0.5734118326714389
2501307115,0.5721357289134572
2096214577,0.5683623834103335
1439541671,0.5493172532581696
2091975984,0.5352972886906397
1879842345,0.5277803103267295
1879128247,0.5243909489331782
1432873234,0.5149399560970662
2092832282,0.5071748956243968
1930182094,0.49813164884542854
1930253787,0.48002567984867084
1930153433,0.468667099136493
2501819262,0.46124564286212816
2502136912,0.46007603575981687
2500922755,0.45304627790634877
1931685142,0.4508237293167537
2095390805,0.44545830877805326
2094669205,0.41034215216192454
2092911407,0.40351944867253636
1878603280,0.40094756830491773
1427874617,0.3955704084535131
1434686293,0.38779242949019127
2502430597,0.3852936651113311
2503819321,0.3846316247883828
2503846912,0.3843743420280202
2092043054,0.3779265985960213
1434383565,0.3778979741129336
2503117425,0.37584310362366113
2502989862,0.374696517826548
1932609990,0.36015120908028375
1933510172,0.34627361712824367
2501901683,0.3447779876146323
2499508827,0.3425063359181063
1934315214,0.338188501652936
1932533012,0.332614592972366
1880444193,0.3279418473719116
2503275533,0.32493481991334666
2501336704,0.32066651816595393
2092814124,0.31595667992376325
2501573462,0.3074365716563053
1933521190,0.30285294110877425
1932474750,0.28229974329451685
2501435522,0.2769205813285973
2092972025,0.271109745610602
2502611431,0.27078967164202916
2091220224,0.2637776651520633
2091981394,0.26169518745821496
2500438354,0.24788170571158072
1931623927,0.2449303913229711
2501529640,0.23896725325077645
2501576382,0.23870376764801976
1433951991,0.23698520272063797
1433575931,0.23658325771567018
2501761580,0.2343132717381584
2092959164,0.2292160395398268
2499281044,0.22455428242722342
1929303241,0.21466190716213032
2502758985,0.21424715094684818
1880519110,0.20690142742726017
2502515742,0.202852446029661
2499245363,0.19800282780633327
2094687144,0.19021901639406386
1879201087,0.17876011765891972
2501573822,0.1723783385424072
1930201220,0.16875978721675405
1879171767,0.13590194090343782
