user count in community:2693
Topic id:5,Representation:0.737455952797267
userid,score
2502972784,159.59143243737748
2502368457,141.4204776081864
2499368071,140.27331603727038
2091227401,134.50691145115567
2502294870,133.33390828926707
2502193122,129.2247682738207
2501473964,124.73177860711746
2095402500,124.5438841941821
1930982315,120.9121692076179
2096202780,119.86462595742765
2092852901,119.52452436861397
2501343091,118.68658463836508
1933501672,117.37768927205326
2499718200,115.59093626535508
2091984891,115.45770293448409
2092768147,114.96578387347775
2500109674,114.67999365406833
2091241342,114.28349114402425
1931607770,114.20586101197352
2092890315,113.97249788069124
2096218634,113.47902725412393
2096259843,113.36435740437362
1930222465,112.91993484337691
2500342980,112.47435842403551
1930253297,111.71778500731223
2092824144,110.9104926413227
2095463592,110.62962248965512
2502824085,109.88032831412757
1878587233,109.74770720649401
2500866724,109.676073754602
2095456702,108.7121801443575
2093976291,108.56196215138105
2502919853,107.83630545735032
1879861454,107.71883523676468
2503718475,107.5756751864844
2500178713,107.48253724090831
1931666521,107.15837831876954
1930157535,107.03671109116304
2501792972,106.64555878116853
2093091603,106.42685781490405
1930253957,106.22936020830625
1933500587,105.72243029083994
1880536125,105.43029842009275
2092942010,105.13124402268018
1880435202,104.79314010397877
1930229825,104.42769002033712
2094610030,104.3457741023831
1878584035,104.20533722443962
2092069575,103.98076257793402
2502081387,103.9796137743223
2094650971,103.88995352601512
2095403241,103.66816255895928
1879184517,103.58815987311814
1879868534,103.58491053465185
1931620197,103.29039286675045
2091195395,102.76044337225898
1931026140,102.7438909239464
1931590410,102.60609884922874
1433305461,102.55692316074901
1880521683,102.51801476669667
1931024783,102.21503222573124
2502643273,102.10141650013387
2503365995,102.07307207574917
2093003253,101.42131831361642
2091212663,101.39383972003137
1879792962,101.26035732094552
2503735491,101.256717686456
2499646840,100.5447104208716
2092833354,100.54300108786063
1931655655,100.4783029588042
1879775550,100.32112837576881
1433594093,100.1507036863667
1930176135,99.92521182058115
2092038275,99.87176351064804
2092039132,99.80241519469006
2502723563,99.61949100257856
1879174047,99.49040989244615
1930172525,99.34535093143957
1879904025,99.29596834921327
2091982014,99.20182724334019
2091984467,98.9266052609437
1933526635,98.89696504804427
1879171053,98.73880124397449
1930996643,98.3146116391262
1434000397,98.09032801101233
1931631663,97.94498271631062
1879844885,97.72773648857412
2091237372,97.61022369978757
1879168733,97.470444364085
2501091467,97.0200619049013
1932434035,96.97064874910411
2092951285,96.66093997803678
1879156641,96.57951569464734
2501582641,96.50520065573393
1879834875,96.35059880414163
2502768851,96.28435550432658
1930215645,96.26344641094842
2501793810,96.1486000139094
1433996671,95.98459977530023
1932549361,95.92248393810303
1433758267,95.80495448444519
1879794964,95.61879780001435
2096244891,95.59290118655761
1434351692,95.56050804277062
1930953171,95.28853903671254
2499711222,95.26963950783325
2501390215,95.08552677472716
1433158597,95.01788576438253
1932645275,94.94703671112421
1930154233,94.8429831125736
2500476697,94.77665649757067
2500580865,94.6415704535736
1930945923,94.48693041888158
1932457627,94.47299157959172
2092878740,94.4149572936044
1879773981,94.32037925639263
1880449090,94.18297107591886
2093083712,94.15282272014015
1433554382,94.09529256315459
2092808473,94.04238219601594
2092093181,93.92044944494369
1932568343,93.90912876712301
2502140135,93.73903502053638
2092066705,93.68443922330692
1932450391,93.5318980226853
1931627153,93.18989633532806
1930963823,92.90057326441183
1879135361,92.87429878868495
2091995703,92.5271014101735
2092025971,92.52375200888652
1879788732,92.48087336767574
1930196420,92.46025797579354
1880476793,92.43957716269833
1434718541,92.40220093054486
1879162233,92.14148714301398
2501715910,92.11927196256902
1932459383,92.05887653289943
2092817835,91.77678592074533
2091260101,91.72174519327922
1427716044,91.64307794339197
1434392503,91.62814753600857
2500496697,91.61540927832802
1439331640,91.55374608138885
1434766840,91.33324533200103
2503789574,91.32106907553398
2095400730,91.29265240155141
2092799092,91.01437768464517
1933572564,91.00954779426274
1878577960,90.8644909971162
1933491755,90.84157581134497
2091181502,90.80326020162565
1434750034,90.75178733025015
1932534394,90.60031253850681
1880469012,90.59678375478548
1931641951,90.49367998935494
1880532555,90.3007716721446
1879900374,90.0427281523042
2499553550,89.96181423094906
1879856853,89.86407387727466
2094685961,89.51888247100034
1932541573,89.24952941054727
2092775851,89.14533501668957
1879823630,89.13591602873977
1934322984,89.06167732362273
2499428540,89.02591674098574
2091217625,88.88466117238517
1879148700,88.82964556973079
2093967510,88.79881202748201
1878582655,88.78485531064358
1433057603,88.71207319544587
1880526592,88.6122679737362
1880447342,88.53869812033767
2501321532,88.53563111810863
1932645644,88.5206279340801
1879806462,88.38734142707986
1433341422,88.36242789949671
2502731893,88.23288156548203
1434747404,88.16168669617335
1932505013,87.96898834405373
1878578202,87.8223544537783
1930990001,87.7401288185576
2502668812,87.71430724508147
2092806983,87.67136705118246
1433417231,87.53811174124156
1434184805,87.49660462759354
1934320697,87.38584965205939
1434510235,87.33216211218607
2091183973,87.20531455463852
1930969033,87.13679551854635
2092914524,87.13284053130856
1879861982,87.09377405274365
1880448245,87.05349227310369
1930955494,87.00584773690854
2499585702,86.98957651143448
1439385562,86.9270112080175
1931011233,86.92392151539883
1879145080,86.88837219194008
1933575493,86.81910450304318
1930158634,86.77737003784057
2093026454,86.74306353784371
1930187431,86.66804070551059
1433345865,86.62734879421072
1930225351,86.59500817321222
1879182765,86.43284016522965
2091950920,86.28425758698876
1879149511,86.27651227780495
1880453697,86.19205608355365
1879784077,86.16934535974664
2093076580,86.15271206228158
1930178262,86.08521295964313
2502260154,86.07457066309223
1878574173,86.05963163523256
2094690957,86.03646526269455
1879835433,86.03125173393605
1879797891,86.01452516593281
1880507755,85.92231895563921
2499601602,85.87908475241652
1879806221,85.86808579635839
2092994290,85.83214667474732
1879816730,85.81707771100275
1427731845,85.75099582099254
1878586877,85.7447091287056
2503415980,85.6296830533994
2500199512,85.59374343859011
1878585421,85.5452171871457
1930953733,85.51163987075871
1433933491,85.46885724034651
1879154851,85.35533156592312
2502835711,85.32974044602219
2502509532,85.20435098074593
1879166904,85.15905197266275
2499218784,85.07966636630776
1879802041,85.07917906579101
1932542753,85.0638767900076
1880495045,85.06268052180174
1930225993,85.05684866192752
2095368283,84.94831476308399
1879779583,84.89873895349825
2091977392,84.8845326144171
2094675562,84.87550340782875
1879894420,84.82514797667243
2093968013,84.81457953492954
2092796927,84.66776643882689
1879167282,84.6432058946158
1880512827,84.2492160273784
1879232854,84.18201370743333
2093967037,84.1051752893769
1880526935,83.93760724634802
2499488247,83.91702625342418
1880512414,83.86952567840983
2094644051,83.82564700322553
1880440770,83.76310204804727
1880466742,83.7075144621639
1434419542,83.68217514187765
2093966457,83.48770894174422
1931619101,83.45729671002626
1930248343,83.2181461668835
1879810073,83.1761279406859
1931691851,83.1290027587862
2091963164,83.08255015914835
1434768663,83.0258532864555
1434634922,83.00519523605458
2501698365,82.99712178283684
1880491875,82.90657042416575
1879196597,82.85127831393436
1879165097,82.74307010258973
2092971103,82.6846502144898
1879134392,82.66434568475921
1879169402,82.65657524589234
1931606564,82.56823838171238
2500161752,82.51748914879784
2503847682,82.51594842951616
1434224753,82.45472554838862
1439386423,82.24331023881246
1880457192,82.21078508217735
1427860691,82.16626674218438
1933536517,82.11988871559721
1933510195,82.01207517090046
2092983305,81.73556824160971
1433833077,81.68860890976464
1879184891,81.68258880238288
1879890940,81.65338763331128
1931015301,81.5747348923423
1434081092,81.50692393082223
1930162215,81.45793647649471
2095485922,81.43748845802968
1879134702,81.38915130465489
2096238664,81.17279920259989
2095404001,81.14013188800322
1879195004,80.99757919017476
1433764400,80.88067441590069
1879786732,80.87345011796793
2503628165,80.69764660754728
1878574921,80.64248789897451
1434747630,80.49457201572272
1434190202,80.3611748546302
2092063751,80.32257540844886
2501634180,80.29187098440718
1879813564,80.21009379219075
2091988750,80.18154963122905
1879200053,79.89345286605082
1880439182,79.84306335866049
1930944562,79.77545729714738
1427701864,79.71569585526944
1880528621,79.64656758619763
1434510764,79.61946729048258
1879789757,79.60688143656736
1880450407,79.59980953785524
2096247543,79.56095352059293
1434559737,79.53028270412827
2095489587,79.51368541326137
1879190741,79.4604267346111
1931590945,79.35202932538361
2501670035,79.34880908067552
1879179924,79.31022058431138
2500289390,79.25378344785456
1879837990,79.0572741227432
1879176622,78.95677659339897
1930938422,78.90989944817751
1880495980,78.88610224891153
1879812695,78.80120660490132
2093085513,78.73862416972604
1434732715,78.73103251039063
2093046393,78.69322230230755
1427890455,78.68341389237963
2091191900,78.66384780545451
1931686391,78.55070978037256
1930969773,78.48073947857878
1433899854,78.41478908971311
1434440064,78.40815889867419
1434338352,78.37811271487863
2502445640,78.3499782955352
2091252791,78.26870990160178
2094615725,78.0973696140498
1879137657,78.06562436188847
2093028210,78.03038130490529
1930138403,78.02137369855592
1930160684,77.99769343112563
1879903355,77.98055539849634
2503922437,77.85746084090037
1930950300,77.85505794551626
1931599557,77.77260950126538
1433447725,77.74772423276784
2094651713,77.72912898179322
1879872902,77.69970998168309
2094679910,77.669312808129
1930196795,77.50277514641166
1933502477,77.48478640548464
1930156640,77.44093099658168
1930930292,77.40403491127239
1427682987,77.33604587257086
2095391795,77.33158977494584
1879155935,77.29167446549224
1879876820,77.2845828356224
2500941035,77.28336396955656
2096207992,77.27809116003883
2092880551,77.2543011161951
1931626407,77.23928865920085
1879231355,77.12763858628936
1930244925,77.09478717393034
1434083793,77.06739664066144
2502955872,77.03658243588985
2501439933,76.97548085298259
1439591115,76.9127189495255
2500801210,76.90868357401902
1880510905,76.88043512706675
2499544204,76.85094436873537
1879908067,76.81420670150357
1434420081,76.60973725758569
2095453721,76.59961008396402
1432785024,76.58842742108209
2092922295,76.57280969278257
1879850750,76.51030520176793
1930940283,76.31092036671511
1439371020,76.30235306467887
1930165154,76.26364906462712
2092963791,76.2381442200792
1434498742,76.1629250967183
1878586385,76.09646266538188
1879141351,76.0249479140783
1879156402,75.99909374854042
1433219737,75.98329928710265
1878596574,75.95414560764965
1434263584,75.92837693351572
1879898995,75.8986362852157
1880450772,75.89266035773468
2501580822,75.83942434081284
1930948044,75.79867984028455
1434460071,75.76167375795026
2092043947,75.71042583306836
1931672847,75.66280417547762
1879210993,75.61225207268197
1434421631,75.58855977704502
2500991640,75.52794216914026
1878580667,75.51920088919873
1433647611,75.48765707924241
1879187927,75.39827015790745
1931631517,75.3386689360835
1439320732,75.2495673750828
1879849895,75.22604318673704
1880478602,75.15513090636574
2499826160,75.15395354819228
1432791601,75.15194020074973
1930155762,75.12264101923027
2500112881,74.96595880650042
2095378413,74.94257493886178
1433872087,74.9261716245537
1433341277,74.90613760863667
2503623450,74.81771655347748
1932496917,74.73319220193225
1933562353,74.68614069692705
2091282502,74.6475534348489
1434531735,74.6451245537765
1879824034,74.60999374374816
2501616304,74.5715923065771
2502073210,74.5554195814069
2502850823,74.5459616768419
1433714461,74.40496317284848
1878599187,74.36412101097187
1879193925,74.35343606166074
1433668467,74.30926373351788
1931645227,74.30615973554131
1432805264,74.19792622518298
1879194601,74.1699187868777
1931685907,74.11712962909414
1931640457,74.08379176071071
1932568125,74.03619787272123
1433603622,73.93876159703525
1933528515,73.88345102063961
2092022164,73.8544757230972
2502781687,73.77674425984696
1932526457,73.69328852737401
1434426213,73.67089819831777
1931633151,73.6205829971332
2092003205,73.60978438881591
1879241531,73.54630459898058
1930195211,73.47886747673859
2092780115,73.46782568067468
1931013913,73.42999153676648
1434757120,73.42690076226856
2094698452,73.28416996603201
1433229632,73.2729547257222
2092884813,73.15280500443119
2093031417,73.10866896529247
2091969387,73.09531872415441
1932498447,73.08630796446772
1930950260,73.07621747651334
1434711685,73.02652196954479
1879227784,73.023333863746
2091270821,73.01579983270538
1931644995,72.9743975282953
2503513380,72.93555764194487
1931003013,72.88377867225539
1933505515,72.87101077158208
1879200961,72.80565414113845
1931657053,72.80226169681123
2499852404,72.78519721816589
1434585263,72.76418643341343
1879223590,72.74875571589081
2503865540,72.73204888049258
1878581001,72.72727000273782
1432936420,72.72606501535532
2093022531,72.69507763130186
1930974695,72.6301030837887
2092067403,72.49719261127164
2503583390,72.4522478987555
1433305747,72.45151869695931
1879215861,72.39426955186592
1879888805,72.38907291719153
1933491244,72.31563300775024
1434341077,72.2801466167718
2092843825,72.20025503131538
2499230872,72.1954855227913
1879880354,72.17401736845636
1434137012,72.0920908943814
1879768804,72.09030605154393
1880428513,72.05711807078774
1434771544,72.0517938765014
1932470121,72.0390989126128
1931603865,71.99094272303273
2091252947,71.98007571054548
1930973297,71.9584202202228
2501209342,71.91337703357307
2499211421,71.89764354118228
1880451182,71.8380480291751
2094629835,71.82790120205566
1879224264,71.7734134273444
1433665610,71.77046457236604
1879910222,71.70846776258456
1931693170,71.66598325946225
2092066853,71.63811849243007
1932556065,71.50728750409228
1434717217,71.45052248642205
1931665431,71.43865704641314
2092054937,71.37672780652463
1433631280,71.36549443932495
1930248475,71.34322168201012
1432674253,71.33668773496251
2095368143,71.27985956741271
2091250017,71.2662072135037
1931656571,71.22977945599354
1930978534,71.20682912627653
1930956663,71.19545983939703
1879243234,71.16645085729915
1931654123,71.15133687238261
2091246714,71.08223280878809
1878604512,71.04736361217657
2095489837,70.98388203573957
1930981344,70.96263981146436
1931692703,70.95472953310092
1930965767,70.94691766588006
2091275554,70.93700617920884
1434763932,70.92034084754205
1880516174,70.91680166358498
1879828032,70.88358799874005
2501353714,70.84508241595172
1879130233,70.84475968743705
2499846657,70.81680524545098
1879151193,70.77922565597848
2092895693,70.70885959247005
1879839551,70.65109549377833
1929307083,70.62542833951676
2095414645,70.55655808474656
1434114220,70.5195000690443
1934319687,70.49747846006343
1879207025,70.43859534303282
1934298784,70.39962932725086
1933577791,70.39431738629027
1880501330,70.39179077722301
1879901255,70.38619428834973
2091181713,70.3601509119342
2092903445,70.19112538838691
1931626655,70.11336370801496
1879134130,70.05848928800894
1879202050,70.05269850208303
1433575465,69.95682161936135
1434755755,69.92595940790481
2503749404,69.89010761198614
1433518063,69.8868512254371
1933549537,69.73173725826764
1931588261,69.72116704944749
1879173071,69.71429876706458
1933561393,69.70106563878889
2502198263,69.67642317572742
1933514114,69.61170302047502
2096262830,69.56661128546655
1879126995,69.50928566852129
1432947320,69.49087310320718
1879142160,69.44896464225381
1879200502,69.41322215128315
1880494010,69.36678184349928
2091973893,69.34183738961441
1433668703,69.28080686095932
1433063440,69.18491852226765
2502441550,69.18281734110901
1427830533,69.08054366775434
1434769525,69.01725604053323
1930220847,68.9672730221086
1434333017,68.96231018493665
2092790393,68.96161404794552
1879207284,68.93491069269031
2502822742,68.80899339709151
2093882415,68.73323814504911
2501965674,68.63092619208942
2502018002,68.5978548423183
1879135063,68.59432086587812
2092996530,68.58863953166848
1879153037,68.57844371441878
2092038660,68.5529250945869
1434564321,68.49456357051083
1433935884,68.4460622726612
1434732514,68.43079028365342
2092979117,68.32344347799275
2502691713,68.28397531830689
1930246545,68.24675165977435
1433595894,68.20014629868415
1880501980,68.17403303357459
1930191663,68.07849384126325
1933592057,68.02329808449096
1879212093,68.02308765219604
2499703585,68.01816006151105
1931658307,67.97074579906713
1933529375,67.94853250373025
2096185780,67.89814606604465
1930965995,67.86567694035386
1434721137,67.83328916917603
2499722571,67.77941237754868
1880514311,67.69561519993533
2095336533,67.59105075851043
1931008083,67.5525567930394
1931595353,67.46179595267625
1879805097,67.40573945203224
1433562093,67.2924670176518
1879234602,67.25967604668124
1433864152,67.20433440838187
1433727052,67.19791175653826
1432691295,67.11745075124028
2500682675,67.09898820539766
2501038712,67.09673307278554
1933590363,67.05920953545764
2502336984,67.04433308769191
1433070232,67.04258436632179
1879143957,66.98567010155465
2094662377,66.95822135487843
2092053641,66.90113838925627
1931622455,66.85136889018214
1434660360,66.8305703171555
1878603930,66.72737223782212
1879135231,66.70275723826194
1879844887,66.68877344708132
1930932124,66.64802295843418
2093881290,66.6410127215007
1879170940,66.62538931986704
1879146051,66.61640645438472
2091963161,66.61264633234269
1434536551,66.59880969333737
1879770063,66.52745888583465
1932468067,66.5243787938879
2091998937,66.51845988389229
1931629247,66.47207123729171
1427758353,66.31941873927902
1934323725,66.12303160551726
1434654963,65.98266555675349
1930166385,65.89771386921957
1878596054,65.84972240061505
1439362620,65.81386735780906
2500299700,65.81150805394508
2096185777,65.76442392414985
1427869902,65.66344012203278
1879797933,65.63864990799664
1879126244,65.62478510435112
1930999350,65.6066046404716
2091955361,65.5843172534642
2091261215,65.46309600581377
2092879621,65.44466348240222
1932585327,65.43671028945799
1930222534,65.38909716423215
2093960491,65.31675502532984
1931677815,65.2870988385912
1879813020,65.27818358987945
2094602937,65.26189984082363
1879190683,65.2097144070443
1434029707,65.2086086376338
1930955163,65.12810917101845
2095370230,65.11730788758396
1433596983,65.05835674645678
1879777673,65.04505873698166
1930188871,64.93793940786732
1879790140,64.84063170366508
1932548365,64.7816241423072
2503803340,64.7495978725821
1427785057,64.72615707641202
2501954140,64.66668745933138
1878581232,64.65869070676858
1879908932,64.63920821690073
1434119177,64.6259355342596
2091214637,64.61478598473798
1930149725,64.57418543220037
1880503964,64.57092437426931
1879824254,64.55250021876584
1439387340,64.50486974555281
2096227133,64.48732567664794
1933578004,64.45522691569838
1930940544,64.4347283851479
1930228511,64.43198784324704
2503718362,64.41256877313475
1930182093,64.39693393330758
1931592542,64.39371004787725
1933549441,64.37737650530721
2499205517,64.37185527737353
1930211141,64.3473522292636
2092022400,64.24471889643254
2091224645,64.19958388617601
1879900004,64.11130238226785
2502909364,64.1022330234847
1930160965,64.07503260028584
1879140633,64.05983080255557
1434643147,64.0449385926596
1434639643,64.02817534800975
1930220551,64.00321696401211
1930966837,63.973055449549406
2503351750,63.97233213048536
1433478450,63.7866682421816
1879785245,63.758251137207374
1433609564,63.723897982046545
2093864421,63.703848657909276
2091197941,63.686173644937
1433606504,63.62724512689925
1427716985,63.61593941795349
1932526717,63.6052276756387
1434066772,63.53243735841414
2499266922,63.502414341040854
2502078922,63.446820356193385
1434228821,63.43654168382402
1931695010,63.41582444180344
1433481133,63.40311302230858
1880466722,63.40096444267454
2502514097,63.2174809752214
1880530643,63.208894692323106
1930247287,63.202128540806015
1433845555,63.18461215206026
1930164227,63.070655703138534
2501655084,63.06256207118738
1879187595,63.043524949008486
2501252461,62.82887225844958
2096235440,62.804988061987615
1931679971,62.77883595234366
1933549843,62.758992887573925
1879828401,62.75124089762162
2091250994,62.73916889717852
2092876215,62.67342997500984
2094619862,62.64726015847749
1880466291,62.612355751835636
2092077323,62.587811013963154
2092824721,62.57218604175973
1932500584,62.52995246739314
1879232197,62.50396348504377
1930207255,62.379379630852625
1934311923,62.35615980527856
2502212842,62.283151969877025
2092814872,62.17563016709689
1879161247,62.1740055286208
1930997573,62.160478409047734
1929310313,62.096999389894656
1434642151,62.078292242243144
1879882765,62.03727072521444
2501852257,62.0225343144766
1434447807,61.964977673880554
2093000957,61.94544721373803
1434348073,61.926171580508615
1439559653,61.919039344742195
1433646237,61.900434267720286
1930141241,61.88730006030114
1880519011,61.85364607123358
1880443285,61.83842554810239
1434203610,61.83473112961962
1930207171,61.768168298887325
1931012665,61.73671964728968
1930939995,61.716220370597156
1439551730,61.62853249788632
2094569183,61.625735904296285
2499290194,61.61717996218998
1932544583,61.59791288493605
1439451013,61.57444443481109
1930149441,61.54659887271815
2091968363,61.534588310671126
1879139004,61.50681149962061
1879841224,61.46882835189502
2501965622,61.40183036988952
2095399021,61.357770810207285
1931658070,61.35721134839727
2499213580,61.35551451732899
1931638773,61.30876229117493
1933601152,61.293742856785876
1433298592,61.28713217206472
1931594170,61.26929543829587
2500174005,61.259577996019765
1880544771,61.2520895584335
1434593852,61.208062817690106
2092995194,61.17662827811906
2091978871,61.11626862970428
1931668791,61.064265732050124
1880459165,61.0231602337479
1930236085,61.00049283510716
1879230850,60.982804966554376
1439626837,60.93852225321861
1931017185,60.9368571947456
2092033437,60.84731996271229
1434193271,60.817824494158096
1932541935,60.815112947121385
1439506484,60.718925029046304
2092986322,60.691140992794296
1930987564,60.681272324929665
1879132554,60.578788380806834
2092918875,60.558309176836794
1879136302,60.53719857768515
2092857535,60.46118964920282
1930245924,60.44458163982916
2502307687,60.420191321740354
1930148975,60.41386646057494
1931603433,60.38551438474752
1879174594,60.3612564785131
1934307724,60.27453417179665
2501023050,60.20058729807141
2500110331,60.043170453618345
2092087977,59.96772235455391
1879154083,59.934321309469944
1880443695,59.878745515291676
1930198160,59.85422869376025
2093956093,59.823125380890026
1434426421,59.77399222176411
2501439690,59.655788101988385
1879133002,59.591987521413394
2096203173,59.55845384023274
2502479894,59.51541259099032
1933561427,59.493337396812485
1931009925,59.46041013848978
1880441747,59.4561220140722
2092072103,59.3867352771455
1931693722,59.285899404980995
1879204481,59.24095309399086
2501886235,59.23734358380795
1879781792,59.20179780518906
1878577443,59.1945306101716
1879234001,59.138264488827026
1879768104,59.01367017734495
1933509284,59.00531453660173
1879884724,59.00258089422133
1880535191,58.96884153076337
1427900227,58.92766115649896
1879832410,58.90797638621429
1879191871,58.899769223133546
1432735085,58.893891743940564
1434730644,58.841504631598504
1879847300,58.78385329378705
1878593253,58.77784684731066
2095474875,58.69793440824248
2094655364,58.6804594517094
1433730670,58.63968722240691
2501943412,58.6207665966778
1434419591,58.61164253322324
2092790224,58.604658385006246
1432622982,58.59360492791551
1433959054,58.57152185756477
1878579107,58.54309304609341
1879167280,58.539917681752634
1433310914,58.49958919706205
1878593964,58.49734617813484
1439532923,58.46426284322692
1880534613,58.45420434126297
2092983405,58.44590850232039
1930184464,58.37302577921709
1879226900,58.36462270826295
1930184022,58.29159869258108
1879860222,58.291371954780345
2092864580,58.28153962816861
1434139611,58.266993622812876
2502471393,58.25065011669153
1879150034,58.241742680258625
1931670622,58.22073629927923
1933521987,58.13603699684154
1932584891,58.08413360264013
2095406713,58.05034221188732
1879144844,58.01172944405157
1433230401,57.992925614852474
2096252547,57.93876166346243
2501174514,57.91680026375771
1434067313,57.88445429488468
1879128395,57.870009644219074
1879879900,57.84494204212411
2092789061,57.8420662605611
1879161364,57.78969904222166
2500857540,57.78073818181289
1932495905,57.77144905289421
1434456800,57.74901079707179
1879815392,57.70061498348849
1434489412,57.68090375244981
1931644244,57.66466769962973
2092759867,57.66078987697517
1930963421,57.61010928999692
2091974085,57.506229615022505
1879176392,57.48164740121761
1879843151,57.4687906582505
2091998194,57.434531131784915
1434273737,57.410593625059974
1933525414,57.404053878332185
1880477453,57.30430731445918
1434504367,57.28664366794069
1434283474,57.24734418867888
1879132835,57.21220881133452
1880442022,57.20637960007989
1434644694,57.116581024277146
1880483405,57.09977665753205
1433711954,57.09743591598604
1930245992,57.090905180395794
1434199081,57.08605102720105
1930969505,57.02817246019679
2503889531,56.994535397875886
1933589542,56.93591526194287
1880520570,56.90123899662165
2501524180,56.874316047546515
2503478215,56.86422194862107
2091276091,56.82780267923799
1931646343,56.824075931053024
1879857984,56.810784532604146
1433685875,56.776203279628035
2500655062,56.75729729562777
2093877881,56.746663243729
2499534042,56.74189608916391
2095391501,56.70174406489611
1932603082,56.67803311868029
2501385830,56.576024358814855
1439377027,56.55096573032022
1879151823,56.550811315106614
1932452561,56.47807941472871
1880451887,56.46970529212051
1434502651,56.41701014006648
2093066435,56.40656306159074
1879845963,56.321955444378084
2503652512,56.28368945720636
1879234880,56.24680831836641
2499664711,56.21709414287432
1880476042,56.19352989096642
2093978867,56.172780376770625
2501820164,56.04381547574085
2502530682,56.02765993486249
2502967742,56.02753759543566
1433378471,56.016950081597585
1879903515,56.01621444940959
2091989041,56.00554800219687
1879789243,55.98006252659346
1930984960,55.9623321897338
1930944465,55.95582711676788
1931670620,55.942683152558025
1434448551,55.93288876466238
2500522135,55.83762646038107
2503066912,55.77770170324642
1930175220,55.769682221396096
1439482777,55.72943078315664
2501607020,55.72294356225336
1932481025,55.71255017894014
2501846295,55.673622165226696
1434282604,55.66507411013225
1929317197,55.63493362631458
2091196781,55.62496627259567
1930948903,55.567419561161536
1434424964,55.55404039485432
2093030757,55.55347134472505
1880497102,55.5178229887044
1933496003,55.40459610843666
2501789540,55.36895276870783
1880443441,55.29344508445472
2095375077,55.191438249380056
1880543295,55.15934442745227
2092939483,55.13189721679501
1880504060,55.09533888460545
1879192453,55.09321201801831
1878589902,55.06234264837849
1932446255,55.05911558098159
1934313973,55.03170730401247
2503037367,55.009209107914515
2095453367,54.8836003491034
1879804230,54.86435622480423
1880479080,54.83821253794067
1434720022,54.73797656687711
1930939505,54.71400251662201
2501760072,54.693653519323
2501733850,54.674118997309655
1933532702,54.636815657978666
1879821341,54.482944743365394
2500645250,54.468119671155456
1930970873,54.46656080628564
2501004621,54.46272160968846
1880459891,54.43898117874428
2092073525,54.38224853637087
2501282453,54.374854661219
2501440053,54.323628653542585
2093853633,54.318654287632484
1879912811,54.31574785800886
2502022884,54.304752393318765
1432725760,54.28432409684512
1434282653,54.27811768237244
1439459871,54.275151109142335
2502401514,54.24128414577828
1434345395,54.19279064352166
2094560147,54.176040541491446
1879811431,54.158268851778985
1932517774,54.14657046136459
1879204733,54.123462797070374
1434029531,54.11310196738774
2502316690,54.094424298401094
2503626602,54.07461998818813
1930232087,54.073145462913736
1427605041,54.071998275909735
1879848224,54.01180327479958
1433962915,54.00983837679684
1879199610,53.99631396186776
1879161730,53.994390830036714
2091246095,53.96370785042948
1879241787,53.95213179237097
2096210800,53.91955792454276
1933497425,53.87689551347374
2096226313,53.86086459615675
1433684545,53.81808486905452
2091976587,53.817911082455005
1439398441,53.75997240429098
1880474951,53.70144737722532
2092799887,53.697714506110074
2093936937,53.69317325862412
1879883554,53.59754430876684
2093919637,53.597243422446894
1879837335,53.56566939641488
1932470601,53.53804968872116
1934322781,53.5028531841631
2503620760,53.4762547151355
1933491181,53.41129639688857
2503931324,53.37292004126754
1934311760,53.26913623553794
1879837111,53.265833832141965
2503535262,53.2338137897295
2501680722,53.212546380696494
1931671902,53.21098763552889
1879802107,53.104359650421365
1930985172,53.09915819158019
2499764350,53.09875501894578
1879774441,53.046529127868006
1439345361,53.026160451986755
2092880315,52.9087268306871
1879833773,52.820123846231056
2091288401,52.757495022915776
2500953563,52.74977732919241
1432663931,52.749255208064
1433742643,52.70138906482417
2091233253,52.69860340857293
1932449774,52.616248814084436
1433277800,52.58623157485547
1433228560,52.57648923615045
2500383762,52.53654161624196
1933551953,52.50663803920534
1930988275,52.496243479081855
1879829814,52.45208886020057
2092926110,52.39367269546089
1439422443,52.315525153766785
2503825925,52.29571005910993
1880456120,52.29112408325646
1931592151,52.27796381529238
1931660912,52.21584050397814
2093991530,52.213296709553624
2095467563,52.17965342198248
2094647985,52.16682240946948
1933555927,52.137276471728775
1439430370,52.112332698801545
2501037812,52.04917031221932
2502160832,52.021021896090254
2093986285,51.932067907253845
2093029673,51.87251385898846
1931665515,51.868996352449585
2503317670,51.86569064817476
1434143190,51.85846797974512
1879169925,51.84738914777077
2503862422,51.816518876670266
2093048603,51.697866190961925
2093900827,51.6887874107342
2499760460,51.684674638666046
1432616984,51.681577870175175
2093079835,51.6626905052328
1879165642,51.651572061311796
1932513320,51.629851822367115
2096191451,51.61717324576719
2092052657,51.6156636957115
1880532025,51.57612431685472
2502586772,51.51232795950819
2503441821,51.48329100093726
2499463584,51.47583476052703
1930180122,51.44584564782756
1879152222,51.44391827641562
2501506624,51.41927215661162
2093875633,51.40859278734785
2500552377,51.39288377618362
2502294542,51.38233539075868
2502103375,51.32857433396018
2091228570,51.30576169883016
2092035013,51.288030296254
1930140375,51.24530427797063
1878584581,51.23927596682998
1930145635,51.133506008382476
1433713134,51.104797784032826
1880512672,51.096911663691934
1879911024,50.973545183094934
1879162870,50.87292055642403
1930958424,50.7966144539236
2092785067,50.79382669318441
2092818393,50.662770389753625
1434182501,50.49834338708538
1434566994,50.466212032179264
2092045355,50.45517852213219
2095367872,50.446025393148055
1880522272,50.43693000540311
1879160491,50.380052799681955
2502416304,50.37445233648034
1427590831,50.372069960100426
1932456487,50.35522446580048
2503767942,50.28544360915568
1931008345,50.237427327974515
1879853647,50.22831221530686
1930203735,50.22429516305226
2092030383,50.20593224535478
1879145304,50.199689044315
1879886614,50.16767631451987
1879784384,50.15706192168282
1930204572,50.13168068612802
1934315867,50.09076467359495
2501295122,50.05508551268862
2092790137,50.032472998826336
1427854112,50.031217584104965
2094646703,50.015893018758035
1439316504,50.01387095925282
1930981985,49.97893617699419
1933499583,49.97298482573082
1433999665,49.95456729330741
1879158780,49.89303271186044
2499563234,49.87493013306815
2499227700,49.85836336197353
1880502085,49.82944205956766
1879129987,49.82920576967216
2094562911,49.822943169073994
1930228834,49.757493218977196
1434715795,49.690279384815845
1932455594,49.671104306849585
1931681182,49.65539230534414
2503101385,49.65162290010072
2502400832,49.63409932654066
1880455814,49.61821222541184
1434541951,49.58467573891106
1433265597,49.51746786048904
2093867161,49.50858682832477
2092091702,49.50075759551157
1933519427,49.47172651798341
1879167284,49.47091608649548
1434425714,49.41432674964945
1433353080,49.35518284780599
1880447343,49.34984263151495
1879908332,49.34931995282604
1879145085,49.34029456779598
1427871170,49.308896935616005
1433596194,49.26419393380343
1879214020,49.23436722133729
1931637965,49.22563470728019
2502365924,49.201217930073064
2501972392,49.197599845483026
1930158577,49.192812785864916
2503873401,49.16766747304241
2093955515,49.11463688996629
1879771057,49.10912520092456
1434507202,49.10737532945386
2096257231,49.090884417428235
1879128485,49.075152187643916
2503846183,49.06939031171794
2503589982,49.0371105168335
2500398013,49.00613930549561
2092892404,48.927172667180876
1879811904,48.924502813833854
1433072795,48.80295284340355
1879134031,48.80275318555904
2502911064,48.743279009628
1879843600,48.72366236203553
2502167824,48.70547659148692
1434420062,48.672827807250286
2094559220,48.64679279901751
1432954130,48.6348949217857
1880427535,48.59954429857172
1433518354,48.57120651018995
1879124530,48.54050326771178
1439358541,48.53175358868235
1932428662,48.52952917906846
2499547555,48.504903716626906
1878602370,48.49056697157187
1931648751,48.47656690508862
1880482500,48.453472886800604
1880518065,48.41145087279851
2092020053,48.39359386979999
2092846992,48.37462073485962
1879890220,48.36828717024847
2502160831,48.36451916323538
2503018191,48.335765860201064
2499494677,48.292519458962325
1879133105,48.25631169508523
1878573973,48.255898895099286
1879866594,48.17730650767531
1931616044,48.07815108484595
1933591323,48.063454723503085
1930209471,48.00543782632823
2091955322,47.977673456045615
1434461050,47.965558346083604
2501605592,47.94994981871815
1432780360,47.92977768885672
1427841315,47.91575540644091
1931694330,47.88385084079628
2095405902,47.87787299053659
1433852991,47.87182160696321
1880433195,47.862153577006175
1930200275,47.86004438281994
2092050097,47.83661439592496
1879791110,47.813475322402596
2092920133,47.80619555511944
1933550210,47.74277191486957
1879211305,47.71248750218363
1933517301,47.643497254568295
1933546391,47.639981084426985
1930193667,47.635315917683094
1434388940,47.62974781616554
1879157282,47.624112723531276
1427864321,47.59528270809699
1879769734,47.58212750022851
1439520395,47.572817265546476
1932538882,47.57257875584252
1427699837,47.54464906770131
1930253713,47.53376268699687
1879159590,47.52394132247688
1930149945,47.52038626437219
1879139463,47.51216490401376
2092822234,47.47560544560816
1931612277,47.47500431990187
1932566162,47.466395823463834
1879241347,47.46573493825499
1930162385,47.41821633442074
1434015837,47.41244353549473
2499479641,47.35500994525159
2093083860,47.33699667566275
1879151935,47.31684601583458
2502496910,47.27666430833408
2501962860,47.26553905312115
1880476691,47.15861897309648
1434559965,47.08838114520814
1433237377,47.078822659897575
2093937191,47.05419621401276
2092998852,47.050464716246424
2093947391,47.03450993743452
2092053755,47.0253471469544
2094623895,46.99378453629447
1879132341,46.97809867561702
1433730470,46.97591154859203
1427751511,46.968625583856515
2502106120,46.836384294126304
2500168913,46.82517675143133
1931695465,46.79836743464313
2096216827,46.77663325740661
2501159280,46.75457709099831
1932522361,46.73384309237763
2500185220,46.7087537402316
2501192554,46.6958516608874
2096203591,46.67098950017407
1931688311,46.634389506549724
1880495581,46.61890232205988
1930141311,46.61466673333726
2502892431,46.61129777384003
2503041264,46.6101383781329
2501396690,46.58712903381531
1878601113,46.57979665850007
1879235277,46.55290884560123
2091264891,46.53716111761578
1880503622,46.51548903684046
2092847721,46.49845675946769
1878591313,46.47505000332059
2094633823,46.462094042197336
2096238157,46.4193065945572
1880445802,46.41148997343022
1932591893,46.29401224047089
2093853084,46.292166388232374
2499252610,46.175240815610046
1931022071,46.07054281995428
2501536430,46.06236431598841
1879203637,46.05460925000332
2092794371,46.034014228322235
2503079482,46.0023499557803
2503278492,45.978540038518645
1879207801,45.948910330877894
1433536422,45.914529205824245
2502015954,45.91332854209622
2091955683,45.87711605648534
2503605640,45.816297415159816
1930198071,45.813542623912355
1439543974,45.760125182154574
1879130405,45.753869139508915
1434289237,45.71799716778039
1931008920,45.70095379911399
1434655804,45.65900384117896
1934295335,45.602747943229986
2094679580,45.59644698410886
2092943774,45.574250862374804
1879233882,45.54599188186698
2094695095,45.53009585147988
1879187742,45.508629415395916
1930241967,45.49283726670667
1931643607,45.48249279597828
1930958281,45.48061169661904
1933567755,45.42978879431542
1879216820,45.428627140955
1934322437,45.410474945340745
1931614801,45.40752513027531
2092029500,45.40328681180996
2095468952,45.38268338890036
1879875315,45.33973278952242
1427608695,45.32141732712899
1879225765,45.298556653344434
2503560890,45.283707627780814
2095382490,45.23750670296673
1880538780,45.22801345737432
1434125854,45.21593149032957
1879150955,45.14783840093546
1931654175,45.087053142513525
1880494383,45.08100565838345
2502895124,45.04695996458349
1880490382,44.91988702219471
1879132813,44.90045314836443
1931670540,44.855666219237094
2091210800,44.78705416865092
2503761563,44.78646803767729
2094677365,44.7436801432412
1929309203,44.740899462368255
2092786855,44.70402471693913
1434088937,44.69302152301124
1879865763,44.67955195271957
2091190935,44.67716385412614
2500243043,44.6561055289136
1930189123,44.63759099552776
1879124225,44.632433975974074
1880513130,44.612880364488234
1931667255,44.579856885400304
1878600095,44.560498230681326
2503324842,44.4949322083317
1433144245,44.425385777558496
2499433780,44.403137154602106
2092897401,44.392113764652045
2501011200,44.38080822059205
1879167103,44.32027448190433
1930159475,44.30327183473285
2500266107,44.30103854281533
2091256597,44.30042835998876
2500217594,44.29090515157136
1879176385,44.271327400617125
1433560783,44.231544326221744
1932427615,44.16342203892338
1433535591,44.14571210801769
1934304167,44.13423989208264
1879813224,44.01132031239269
1433424017,43.98060128169473
1433138330,43.97091037797473
2092815062,43.93262496034856
1934309274,43.922708052399415
1433653180,43.899497143799834
2500146585,43.89657211870362
2501079954,43.84910232464858
1931622735,43.828165272241215
1434704997,43.75468820535644
2503316200,43.710280540750304
1427592300,43.68458777367738
1434178744,43.68200406036687
1879840390,43.68095751306542
2094676837,43.67186557102712
2092933560,43.63047263601967
1433521667,43.57510774330435
1879152674,43.54890690082941
2092940467,43.53118499945276
2502668945,43.506254274489564
1880427695,43.43060215943271
1433300397,43.40356969937623
2503469850,43.385094707932254
1880507192,43.38374217989095
1434366115,43.3592071018423
2092858925,43.33209927387419
1880476943,43.32432475660987
1880491662,43.27183470112707
2091237521,43.264699625668115
2093014960,43.16959957613152
2500155602,43.158140290369154
1930172921,43.13386920235627
1933524865,43.052018947083575
2096248911,42.967240007742916
1879183200,42.8640181106687
2500461237,42.855315049896305
2499236320,42.76977986718657
2095391671,42.76710910263229
1434150537,42.57106281268181
2092991893,42.56229644779331
2092083621,42.53259319371211
1931649515,42.48868544281033
2503588042,42.447348112559254
1427656354,42.369101217903186
1434275153,42.363744259214116
2093867111,42.34139727425848
1934312607,42.26330548420569
1433496890,42.252223660138974
2503245234,42.24236435308385
1880530547,42.23027515582843
2092842581,42.17782257687094
1880511060,42.16792855630972
1439619540,42.167530887343595
1934322373,42.13691132351014
1879778165,42.05612469547191
2096273181,41.94255776318546
1878584853,41.92799432649701
1879159682,41.902318469428565
1932521605,41.882153859434766
1933511611,41.88054315703892
2502510552,41.84986880798167
1879167022,41.80631718441734
2501869350,41.77334300383254
1879828145,41.74124359091371
2502046457,41.72171695625789
1931674083,41.68887251238958
1880442072,41.60510862109028
2501496503,41.58927085274064
1933536933,41.545330441864586
1879893372,41.496700549804814
1880453730,41.46325432489709
1879905101,41.4277294997786
1434604293,41.35986415795936
1932515814,41.35810350839032
2092041250,41.32104453853037
2091969695,41.31620810485647
2092820791,41.296818033306074
2502828810,41.24891618116189
1432724711,41.22107218679579
1932508897,41.16874908644061
2092922662,41.16307045806535
2502053444,41.162973045196324
2500991562,41.11148959291032
2503005447,41.1056484911402
1434517001,41.063541097685054
2500406050,41.03014825748949
2092925991,41.009422868455985
1931691634,40.98300275773749
1930229561,40.98119444484003
1934323135,40.95371025999549
1433758735,40.95195964445877
1930973831,40.94456234504701
1433751803,40.919949843781566
1433673030,40.83145201598473
2091979883,40.75749708876073
2091184465,40.698556472656904
1931639727,40.637165961538265
2502232464,40.61116983909334
1879168322,40.60422534168408
1433177705,40.60327416865718
2500706622,40.55434236834755
1879890827,40.51810765174145
2095477823,40.51509955069292
2499843982,40.503481835578995
2094626040,40.42293256374962
1433043994,40.399287815531366
1931669875,40.391305598446344
1878594980,40.385379866722275
1931643635,40.357333603998455
1879220504,40.279502923711554
1433773952,40.225571748344215
2500726004,40.17814953264593
1880439531,40.168078229713316
2499281561,40.15993352214399
1879177731,40.13608040318739
2499412165,40.119289698277605
1433163723,40.10599358883749
1433399264,40.00703468105362
2092896924,39.97124666567071
2092980850,39.968729670032396
2095363637,39.93237398266694
1879130773,39.92038063223312
2499480752,39.80411141296818
2499590492,39.77094089783677
1931013615,39.76443297350535
1434022643,39.75743581382103
1879838980,39.73111903651754
1434463354,39.6551825727544
2499257310,39.64926642445974
2093064593,39.516824325243256
2502447274,39.502415926548316
2096199951,39.50198722738418
1434243861,39.46913507674298
1879803447,39.4542399726957
1880425094,39.416616450331254
1930228875,39.38398330255339
2503035440,39.36201433867398
2093922244,39.352998275358644
1434544483,39.34924988385799
1879154217,39.31579034472072
2092756274,39.31188077723794
2092041122,39.27024511131606
2502479774,39.25751579115197
1433210537,39.22327581140208
1433466462,39.17875719395441
2093975642,39.16671749693308
1930185800,39.15480300774776
1879850912,39.11116183713859
2091997843,39.08782996896572
1933547367,39.08616556813104
2092872953,39.06935905909535
1879902534,39.02782098519193
2093880161,39.016263716027815
1878600022,38.99228329452245
1879903370,38.982705368189734
1439332734,38.93274732606203
2091954005,38.89669677888242
2502443574,38.84952624666504
2091961241,38.842015804857034
2501247791,38.83114280424286
2499278570,38.823597249600766
2503738814,38.81364442309453
1930214073,38.7772804391744
2502178591,38.716458379457706
1879206624,38.71395739838295
2502822723,38.71356970372927
2091289171,38.680515893738935
1932494700,38.673983472724935
2502943922,38.66322197285232
1933529773,38.650624666019645
1878582923,38.644419060338535
1427616882,38.50368798112973
2093978254,38.48907664480429
1432615223,38.48376419264746
2503567480,38.46909341170282
2092756995,38.4673022273138
1933520211,38.44126936188971
2092811361,38.43214803491757
2502485223,38.41497015304801
1879213093,38.37721608647524
2091980637,38.37658183895479
1930227733,38.346192670316555
2093895642,38.314750356929686
1878592927,38.27445737361396
2501234240,38.233567754948915
1879203007,38.221915326221044
1932433070,38.211607498556916
1427718241,38.14693587045272
2499331600,38.097220663771665
1930180307,38.07372093662388
2499225250,38.04165899529101
2096252302,38.04030741434531
1930179875,38.03984175285065
1879220321,37.969875988708466
2501313312,37.96082102904949
2501585892,37.9507416856182
2502068934,37.94082595984106
1931681844,37.92577570322256
1879177922,37.89521208356261
2499727654,37.888096756214644
2502935580,37.836148510592594
1433130224,37.82699445812305
1427714217,37.79747478389798
1433174390,37.789359911430005
1879868464,37.69465201639883
1439475123,37.68622046598605
1878576942,37.671858524904046
2502636873,37.65195408186335
2093086902,37.65057929122966
2503380480,37.64652302189959
1879774574,37.622610085806905
1929302403,37.61016919198964
2091954860,37.5838115782766
1880488502,37.5391858267419
1879903004,37.49780516821063
1433857384,37.486503438269544
1930237825,37.47736809595664
1880517107,37.476996774366086
1879166127,37.45641266069383
1434198271,37.36672575203527
1932432055,37.35987042594716
2500845182,37.32265477564513
2502254232,37.32019397865975
2096269170,37.30223829585179
1931653711,37.28550268825868
1879240773,37.26770496322673
1432718793,37.26701963619365
2502314732,37.24278049265447
1433304605,37.216208382407665
1879152354,37.17095040778504
1930936075,37.16096443786029
1434410281,37.146693985111796
2096246351,37.13248342914988
1880494774,37.125653458475675
2501626682,37.12176462880632
2094628457,37.100952298847275
1879876312,37.067120813929236
1433571440,37.0661227553323
1434452853,37.05521549248741
1930162171,37.032436285182435
2091999621,37.00346839122575
1427835531,36.97615095547529
1434557285,36.94835392753345
1930155393,36.93902058209853
1434320270,36.82028716429842
2500904052,36.78787526633799
1434103644,36.7372298486979
1433653314,36.719302727345294
1879864903,36.69687769671847
1930253155,36.6836773707799
1932482801,36.67473513341868
1933582313,36.61589175388546
1433449762,36.58676183102023
1879884332,36.58215605582561
1434177157,36.55904581357055
1878595062,36.54809684261023
1880544807,36.49215204182779
1931022651,36.43327574019396
1880506000,36.39061565471446
1880470582,36.317345727467576
1930962165,36.3015852856058
1434386065,36.29846874971881
1879861867,36.28132325501152
1434539925,36.25822420221619
2095405365,36.199655335852555
2095430435,36.186046511726246
1931679622,36.179523345911484
1932528183,36.1788549660917
1931588945,36.11326915795167
2093875384,36.03857827559171
1433657347,36.003609690440825
2093954281,35.99166375735329
1434040484,35.911515788372945
1879870751,35.89003659769569
1930947445,35.84476992953619
1879796211,35.78703712672118
2503663570,35.78668615970789
1930148717,35.70772709915003
1879227964,35.69538397343259
1932544014,35.61567321690825
1879841305,35.59435592873265
1880455751,35.57978231549353
1434362572,35.554867473617726
1931633462,35.52637777673171
1879155530,35.46525660576937
1932563453,35.4267978074713
1931692911,35.33901032120054
1878583115,35.31491034009856
1929308284,35.28234823100854
2093078171,35.25722531611126
1880501890,35.22295105122088
1880475155,35.18183650205044
2499399392,35.14058351752188
1427842754,35.1147558809363
1880537700,35.016015640900136
1930971255,35.003877823527034
2502464201,34.99526343482632
1930170303,34.95008953935757
1427757742,34.93485228436647
2093049490,34.906336238132134
1932480673,34.896155449811026
2092837295,34.87943062108304
1433242512,34.83784017496502
1879159204,34.83148398093808
2503498813,34.808374497508545
2499441700,34.804644436752625
1879783072,34.703763811833916
1427612513,34.69250000387601
2501353045,34.654406463693356
1432727987,34.610146066851584
1931638380,34.57978564953733
2091288993,34.56357452886939
2093891965,34.543844519884026
1930994552,34.481190979140294
2094692403,34.41763532078649
2500134894,34.3587684798875
2093906730,34.325494910470475
1879155302,34.29233513266271
1433483257,34.270151801645845
2503431190,34.21928919978528
2502503880,34.1582216520365
2502021250,34.14709241721267
1932459814,34.14408871089754
1931635682,34.10023543429454
1880438183,34.08859410646913
1433368557,34.05025752836263
1933545592,34.037498616961294
1433032465,34.00919764359782
2095464127,33.99416570074183
1930209777,33.99262504168065
2501801972,33.97350077626917
2092009734,33.942689773832434
2093867494,33.92503080803065
2499215295,33.91910482888577
1879124404,33.86029513352211
1434645745,33.85845681743221
1930185404,33.825825949393895
1879864591,33.804918659774835
2092803773,33.74895673375512
1879199295,33.74252739243682
2092849515,33.69084738044667
2092756964,33.664451568495444
1879810105,33.65046465360924
1932477583,33.636568827677365
1879841492,33.56962531692892
2091198004,33.53450867103127
2094662201,33.5297575433245
1879820723,33.521725530920975
1933496767,33.505745342243614
2092821731,33.47830601335341
1930170917,33.46246277838269
2499226087,33.454229353730916
2503730944,33.40447509742732
2096217024,33.371105228630064
1439370650,33.35527250832281
1879886022,33.34922087311378
2502240043,33.33936042810031
1933511965,33.31815687389585
2499646710,33.296736252153586
1434717900,33.223747604037655
2502181702,33.22165224133031
2499565614,33.20275549771721
2091972133,33.2016491446793
1879204533,33.20122697099247
2503347380,33.19446134468751
2502174845,33.158137468302655
1879129565,32.99306988294006
1931597402,32.969687928709554
1879858787,32.89215455794158
1933516095,32.88182762589392
2501726952,32.8309547257533
2095434091,32.81969833468009
1880424747,32.75468257260784
1434564737,32.741630377612665
2499895204,32.72533944712093
1933568613,32.695649859911136
1439497600,32.67325129155488
2092867693,32.662603373880444
2095458867,32.61342105457009
2093858462,32.553626842092754
2091986131,32.53540195435246
1933565622,32.520069695665555
2501438970,32.4000191217524
1879210305,32.39818269083114
1880464601,32.37977139774029
2499477321,32.36829897781772
2500145240,32.3646958363029
2095419604,32.32778102414975
2499394864,32.32359429372948
1930201665,32.32051739383581
1434483330,32.283186216316395
2501003480,32.27151545053826
2095461514,32.268637797489255
1879183244,32.25778887214365
1432612955,32.24718269421126
1433650865,32.24055372362343
1933526915,32.237798390933854
2094670660,32.23520571956222
1880506252,32.113783568058345
1930933862,32.04043667766632
2091198994,32.02833850988654
2503595342,31.98656131152027
1933514340,31.981074095487564
2091268201,31.97937349675831
1931608205,31.780135726187968
1434734410,31.679262446581593
1434053521,31.635957002283195
2502647937,31.58087960536796
2092065834,31.5763761278791
2503473304,31.552797444722277
2093874080,31.5172376705211
1880496792,31.508654615077408
2499742414,31.496999487787747
1933525430,31.456603505929337
1879135614,31.439874135852133
1434669562,31.415328480855873
1433645242,31.37393571548567
2093971667,31.342593250082455
2501907501,31.33713199736025
1879819834,31.320423325576233
2500192650,31.262206393877953
2499360415,31.15306344098767
1880456851,31.119472195029658
2093962151,31.104521547774226
1433134215,31.089828531433945
1931639737,30.997538520547373
1932541830,30.98657940306326
1879829054,30.941377932604055
1930154655,30.905453151506826
2092010880,30.893817672968588
2092803667,30.757094882156462
2502026802,30.752695481290626
2092995855,30.74076274557242
1931635160,30.5978669556564
2501743761,30.56542343555959
1434758281,30.56033851030263
2502263730,30.544415281732054
2499670200,30.52297493404874
1879235807,30.522537628444034
1879788654,30.50482177481494
2094696493,30.46720489574776
1930976177,30.40925386113485
2095437153,30.387140846704494
2092866564,30.37202786913124
1879906454,30.344873496741766
2094634580,30.341083476283252
1930139031,30.311723724693405
1879198502,30.247185668143096
1434660721,30.237597968607425
1880501860,30.226253671445356
1427837635,30.224978126899224
1432622324,30.10260788463461
1934301905,30.07577174335874
1880472362,30.049024143449707
1434104447,30.00136226888944
1434624161,29.974662569648732
1433393804,29.91855651927006
1930217551,29.813070766853034
1933500367,29.80819899109047
1879868954,29.704084769092407
2500395267,29.687882219738825
1878603672,29.654689180785606
2500742460,29.603226770512684
1878585281,29.55926452117794
2093863414,29.528401508531108
1879146667,29.508104161138302
1930243203,29.498436085539268
1879835622,29.419135651160325
1433582030,29.37760827911824
1879789970,29.37562961401518
2095348484,29.353290374435606
2094670014,29.3372894182209
2502930653,29.244012314433437
1439374924,29.19306625384478
2095353882,29.17037973809883
2503480364,29.134847620356794
2092775401,29.1308147571856
2092903047,29.11383349102759
1879139245,29.098338224763435
1434711242,28.97773686037679
2092023305,28.963058026966028
1880496205,28.962055275543975
2502946162,28.8541947014332
1433447874,28.829442589033295
1427848567,28.81522694517572
1433472964,28.8147422400501
1434605320,28.75703183589306
1931664034,28.749781697246753
2503751580,28.7181643208244
1434231522,28.703853652256797
2500183222,28.68965047265355
1932513987,28.686820696707507
1433502264,28.666218398347773
2093919124,28.65279445791692
2095416123,28.616165914115825
2501016302,28.6049221669502
2091973917,28.60002989252856
1878602162,28.57000534124491
1879165147,28.554460785786084
2091198831,28.537649175139155
1929308107,28.533228926232304
1932625971,28.528650393638152
1879807004,28.526285618197946
2094646635,28.448727663053322
1930251763,28.431798200328
2094555297,28.429596638020406
1879838192,28.42765241434725
2092834967,28.352324842651164
1931661027,28.274228043442406
2094597582,28.272239571654943
2501849684,28.24521744962935
2499301170,28.24176924034157
2095468692,28.226622014669175
1930222963,28.220127396202404
2499503285,28.194479670510646
2500541797,28.140969694783777
2501137482,28.13675480243314
2499577440,28.1251463537743
1879782177,28.093537592079784
1434595612,28.081393857626537
1433421914,28.058322890959555
1930252473,27.955483167334265
2092011162,27.891625374107267
1931631153,27.86538261006619
2502580220,27.83533746710974
1930946052,27.798923291155077
1879795537,27.687120318563835
2499419362,27.63542685636772
1879221370,27.633582561778322
2502248924,27.617852092299046
2502692472,27.615265288303615
1879164687,27.601772665178057
2095397854,27.599866679145
1931687261,27.57939741242746
1880518952,27.568286050115177
2499596977,27.506951053597902
1933539125,27.41349685865354
2093881132,27.399791130156263
1880452731,27.380946112765947
2499557423,27.341896401603766
1434002732,27.31773768410285
1930164563,27.313884874275463
1880466211,27.290328002912467
2094577274,27.28077064739465
2092055212,27.268199842560534
2092002471,27.240492147411207
1433638020,27.23897907671541
1930213147,27.238475345634374
1931696723,27.206418146652645
1879862424,27.175878612165217
1930973967,27.15226689621446
1879248705,27.121796455542828
1932625944,27.121587380431475
2500961500,27.109973870784213
1934316595,27.01787223004913
2094653980,27.011483522165992
2499664302,27.0104149192808
2092012817,26.989472596837896
1432702001,26.963192872807202
1879882810,26.915954873400306
2092040421,26.91591366601155
2499288012,26.91490760743391
2093971127,26.874883918544864
2092873110,26.844805590400554
1427834320,26.765005960366604
2091261983,26.728981694575776
1439596052,26.574420868367163
2499339590,26.48715026042707
1879809534,26.463158454910133
2502151372,26.453556190006175
1880512234,26.436865498553146
1434307681,26.43505201081983
2092067001,26.309396902685457
1434269131,26.309317512128708
1932616481,26.29237411505714
1930986447,26.278339839716544
2502655892,26.23556081435231
1879197002,26.234460514814455
1879131951,26.201062063981507
1930939512,26.155008300323054
1880457402,26.125775815965838
1934300967,26.089681539265317
1879194917,26.068413252037164
2501217920,26.018993387301805
2501810390,25.96781534551801
2503564502,25.956075725946892
1433710540,25.90801416193474
1879145580,25.863830213179853
1879813484,25.8577558459099
1930190805,25.839770646367317
1932493351,25.83368121349205
1879840172,25.81118502817946
1434544810,25.797455419221414
1933577854,25.791784895832098
2499427594,25.784378972068442
1879770454,25.778562053077618
2502304210,25.765829751605754
1932487255,25.76575599192163
1434058297,25.744066000529724
1930162164,25.700499631548006
2092900830,25.671616876891978
1880426713,25.65375935760533
2093889262,25.616499182718606
2093058563,25.589804958024253
2091195882,25.567672388125114
1433535571,25.53662833500175
2501520672,25.531629019646193
1931026347,25.52370417064873
2091980411,25.416144228980716
2092836400,25.414008278536794
2499598291,25.30831803744999
2501331684,25.281154354916065
2091226041,25.274831922465808
1930192287,25.270948278004134
2502073675,25.24937820519899
1879124215,25.2201388892981
1879223355,25.196578777361616
1433428820,25.18582756507874
2500102300,25.160115323822204
2501751000,25.14399134692003
2092903852,25.14071305435321
1930175471,25.139205493267912
1879128591,25.020710318648888
2500514000,24.992330618086754
2502493942,24.990183932980884
1931016713,24.984483524706175
1879144233,24.951817212143325
1932578094,24.94733142368749
2092776450,24.865818106974068
1931683174,24.828733937857045
1434566265,24.79332336313215
1879859300,24.77468064394506
2499752952,24.771441798835586
1880476214,24.725130997752277
2093014723,24.71214147003905
1930944872,24.653582471193005
1433579144,24.625870862557196
1879171152,24.61496803285368
1879128653,24.59590373455994
1433119823,24.591911992915385
1930186090,24.563072240869342
1932610080,24.55747859365304
2501497002,24.529826931636595
2096192761,24.448353464136186
2502235304,24.42698163877782
1932537842,24.413975050364044
1932499721,24.376517195009463
1439563882,24.373083479401945
1879151930,24.35885723568386
1432635785,24.336801226668484
1932512560,24.27359773717225
2501135384,24.26365200121495
2093875080,24.214327948714143
1930188773,24.151368263428196
1931016063,24.104914568134863
1934298125,24.081312446950083
2092079667,24.023596696615375
1879809500,24.017694999946432
2499486765,24.007422622805862
2092883925,24.000784140994767
1878576931,23.991178934391893
2095475884,23.946549813262234
2499688291,23.902370049943265
1439414042,23.88417205444702
1880505813,23.799144560614675
2092091527,23.731879806030644
1879783334,23.72442637366269
2500957827,23.71513331750464
2093953313,23.705246577692375
2096218723,23.691133455932448
1879853932,23.63180085881552
1434375872,23.57514657103292
1439615295,23.55672206497393
1879171964,23.544178433968955
1933553492,23.506404010468938
2502675917,23.504612115286495
2500206542,23.48025126722079
1433801405,23.4732911302872
1880500124,23.46221010523235
2502850787,23.42533894309537
1931673274,23.404509135172255
1933536361,23.33122629627902
2502189602,23.29117516066029
1932529424,23.274775238082707
2502859053,23.23430838344185
2092793435,23.2323772441809
1433142511,23.214767771191383
2501387331,23.203974188672177
1934304085,23.10398165779454
2502453430,23.0522741279415
1439584702,23.04051554258465
2501913505,22.992067471327026
1931611361,22.98715515636397
2096233354,22.952243994945828
2499678904,22.915232458737858
2095376597,22.91425647457723
1434515530,22.90265125363856
2093987732,22.847415145163176
2501069352,22.821429149222173
1433088241,22.776852713977732
2503614080,22.77640083818472
2095406881,22.727868191563736
2501360132,22.72233142786938
1880531821,22.71571976416232
1879787604,22.692872877322234
2501717110,22.67171152036177
2499491461,22.667043438464656
2502891367,22.61188571523367
1880489170,22.6105186998906
1879770050,22.609905710782083
2500156195,22.592847491151943
1879162604,22.545290730122506
1432921335,22.523747045200906
2500283183,22.518754250149925
1880435071,22.379313354711623
1434675543,22.375068808507205
1433128943,22.30818643730406
2501844605,22.102407791603174
2091989561,22.09511293713006
1880530810,22.08139489598635
1433555144,22.08077239452689
2499524970,22.032742014281546
1880511327,22.018581744822885
2502974982,21.948419269981454
1879155643,21.933158359363464
1880500922,21.900024684434094
2503762072,21.843830913018206
1931608247,21.818610202381308
2092081557,21.76507967320007
2092957237,21.72759998709961
1931609357,21.676417831632403
2500949670,21.587430196330484
2499278381,21.578532101521525
2503911060,21.552601135356024
2503490933,21.550366744000307
1930208400,21.524353742417688
1879144144,21.515136628766033
1432785783,21.50132260586905
1932544055,21.466737834057234
1931002220,21.43942327560531
2502778782,21.429690673072397
1439545115,21.35829193485038
2499759602,21.355733978949505
1879798434,21.29329931041469
1932639421,21.268638376461798
2091988133,21.178152592173017
2095433595,21.154672791225718
2502049552,21.130981517561775
1433215493,21.069983365206763
1931010914,21.022943163401294
1933563930,21.013802207104938
1879884974,20.92843303165587
1932575485,20.905178093129916
2093959901,20.800078063581626
1932602591,20.791619013542928
1931007702,20.73545370589973
1879208142,20.72523585854712
2095348250,20.680806286591196
1879240034,20.63677403203261
2502250022,20.621942086639685
2091225601,20.618738746683842
1434221621,20.410409708311214
2501975543,20.37939167675444
2092068657,20.35539749722439
2096189110,20.27666316184641
1879191175,20.251913580291948
2499329290,20.199778638163185
1930229084,20.159062259275444
2092014043,20.14164076502848
2091254467,20.110481756820246
2502550090,20.085236745057163
2093854050,20.082489757117056
2501739170,20.071458656245426
1879804590,20.06926850521666
2503187662,20.004673809806352
2092037605,19.973954241035894
1930174177,19.943637991902115
2501037764,19.934333449773263
2092766434,19.87798152486547
2503120331,19.860859785923225
1930212491,19.832474674326484
1879214934,19.80350663718333
1879160037,19.785386511318837
1434180100,19.680452761206325
1930983107,19.67947408848261
1933580604,19.67732619496261
1439384105,19.676085788555234
2501819030,19.630200571499138
2500161243,19.593665376229282
1880515873,19.581342698721304
1879146695,19.546890447214732
1879232687,19.537602514004735
2092958825,19.505728687433216
1879892092,19.417120592182368
1880426610,19.38243503797906
1880542581,19.33558353629356
2502798614,19.333963757396916
2092882304,19.311463103429286
1432866452,19.305220319400405
2092845101,19.264515739557545
1932609614,19.257069414124317
1933552577,19.248373620831146
1879911341,19.234524725831296
1931666694,19.233190863935338
2503515913,19.215159416674396
1931695603,19.21264637447535
1932517464,19.139579117898606
2499571614,19.125393879848
2092991924,19.123366817565028
1433866004,19.070106866712784
1433472793,19.042490872114158
1879214581,18.93970212200209
2503401552,18.933128041657096
1933585883,18.914541622642012
1434027090,18.876782980340685
2501997684,18.873979837618336
1427603034,18.850275011257846
2092002925,18.80556389129069
1934310327,18.745172429868877
1439508610,18.74012003253705
2501989382,18.629722537583362
1933580592,18.628241512456988
1879130027,18.567939307868897
1932451173,18.542414616997785
1434078367,18.53888057277818
1930931277,18.52285332702942
1434675640,18.50352836222095
1879237691,18.437042219745827
2503181132,18.414420453646244
2093948907,18.38861603676889
1433552760,18.3610884499707
2094594120,18.352562994828435
1433496540,18.33759408603259
1929308057,18.316985176445527
1880483890,18.31300688952856
1434465751,18.233539028570018
2093888471,18.218296359204825
1931653431,18.077601450281573
1879135974,18.041705739562932
2500192753,18.020630541230364
1879883812,17.931909697896174
2093089093,17.930845838381355
2500477995,17.92681987089098
2094662255,17.813786221237773
2092067177,17.767764379978047
1930214863,17.74856190580945
2501935887,17.728713013736584
1930238133,17.721563142658777
1931004287,17.629881544838135
2095355493,17.578621326816858
1433506392,17.447974756940592
2501643941,17.37818201891227
1879787230,17.356001023615832
1880476657,17.32822096500067
2501664181,17.30905647328219
1879840867,17.18346096834621
2499894410,17.181784255392046
2502638572,17.1739914175731
1878604481,17.159676942152707
1931026252,17.158481046093847
2092843623,17.117516601625173
2502172155,17.038716331183217
1434066280,17.005010258350087
2093941700,16.9698799433737
2094641523,16.94360660231704
1933502173,16.942840876080055
1879145194,16.89319064988442
2502351772,16.79997862750173
1933516382,16.794072223785868
2093864801,16.745969812066907
1930178401,16.72774296159787
2503112265,16.707332806750944
1878597082,16.538631550932482
1932577857,16.488843874535856
2092900257,16.45010355077721
1930973615,16.42307982608356
2503561852,16.414622809770638
2091248804,16.388546897653757
2500922010,16.361780062447632
1930960975,16.352569229528054
1931695922,16.23460730406806
2501105680,16.176220594187967
2500103512,16.16596449814159
1933509675,16.13845633435955
1879768342,16.116252935890913
1879242840,16.101693593865246
1432634592,16.069754593975674
1933504941,16.035760584532557
2091257375,16.030426600048965
2500585022,16.00773169177354
2499689910,15.95179415292664
2092072415,15.902598235432215
1879820652,15.88056788134886
1930180117,15.80559357841511
2092919455,15.785677308748182
1932528487,15.781601961547727
2091285697,15.773808971662753
1433325045,15.563169878877016
1879185201,15.530923929624759
2096245121,15.497342311556313
1931691981,15.482838080288863
2094624710,15.47706433473521
1879822735,15.460846278097279
1433540682,15.43574461887235
2095342650,15.317155747509984
2499373222,15.232997789856217
1434002060,15.231087254442274
2093890502,15.21488007241889
2094574934,15.156235256337604
2096260444,15.13096590119507
1433218652,15.092334746930792
1879815701,15.078814490044044
1434573703,15.04111214692977
2093865801,14.924237691065425
1434118543,14.901017373911975
2501903510,14.833991579903387
2092004764,14.829215521752158
2503074832,14.815649638810056
1931616813,14.80503348568934
2500269110,14.79870239588322
2501955804,14.738506047562414
2501257510,14.701033860943728
2499401532,14.641110186147804
1933509027,14.626816111318883
2503819115,14.59990687511649
2092960034,14.596623188124372
1931653523,14.560333178280748
2094574507,14.540814489826046
1879871217,14.457944340933281
1931625193,14.444574033644267
2091204291,14.425005392118653
2092781454,14.409585840066553
2091966230,14.381696185560648
1427770475,14.347566287780152
1879174884,14.304799564690224
2092870905,14.287385568706162
2093089700,14.195469396988248
1434251832,14.177445935153125
1879857592,14.033337785252384
2500487107,14.024929816681059
2501313393,13.96307784851706
1879807693,13.914062385941373
2092035125,13.88422748522724
1931022017,13.854797570456485
2503387512,13.819882144109423
1880482604,13.744179599218764
1933561047,13.727559006300725
2092042382,13.668825440203474
2500212710,13.663390984111752
2501600154,13.63143388757688
1879222304,13.61951240400235
1930943263,13.5188932075397
1880483622,13.507682904221912
1933580580,13.48400491734349
1878588667,13.462574726945773
1879836662,13.442127774958657
2095488680,13.414642413865044
2502852091,13.382735359088203
2500289942,13.335592520188838
1434618870,13.332743602999548
2092810844,13.256728154454704
2095362260,13.214965526323878
1933535043,13.206495151200192
1931012337,13.124113869652627
2501972181,13.036352813607998
2093092390,12.925358595337565
2502961292,12.900972285350814
2092833410,12.776631533913998
2503874871,12.688787687614411
2501598005,12.665008777854814
2501067452,12.661524547702177
2502970410,12.65309394291041
2095493951,12.597141912088027
2502909394,12.540943847338228
1932576255,12.476721671235577
1931690637,12.44269897205164
1930955110,12.359243419679785
2501851064,12.349265968764119
1931634564,12.33186514069097
1433205823,12.271206193092537
1880445302,12.232713652052066
1433560262,12.202190966721934
2093943435,12.172799668567178
1879157655,12.129038510291311
2499627434,12.097785232367867
2502255860,12.050304098093779
2095404687,12.030906065834328
2502339590,12.022216401229514
2092848593,11.982953847183012
1930969647,11.939369230467602
1433003152,11.902993028590604
1931013184,11.836124021553234
2502923162,11.825762512312645
1931686017,11.730769807202048
1433215263,11.599334016765829
2096225232,11.552636706260326
2500774780,11.542800818088681
2503692245,11.532457173133553
2500501663,11.480493550536563
1434642131,11.466887347928605
2499245945,11.449783253585636
1879831075,11.406539642474453
1932474873,11.396822514473506
1879152041,11.279458682451226
2092813173,11.2130279847381
1931655571,11.16856096225694
1930999183,11.0868588170476
1930939385,11.081972564185639
2501140600,11.070040350839692
2502420660,11.009262731503851
1879901992,10.965695216170245
1932495843,10.936307772182904
2499617080,10.932998030416007
1433472412,10.926378371225365
1879141271,10.840416292025356
1427803060,10.838051506130407
2501577444,10.779208568985748
1433575607,10.73170446962415
2499496530,10.676607790222297
2502706423,10.667547654234312
1879125257,10.664910522255267
1930166017,10.636786869540588
1433810817,10.626528251914484
2092825935,10.621129898270079
1879215667,10.618761616047863
1930144851,10.470027181744681
1930942051,10.395060070691855
2092818977,10.36015335389361
2502455647,10.333389810518598
2501372450,10.268367081006597
2094641604,10.235475896500931
2093940752,10.22844755378686
2503697704,10.20006589373176
1930958202,10.196225525538516
1879158530,10.173632444022042
1879838455,10.117382267766901
2503815403,10.075550073070083
1930937163,9.942074653497812
1933539210,9.846533109068842
2502955270,9.814232867963241
1931642852,9.779501527385769
1434707841,9.740599341269323
2091241523,9.665076768286264
2091221131,9.583782332965656
2093946195,9.55833436401074
2095479251,9.558059621022311
1933516945,9.498283823177513
2499313470,9.383944486263488
1879161390,9.367160532385448
2091955927,9.341872721203083
1930986005,9.317921733562182
1879244590,9.299932802855722
1879794433,9.299519217081478
1933568354,9.222098485238712
1879163690,9.09676094068435
1879168323,9.07114538359185
1880425714,9.051998463639482
2501084820,8.955069975311583
2500354917,8.816407233146853
1434268952,8.784438877703694
2499886002,8.773050228904722
1932576647,8.751057287272094
1434669560,8.643751347370014
2500981702,8.637981322830184
1934319377,8.602707636620865
1931645057,8.582786109205067
2093863210,8.571171099168232
2093037167,8.553768425701067
2092062827,8.503151936552097
1432717803,8.498847500798012
2499859982,8.493847015004961
1879195522,8.422266556028498
2091247067,8.406086854343606
1427616657,8.345142097655263
2500864964,8.302499766901944
2093987277,8.225632072045734
2092080231,8.218085840967886
1439489482,8.178451650390247
1439521832,8.135853342631966
2501639274,8.123423008051356
1433637537,8.05087161282014
2095476430,8.041524028935827
2500185892,8.039301095659944
2502759577,7.999134929646802
2499780760,7.986700213472285
1934324004,7.98597619281791
2091964525,7.941671481141378
2500268340,7.923904785911176
2503708290,7.885247792209549
1434004434,7.814671123723977
2096226943,7.798546872139326
2501023030,7.756207983859343
1930137001,7.612261167316541
1879126680,7.608337408806045
1931688383,7.607509187455617
2094622793,7.6050424037525275
2499584480,7.600265822166004
2503636432,7.586761073738944
2092000735,7.536699932144982
1930993201,7.451069813093668
2499416443,7.4234847712537615
1931667907,7.373041724241199
1932631533,7.367691832636968
1879214497,7.321383830961253
2091202082,7.240367994037006
1932646293,7.2076196733657705
1879810977,7.199835904418689
2092016344,7.189783155902327
2502841033,7.142225784509732
2499346242,7.138377612458373
2093056471,7.0706791615885445
2499286345,7.063781193377768
2091277421,7.052926279459676
2501332462,7.025284328971851
1930249050,7.005836680011552
1930137325,6.985102599940043
2503810090,6.93464157376236
2095424613,6.90434122907965
2095440244,6.886597263569956
2501137434,6.823381047548156
2502383664,6.76562594799692
1433147821,6.723079754722994
1880472723,6.6867621108345965
2095392360,6.632053833811754
1934297453,6.522273083671162
1434728167,6.505345661942214
1932620137,6.4229778268752815
2094632774,6.379359658017538
2092029267,6.3527641868488445
2502231393,6.327586177882539
1880448182,6.305365043942347
2499337394,6.28118700701873
2499372704,6.198029087222322
1932591132,6.110119439523017
2499246984,6.105825873426316
2502124515,6.099183179793135
2502488273,6.092608583526653
1933546087,6.085921892496108
1932503285,6.062051877652486
2502495952,6.020957332121188
2500252480,5.997185868852784
2502701741,5.926232095316137
1931692844,5.833572688778562
1879901644,5.825800191980508
2502091300,5.809644162712205
2092002621,5.7961039884023045
2502472000,5.738706752454458
1930969745,5.707348684029493
1930935605,5.662175538616429
2092051754,5.634864265628177
1434688680,5.613702234666241
2501558950,5.610301548848136
2095352591,5.5976693879912665
1930216093,5.565570562166333
2091993497,5.543606752020477
1934304382,5.463839333818452
2092796333,5.430196463283869
2092021465,5.395432909216926
1930137013,5.38619799447039
2095406634,5.381968219584232
2499232910,5.262489014881172
2499634662,5.223698843834088
1879155071,5.2179253469677125
2095489284,5.209352716356246
2502640310,5.138508341991838
1880425273,5.077816331606096
2094589934,4.967023417080463
1433965811,4.925850411016412
2501735680,4.9236878487557085
1879217884,4.8897414820428775
1433286642,4.600250241031673
2499702803,4.506875406199162
2499771952,4.505612242440535
2499278701,4.449238006244742
1933530363,4.3906960988198565
2092797045,4.358824216730419
2093016204,4.356016102115557
2501822534,4.347987402227883
2500415904,4.338231713059131
2500479077,4.336733816620632
2501410023,4.262930945211713
1434418352,4.204647022639951
2501950102,4.169945887636584
1930964742,4.15862802928024
1434701294,4.121493866052913
2094673571,4.107315530304573
1930148521,4.100782524703861
2095439577,4.085210032401914
1879882645,4.033478938189276
2501503710,3.9981751419005955
2499220427,3.98857474185584
1880531900,3.966976031114408
2095363141,3.9245219314425204
1880479014,3.663671081986072
2094578404,3.6206368986748063
1427616842,3.5398190811654384
2499312354,3.529558335809476
2503624493,3.5022477457496337
1879193544,3.4684386682800623
2095353392,3.4558005689613895
1930169233,3.4338585090242844
2094649562,3.427849113311809
2501376780,3.4150825330567116
1433485577,3.4073092188204894
2501518671,3.403955096434448
2501734602,3.40068479996988
2503069673,3.3838843798227987
2500823070,3.342601876957831
2093882642,3.3331097582053473
2091190291,3.326676361713724
2501045992,3.3140970187929213
1434276055,3.1411036412396656
1931676901,3.1108743931384804
1931614960,3.1024436560307755
1930974137,3.0801548074090603
2092028927,3.0568192436095223
1930993521,3.019107144870396
2500362537,2.98130310616036
2499448075,2.956568167198029
1931009541,2.9562313684861152
1932521001,2.954919373425604
1879244874,2.9523145257369006
1934313081,2.899003801714863
2501012173,2.765845514113082
2095368054,2.7533400323079267
1931633071,2.747135861751025
2501917672,2.7290320453421644
1879863990,2.7035018969956846
2501706190,2.6685317121964474
2501097014,2.6225740070440726
2093972881,2.5149128408187917
1427747761,2.5097970316778357
2499360782,2.411518868680684
2501467152,2.366256227064314
1930201521,2.3117321904705252
2502492342,2.273275606132816
2501416164,2.2033724571384137
1930202785,2.188402896207981
1439595414,2.1539687761930906
2499874094,2.0311185968900114
2501830371,2.0085800406679586
1934322553,1.9900864428087135
2095428873,1.9805146594080807
1930982357,1.9463919305911281
2503692124,1.9127055684284617
2095391242,1.9094466413769597
2499329804,1.8957580444077984
1931594057,1.895026052218981
1932468252,1.8323666660348539
2500857874,1.8097628122451468
1934320245,1.8069672239861567
2502054835,1.8040891751553199
2092934223,1.777305712253966
2503587200,1.7538760546970964
2096184423,1.7367046199536684
1934296573,1.7360650491433467
2500643587,1.7284310381977757
2503615694,1.7212478644886886
2503199797,1.7087197820559974
2093093094,1.6922256344427713
1931646317,1.6921824119809157
2502885197,1.6228341125698322
1427827570,1.614803755411892
2499360504,1.5789633854257414
2499848593,1.5553641618059753
1930180411,1.5501267199542208
2500509887,1.5496597661765747
1879909450,1.5471185152336617
1931664441,1.532740022966996
2093935072,1.5296346856448129
2500688014,1.5220674872568194
2501957302,1.5021292991193125
2503068864,1.5017758116009148
1931682197,1.4504939466416933
2093051931,1.4464768174076619
2501284670,1.4239605784416542
1433212563,1.4189213922648913
2093087693,1.4084222305245226
2499560500,1.40289203412609
2091998895,1.3985016970387405
1433350923,1.3975152577499266
2502519273,1.3352789190392533
2502026574,1.2989503934012374
2094580687,1.293637717305076
2093919727,1.2885962956805332
1930211315,1.288288140774095
1880451044,1.2664875637658708
2092088124,1.2447460459124564
2500990120,1.2066574518882736
1933560215,1.1894148876484114
1879874324,1.177096458988683
2093853430,1.1687287040482992
1879836024,1.1350972266207922
2502128382,1.1056810098319276
1880476002,1.0730820266161518
1931644251,1.0527820975203268
2092028602,1.04976830266889
2092951364,0.9969538014418877
1880438927,0.9933445571189826
1427778630,0.9808787732625577
2499616520,0.9542134113659003
2502468340,0.9436343410150454
2500293390,0.9371254374304318
2092000505,0.9327335642351744
2499334794,0.9186486574018928
1434052213,0.901640995358846
1433387630,0.8927811298083116
2092769347,0.8561860692010997
2502476613,0.8531250701550838
2502485307,0.8387295823884714
2091184117,0.8324061526808939
2092757155,0.8176747630598028
2500996171,0.7923023110103485
1933572800,0.788260381895245
2499417155,0.7766363965459608
2092921521,0.7591182067476056
1879192224,0.7478246198057966
1434223700,0.7350309234970697
2092904945,0.6981966920269478
2502056104,0.6953075936482053
1933591622,0.6915533214743745
1880507171,0.6835039259880754
2096237447,0.6793701473143342
2093962644,0.676747237784648
1880518192,0.66679214455965
2501923811,0.658683603207725
2091218615,0.6400937070911592
1933521161,0.6193433034770698
1930987565,0.6142478323256682
1879213375,0.6125233912212924
2091952831,0.6107537270582516
2091971523,0.5953197684299748
2096274065,0.5616071649122044
1878601672,0.5483672280621645
1880483383,0.5432975592108756
1930251057,0.5429863846612001
2499303891,0.5239314480022147
1439578930,0.5216470851364609
1880457553,0.5140260438410448
2501604322,0.4969010070845002
2501208250,0.4891978476365525
2503462055,0.46680458738229363
2092856491,0.4574056553188102
2501219622,0.448174383604705
2502026814,0.4457440874716201
1879128362,0.42661008920831267
2501908385,0.42384310550242915
2499859435,0.42283476559757205
1439661151,0.42273949355024054
1879871287,0.40688688447044125
2092921401,0.3998403620429625
2499448502,0.38867378798744834
2092815477,0.3569102065832786
1932637481,0.3443340350020758
1879835964,0.11882024896808722
1930160675,0.0065504379636892665
2094609697,1.8814322594193196E-4
1439534114,-0.3462446502826552
2091282032,-0.3920377829836922
2096201335,-0.4443942981822092
1930202531,-0.5785528844109241
1879825792,-0.589402243637364
1933504091,-0.9831972793718508
1880533134,-1.508520493484171
1879806622,-3.3602460608264204
1879878382,-6.849631218391919
1880510250,-17.156195530036634
1930978947,-21.186073497335926
