user count in community:618
Topic id:8,Representation:0.5621190250773899
userid,score
2502432240,9.845387850944578
2501311230,9.681139930973375
2499371070,9.532134936821478
2503692947,9.514701811627063
2500253524,8.053974127423704
2500102042,7.864065802836325
2502146201,7.614674776127651
2501197010,7.309175027814375
2092932582,7.27266875998157
1932556122,7.267597483870655
1930192312,7.154418119369859
1933494805,7.052678278393519
2503419273,6.876692013681613
2503626107,6.870013362413099
1934303325,6.813738689300185
2092896782,6.6845575766737175
2503778574,6.674433078070167
2094684312,6.637238360636161
2092064384,6.606334826347211
2501820991,6.589409370462694
1878595471,6.503818922124796
2500837732,6.47738815257442
2092019875,6.364663334285364
2092931571,6.336197214784112
2091201120,6.305880540110756
1930216045,6.199932733922324
2091975120,6.107232489808953
1879150732,6.104365273014838
1439377233,6.103607207798798
1930249271,6.0863349065604
1930949107,6.082357895074093
1879222605,6.07550553465571
1879207707,6.040151132606839
1879143971,6.038279692666498
1433263520,6.036260750574457
2096271540,6.014041231720646
1932514924,5.992054412321399
1879169507,5.964507341732018
1931643017,5.924469406004772
2092082737,5.920732100569575
1433352803,5.904813295795139
1930979633,5.89251300681621
1932582351,5.872756588804638
1879839430,5.87049095432987
2499396915,5.8668394913211035
2501690062,5.8436573817441415
1930968441,5.745074801118288
2502838235,5.724445830413143
2503076984,5.712746777682905
1930937403,5.712305944339296
2092858435,5.711399703536519
2503396477,5.703308275026578
1879895723,5.679596260907116
1930168374,5.603958860507549
2503872484,5.573509076605591
1931656005,5.526055820567901
1879807244,5.506550623000484
1932489561,5.367557595444886
2091997783,5.274250915025818
1931672455,5.261957818728516
1932627120,5.243800294578607
2500900994,5.23236029240422
1427595804,5.230520739727618
2499283287,5.206777828767998
2095444641,5.204647006232535
1933493590,5.190588035427223
1434760937,5.162908667255487
1879207954,5.159036319564058
2499244132,5.152483970019723
1433063880,5.139322962496936
1931025780,5.125008441516376
1932634055,5.12256644679956
2499482903,5.110739519257829
2499639367,5.104297830873191
1879157904,5.09740000937895
1932510763,5.090270100938824
1432715841,5.08893935194066
2499499890,5.062029645090875
1930934351,5.02776775283243
2502292901,4.993880741744968
1932505457,4.9830404099071215
1931633804,4.957140866893939
1434304104,4.9005426634679266
2094632982,4.898844859686906
1931608607,4.874154580996574
2502676583,4.8577183381795095
2093981553,4.851294761310048
1427820455,4.8458228519463695
2092026415,4.830769231662913
1880443787,4.812307284253529
1932639853,4.806557456932345
1879176952,4.74392535211269
2501040175,4.732366835395814
1879881134,4.707156634232342
2500293600,4.695635067802569
1930201942,4.658209509460155
2094616831,4.6468575021883245
1931589363,4.638728794779566
1879840945,4.599285086334831
2499223451,4.589240586641409
1879243184,4.578572265746079
2503826374,4.5712179261396075
1929303183,4.567546705864726
2095433443,4.566453274351229
1434687635,4.540851210066726
2500362523,4.53003110355362
2501499373,4.503430538792093
2091186777,4.473293985324547
1432633344,4.4621370951279165
2499833534,4.458068497956292
2502386213,4.451940934020093
2503554092,4.4335150498398574
2092902047,4.408176286163834
1879906943,4.408089844518188
1879808712,4.389083279245997
2499238983,4.370301497034823
1933569752,4.3602570112316865
1879859474,4.339017652534891
2501652962,4.320617580843013
2499405205,4.319775291560429
1879179333,4.297352240348176
1879138233,4.292818059258434
1879224101,4.2549440258043365
2502403510,4.202479535459627
2093946341,4.158661584083913
1932608894,4.156668169624702
1930152301,4.14741785225623
1880468610,4.123454632614412
2092761487,4.120875055870584
1879244284,4.1021722255874185
1930946377,4.092021810210715
1931588940,4.082728808619606
1931679275,4.054977296506576
1930939857,4.041884320935676
1879847252,4.016407732445035
2095409650,3.9995325413666305
1427611500,3.9772410183685207
1930991267,3.973779549273967
1879802412,3.9584032024847544
1879842813,3.9575856521459074
1432959657,3.9426843943294307
1880490001,3.92792569148544
1879891071,3.9200618876446254
2499434797,3.916859854233898
2500829670,3.910700238028236
2501447114,3.8913572968591272
2499667832,3.888239616088583
2094621957,3.8856466090849073
2093060064,3.875853918883107
2502208634,3.8570310691790755
2093010643,3.850482817562932
2503404540,3.8502453389711726
2499735083,3.7864645583316787
2502792727,3.7472747817549052
1433177945,3.7231285985118183
2093085411,3.722008206877857
2500102190,3.718997189379391
2503380831,3.70744518083762
1880533182,3.7055175428517706
1933561165,3.6982122850587738
2502582172,3.6793710654732146
2093967565,3.649333368278347
2499357373,3.633461682216859
1880481975,3.629917838629453
1930960880,3.6215882604581213
1880518571,3.618621329863281
2501355724,3.557387800975314
1930203205,3.5242700520988146
2092840745,3.52191266729243
2499535077,3.518449399359336
2092007703,3.513095354142305
2503744012,3.5089448416466102
2094558563,3.484082133792369
1434293665,3.475524378582861
2501471075,3.4673198892354375
1433603200,3.4600097884548355
1879149390,3.4582695318373826
2501745474,3.452718652221852
2500219720,3.4449652928397647
2091950073,3.4271565129734642
2092925813,3.4189361450180686
2499828202,3.390710477154069
1932472671,3.389654963731047
1930954477,3.386459540759317
1930207455,3.367230095400545
2500399293,3.3646390890847417
1933530140,3.3645745554621036
2500746960,3.3488171293813442
2501418171,3.3427267315482854
1427732714,3.286417559018947
2092080070,3.282513280656157
2502129845,3.2545209143989244
2503381524,3.253875814458623
2501800415,3.2330014589195204
2503707324,3.199739934118733
2092817663,3.1958591349634378
2501651352,3.194187516750799
1879855563,3.178972651819773
1930148543,3.174358642621167
2503181727,3.160396223085631
2503719523,3.152507255214682
1880536181,3.152055779295013
1932568195,3.128668042681617
2503921877,3.1165379079323916
1930939077,3.105219010870206
2500150361,3.086526884491764
1930998551,3.0837536534710397
2094649620,3.0786418608932493
2095340617,3.0539916831847425
2095398655,3.0267677514369686
2095422180,3.026020209720435
2500212595,3.0237960837351663
2499798530,3.0008863243710793
1930195303,2.9961711154989286
1880527951,2.9910744837099656
2095392243,2.9817299219511924
1930964653,2.965925382529365
1931664417,2.953321627558449
2503100674,2.9526915652960892
2501590787,2.9464834997037004
2501729072,2.9451052094609618
2502035962,2.939172553998239
2502510802,2.9304134397444837
2502096030,2.9196253134890857
2501686583,2.916252304665681
2501905410,2.91412611565639
2092032733,2.909337536325739
2501599404,2.9083248436582494
1930200207,2.9047697863574493
2501098453,2.8862056148260598
2499259942,2.866258764779578
2501835781,2.8456484516346396
1880507674,2.8436432520096284
2094633064,2.841252489741935
1931630260,2.833509752746231
2503031734,2.8226449785438663
2092992673,2.8019173704468185
1933523414,2.795911528820291
2500433831,2.7785045459122806
2499552207,2.7749891233009
1932531327,2.765024627136401
2501898923,2.7473706906971045
2092970334,2.7434379261466173
2092853552,2.729518528981577
2499826432,2.719226602855252
1933581352,2.7084845823535213
2501722000,2.7002005709112216
1933555542,2.682972316984717
2095358872,2.677955917021218
1931649310,2.6726492020908625
1879181184,2.6482805398654197
1879787050,2.64638709983799
1427705930,2.6391565404491755
1433467521,2.6002480798137824
2501401463,2.5881364909229085
1879842480,2.5751761512591176
2093943574,2.5636066918065215
1934319462,2.5633008170399507
2503160971,2.549979517437437
2499296120,2.5062740375775903
1432823653,2.5048245769894604
1879784700,2.4992686139074194
2501987473,2.495722851443869
2093969754,2.4774293617283285
2503747972,2.46553530656796
2094672883,2.455877092875652
1932483774,2.4426471975106145
2092020535,2.4309362939232733
2093866991,2.429898716481849
2091981662,2.428706145111595
1879823660,2.422907250332118
1433589300,2.4144479126118474
1879792694,2.414334811022678
2500640503,2.4120464956251246
1930142043,2.3950038014355512
2094634993,2.390436893142054
2503034700,2.3821644484379534
2501621443,2.3538186363654408
2499624740,2.344897081238563
2092918933,2.33152068806448
1879786902,2.327988244072062
2503056204,2.3046529201027726
2092806583,2.300066382416081
2093862715,2.28117878536804
2093905673,2.259790057246373
2502217212,2.249329720476073
2091197315,2.2351871433641035
2093072843,2.223967721454223
1878582487,2.222508529584994
2095482085,2.203168530003474
2094623015,2.1952233994431305
2503114182,2.1878782769522176
2501320055,2.1862840977852063
2503638610,2.1861301703529783
2095485540,2.183591336228105
1879889037,2.1645761832929584
2499762194,2.16249762647617
1878601002,2.15995126349744
2501143594,2.1593301643699556
2095368807,2.1540888734255628
2094576674,2.1400700078411217
1931637655,2.129345432790717
2091990522,2.1142939646933794
1880437670,2.1123221721702827
2503439794,2.102358807599543
1433101515,2.092278257038111
2503564650,2.0864534277730193
2503006452,2.078317846173219
2095434701,2.074142172057473
1931022664,2.059893767523393
2501095202,2.0530460343637063
2502781272,2.0472912005722756
2503770674,2.0369072385919376
2094686062,2.035771606731541
2095394617,2.019261368065577
2501199145,2.001721837276492
1878584235,1.9962614036560316
1879177281,1.9849863495553868
1433302445,1.9796572398913572
2501016970,1.9620977913854274
1433061381,1.9580286808161735
2091947402,1.9370568939243997
2092021475,1.933403999331179
1434601634,1.9328066325877047
2092058544,1.924460541333172
2499308242,1.9200105408185038
2503096674,1.9100795165185305
1932438440,1.9047500011566167
2094584945,1.9033496423659677
2093940160,1.889591526748129
2502450323,1.8887244999856134
1931610084,1.8806329715157144
1433271214,1.8780558537611671
2502214953,1.8752801679140327
2503045734,1.873733938673013
1879815904,1.8555118865122922
1879801480,1.8348662118860661
2503442302,1.8258329174516452
2502459502,1.8207818682030787
2501409181,1.8127209094737509
1932545561,1.8006958296916191
1427602581,1.7934483215057906
2499255770,1.7874236882132855
2503009400,1.7854051072373147
2092080571,1.7804407533024968
2502682142,1.757663350428109
2503215820,1.7510732501697586
1932540173,1.7428130454477395
1879866257,1.7274003995755298
2503373132,1.72711420774143
1932555224,1.7237272335726408
1434235361,1.710350010828677
2502932442,1.7093577450541353
2502130954,1.700502219943085
2092922107,1.6884834077932136
2503793365,1.6874168472424236
2092895213,1.684303525462093
2501732960,1.6780952947701695
2501230707,1.6701050988459158
1879888110,1.6688686620699364
1931642065,1.6662890420651848
2501089503,1.638568816534099
2503869741,1.6362041572649342
2499712482,1.6339866491729316
2501542111,1.620308927872714
1932506461,1.6110545969010552
1931003510,1.6026347015224358
1879247017,1.5850092991936184
1879829071,1.583861010295539
1931689215,1.5802461578656335
2502054707,1.5624782491889393
2093856124,1.5556219235863602
2499718954,1.5494964768163397
1932488225,1.5493910536267388
2502358664,1.538694011456972
2501244800,1.5371775094504139
2503315264,1.5314476894203561
1933501107,1.5271601769886256
2092800062,1.522533756565828
1880439310,1.5052688602505393
2499581512,1.5000754665216447
1930950830,1.4924799684798635
2096253487,1.4916904248500245
1433936424,1.4866171950046971
1879175273,1.482331042188805
2503172652,1.4639139393434382
1879167575,1.4616455166514144
2091188353,1.457972714805795
1879847007,1.4396610865425556
1930153455,1.4353143971416178
2501226367,1.4311835271039708
2092856014,1.4271484239288736
2092965332,1.4244725490673023
2502286981,1.423388476097005
2092799007,1.38687447641464
2092990864,1.3796232290494037
2503026234,1.3777542180604143
2093001787,1.3685167014754755
1427648447,1.3587572921763276
1879822264,1.3342668791405858
2092060795,1.3341921788960402
2501575212,1.332746140103662
2092082593,1.326758700365245
2501643600,1.3264041152998574
1932566195,1.3202724860448924
2503451410,1.3126620882540367
2503665651,1.2895327139030186
2502107004,1.2881449096324291
1879850674,1.2752009323969657
1930993880,1.2676320968402972
1879178394,1.2676197170890942
1433107491,1.2667811957587811
2501163810,1.2666831540622485
1933549545,1.2645077446096644
2503125171,1.2559249964871393
2499259304,1.2482867050712398
1930150194,1.2401559478756767
2502367164,1.2370746397860712
2092776380,1.233143648882714
1879238252,1.2160674639723272
2502188240,1.2039110181168335
2092038522,1.1984121532669452
1439375154,1.194799843463766
2503774534,1.1865179003289659
2499489561,1.1681689444693362
2093011495,1.167800895223854
2503242567,1.1664638912300171
1879791237,1.1636087364729997
1930961914,1.1632383107765532
2499605735,1.162354445215399
2500202283,1.162193187643544
1879794502,1.1604476095313567
2503215500,1.138849736454006
2091180663,1.1281270720800038
2499389062,1.1159242813651868
2095426867,1.112304555343711
1930197437,1.1120278935037713
1432924181,1.108878849125284
1932651147,1.1044553846210827
1930162875,1.0973613339775001
2502542662,1.0776816064107035
2501326697,1.0636295350984357
2502492422,1.0544192189488253
1434094101,1.0508168193357226
2502110792,1.0488082931492282
2093943622,1.045747995494511
2503025170,1.0442976762470855
2095365654,1.0373126284682859
1930156457,1.033339392259273
1879791831,1.0324529413765753
2095425472,1.03125927772663
2502490110,1.0161160773478013
1932582531,1.0136255121923554
2502217292,1.0130133283089384
2093053935,1.0102268820668145
1880488002,0.9994064440594287
1930136852,0.999063592884908
1934298653,0.9847750984016003
2502617454,0.9805415804172873
2502581142,0.9752983286294504
1932614251,0.9743998694308083
1879786804,0.9721685673494712
1931013474,0.9719705355499159
1439334713,0.9575998923729581
2501573705,0.957386926614292
1932600585,0.9479260677745163
2500371823,0.9465939144342367
1879800210,0.9463426778502211
2093945075,0.9405941202394916
2503534702,0.9380577368206686
2093911237,0.9322259782825657
1930180330,0.9297788052108336
2502246510,0.9253634241680875
2092934154,0.9119403937864038
2501294401,0.9000805647369378
2091186947,0.8977391494461666
1879238355,0.8914923634571392
2503768161,0.8858716640501892
1932653744,0.8842313547703265
1930212161,0.8831356625399495
2091246440,0.8792464117935201
2501677534,0.8767851978330056
1879164957,0.8761651439139277
2093960557,0.8731163161768097
1433177313,0.855554452282631
2503273580,0.8527351637006102
2503931750,0.8386314024906942
2499456874,0.8139474442895678
1879887370,0.8067882779232884
2502159035,0.8053136682647004
2502887135,0.7977185422773952
2093023272,0.7966017776190635
1879224335,0.7929520275160209
2501503601,0.7877330650450167
2092768680,0.7694868544787804
2501358252,0.7642108073357572
2091186867,0.7614353112858587
2501008205,0.7573656875546204
2092922897,0.754934346989986
2092973252,0.7537409416380764
2093064853,0.7505797362134548
2093025897,0.7466784200262626
1878586150,0.7460224042619088
1930928765,0.7292504049210036
2095341063,0.7196666114920331
1930172982,0.7179823676354474
1931616884,0.7145340363646364
2499645960,0.7047745668202852
1932479880,0.7028177457168551
1433485943,0.6987294313215722
2502723321,0.6905999274315447
1879211333,0.6860750743433749
2095492575,0.679460693959856
2094668963,0.6784031728859113
2501252125,0.6747990734159524
2092842645,0.6574208427665554
2091982721,0.6557485823304199
2502610987,0.647769224369623
1930973980,0.647279270067826
2503345752,0.6338205721705976
1931003663,0.6330280726275503
2093005667,0.6172541979501553
2503135672,0.6170801686235029
1931658935,0.6158910558722194
2502528323,0.6148488626328353
2095391127,0.6109266058011489
2500774710,0.6053599383270234
2094669691,0.6052833050612523
2499772990,0.5996158702165458
2094608093,0.5899452271913109
1878599031,0.5629337642393412
2500296344,0.5574679997982749
2501969041,0.5565555610086427
2092786760,0.55620155103658
2500103064,0.5530899978596036
2093042637,0.5478787905780171
2093898101,0.540885219134531
2499284220,0.538603702453705
1933570641,0.5370936274807362
1932468557,0.5355963684929377
2501875130,0.5310502660204469
2501279374,0.5277593201806169
2093977123,0.521528395875131
2503320787,0.5199853132766875
2499729902,0.5165439526325756
2502698673,0.5164496658091327
2502425540,0.49518136106471977
1434204871,0.4930573326562867
2092993380,0.49216196391772443
1433871525,0.48048046035571396
2501065732,0.4755701314187442
1433523485,0.47395335874930766
2499441582,0.4600163404393993
2501721060,0.4573917407797143
1878592094,0.4550572902586661
2501240590,0.4523674296099458
2503743230,0.4515003842659279
2502397084,0.4474567207350562
1931679390,0.4444726418543832
1934302351,0.4382214198363746
1879831903,0.4291239821174054
1930174271,0.4282771975182866
2501532360,0.41636308247232406
1931020402,0.41199710175202503
2503862154,0.40864291799133357
1879159263,0.39551058495568736
2094672994,0.38232585988738227
1433199633,0.3765218266795676
2499270867,0.3762290057787357
2499345390,0.3714254682851915
2092885952,0.3708522062344294
1434387020,0.36525070275189414
2092880697,0.36471191742908937
2096279842,0.35724660528243757
2500972741,0.353308593536981
2502636935,0.3474300676684134
2500157893,0.345887581562803
2501692424,0.3456306574399956
2091988012,0.3399315701976865
2502260081,0.33922972114479577
1433531634,0.33627611033960036
2093866724,0.3349903463526823
2501149074,0.332824138472054
1879835164,0.33214776815510383
2501726255,0.330263021961109
2499591744,0.3262887850055317
2501876944,0.3238269533654762
2503779132,0.32050609143077796
2499689664,0.3167728210203564
2095413893,0.3010094213652197
2499346223,0.29393495867421027
2501904833,0.2928274969541206
2503346140,0.29157741328528375
2501971577,0.2890774050734804
2499858797,0.28222180247639644
2500342187,0.2821178524170604
2500948187,0.28142630295635435
2501965535,0.27999844534209883
2499470951,0.27787353915822044
1432651341,0.27631622278979345
2501853565,0.25852574618447377
2499802202,0.25339220079156005
2499319144,0.25294764460364244
2501414641,0.23902101771436546
2503924824,0.23841264271874693
2499682364,0.23545551280829577
2502319740,0.23385631310843952
2502875953,0.22356134303040315
1879802973,0.22160998307420432
2093065220,0.20013198593412984
2093904494,0.19889591538614065
2093088532,0.19407395689217682
1879171031,0.19038953976305403
2503471987,0.11686322772879147
2091231384,0.0850184683746959
2502718800,0.035337403682805864
2503582314,-0.008874628604249743
1439408447,-0.08761257723054255
