user count in community:355
Topic id:2,Representation:0.3227502394727255
Topic id:5,Representation:0.5270615761412135
userid,score
2094560175,8.374453689589863
2095450703,8.341031944046835
2091963181,8.040419909285909
2094639977,7.751853382303957
2499517262,7.243746457255108
1880534213,6.9647741378455645
2091962443,6.7838289177114
1930941090,6.585789379931399
2499297514,6.5124029752968315
1930963487,6.412672507834156
1931007300,6.2632986277129135
1879802454,6.182956575017631
1931661347,6.1480301474370265
1880454912,6.1052779525050624
1879779734,6.064217279602209
1930179873,6.04991222932028
1930182033,5.970072886409941
2095400833,5.90076829377543
2503440444,5.856595043283244
1931695724,5.839350316288904
1880505410,5.826891658459115
2502048872,5.7858032764287515
1439414705,5.695564989167445
2501749652,5.672147768763496
1931674021,5.669466557851019
1878598573,5.5861193425280184
1929306943,5.5809149615900315
1931006501,5.577756398911275
1932465142,5.55430436488291
1434544513,5.3837699447710525
2501771443,5.378501681973836
1433346464,5.334791331483425
1934307022,5.332068136053062
2499575284,5.298770692417856
2502495632,5.251374632129586
2500584133,5.177427176306451
1880471322,5.142330560488947
1878580004,5.134941719745386
1433625632,5.119939379895351
2092037064,5.099335096192442
1439462111,5.0626130274506345
2501164590,5.048216295524622
2094648494,4.99941931682228
1931664742,4.974179236574805
2500261152,4.962369029481327
2500249442,4.9019797833355545
1878596620,4.873870696082017
1880470220,4.858537104029879
1930219040,4.834168532369436
1932441291,4.833652714852799
1932501041,4.8329235351022755
1879787132,4.824771223592056
1434380940,4.8211298800179545
2092093090,4.766577900056492
1879189664,4.762820589740649
2503158854,4.711279002835415
1929305094,4.695722630451684
2093882975,4.693611031187805
1879885270,4.670898766241387
2500636463,4.657491544725372
1434553561,4.646326281818331
2092835431,4.628755139372473
2502329427,4.615440397861915
1930233795,4.584935173966433
2499327250,4.581795276624897
1427603313,4.55738919834231
1878575957,4.5497689090765085
1879894863,4.548962358626076
1433474031,4.5053521519529545
1432700083,4.498276720091271
1433804030,4.485447386142663
2503113282,4.452113881812929
1439621463,4.434642124999129
1880452447,4.406064827315845
1880426505,4.391546215130976
1879781372,4.379890900371324
2093899587,4.355089247801766
2091247595,4.348475559838501
1879906982,4.265001058680053
1930964107,4.249414206840516
1439395165,4.236490537304217
1880476692,4.224302175095991
1434607403,4.213203093958678
1434224355,4.2093296916689695
1880532340,4.200932402003396
2499631990,4.198581179003112
1878576484,4.196659476214345
1879140622,4.19396609450537
2503131957,4.183987601346266
1931602755,4.1621612373855434
1439613093,4.150643944669905
1879232284,4.091708875854303
1879158991,4.066324937779022
1434000117,4.0616692347609655
2502248875,4.057560198639111
2096268410,4.049080620113936
1933502711,4.030152333011666
1880541534,4.029166482572472
2091251351,4.01424478976431
1930966635,4.010939927789238
2501397475,3.9888987892977092
2501973681,3.961780050260465
1427844833,3.956123309236914
1931006257,3.9300864425387934
1439411150,3.9297800772422113
2091187603,3.9235390578720493
1930988207,3.9039429290680236
1879776463,3.89639341695332
2500173540,3.8910795538641976
1434560371,3.865189602064569
1434181010,3.865039873556596
1879199765,3.842894415507649
1433557323,3.8387873025837225
1427592465,3.8147263552708544
1930195304,3.8034125441058237
2095344835,3.729897223549255
2501922932,3.7004531908337355
1879144040,3.6870710964446447
1933513103,3.684359227259077
2503617072,3.675561183283518
1880495925,3.673034250551372
1427593641,3.668437891696711
1933549103,3.666918152724929
1432612943,3.634178894268352
1933564873,3.623593561942277
1879830405,3.605775845377979
2502462454,3.5916628345541404
1930953321,3.5836793511740215
1931668753,3.5620357462725445
1879131770,3.5508493621011525
1439440182,3.5272355010588883
2095337017,3.5271495881818735
1879847753,3.4772667687597862
1930999725,3.459505729465179
1932489642,3.3969005810235293
1433386395,3.3904693311040393
2091240091,3.3895944958658832
2092851002,3.389456341305332
2500416025,3.3621994525911436
1879143117,3.3570518801214533
1880507825,3.3285854591963937
2092944627,3.3234802138409156
2499412541,3.314877374674542
1933597263,3.3127016718748097
1879168340,3.2941825802847076
1432895575,3.293862527068943
1880513994,3.2895810794290936
1434414634,3.2533347622103075
1434731981,3.231527523522381
1930958893,3.229743591134639
2092032314,3.2147998337124783
1879180713,3.2068829568152264
1880504602,3.1994094306228655
1878585863,3.1933471973041136
2093923390,3.191068407160768
1931007301,3.188002186822096
1432695027,3.110693042711833
1933571484,3.1011630900909735
1933525284,3.0920876656431653
1434424903,3.0899981862872146
1433993833,3.0447309662842903
2092007395,3.0270091725656023
1433955482,3.01760336005612
1433368312,2.9858219714896572
2503595267,2.9541707634823924
1433297062,2.9475729860669873
1433123075,2.945465429415544
2093950825,2.9169565248491973
1932444564,2.8801625872399086
1878594701,2.8630282899769854
2499318605,2.8565474288092516
2502141592,2.848141881079032
2503797092,2.8389784423357303
1433546963,2.8143458639700345
1879829462,2.7910075812047377
1930163967,2.7806825528359376
1433223142,2.7751631969525588
1879856934,2.747168453402288
1933508182,2.7432247647076817
1879795645,2.725978739995458
1929312651,2.7026621972763376
2096226142,2.684355966591338
2091260015,2.664906620371856
1879140955,2.664421605790378
2503875614,2.657013650988743
1434555724,2.654701294053035
2096255124,2.640687611397258
2091185112,2.637739331380876
2503721670,2.63524816440315
1433464033,2.63263042603061
1930961223,2.6234064801226458
1879896344,2.6065118487901375
1933513035,2.5957591575925063
2501647282,2.5918669836414745
1930981623,2.5742357039366137
1931005191,2.5419868817221527
1880459573,2.538423119914791
1879807672,2.5329072195088247
1433053694,2.5296336571114524
1880444560,2.5263886401908326
2502953594,2.524426932287362
1427791747,2.5243821600087677
1433725465,2.5050061717235135
2499628723,2.504926951010109
1432914911,2.503193637575146
1933496913,2.4978360626415843
1427876533,2.4924403123572993
1434235581,2.486713752836777
1427875813,2.4721056876877
1879881264,2.3988549343645715
2095452473,2.3871974715228466
2094604053,2.3866983021641337
2096265992,2.3727223697066115
1427815721,2.343779245255053
1879137984,2.3421510548623434
1933505705,2.3227945276064523
2500932124,2.3163976022049972
2092091040,2.2927870746450902
2503453451,2.271137939760994
2499302000,2.25724796165942
2500276083,2.2168677355996262
1434631637,2.2101751139916526
2499292140,2.1924442608200723
1433827742,2.189579990192172
2503191945,2.1776004820743924
1427654820,2.1306721577459626
2093943865,2.117090721270897
1434308324,2.1143780811981707
2502130825,2.096540676789731
2501522141,2.068846328897858
1433336350,2.067798351303676
1930943517,2.0476940938588464
2499589844,2.035523192051963
2092928664,2.0327297489793144
1932513065,2.0251599568735976
1880485342,2.008995449255822
2500566270,1.9703038853764985
2096197135,1.9568172605997987
1931651651,1.9546751426300284
1932571185,1.9539586823783992
1434513973,1.9424682500626598
2092858922,1.9294227135331832
1427899751,1.9110736371975912
1879861654,1.9099303088276478
2499862680,1.9094835422002236
2502546630,1.9090377271779941
1880482667,1.8964634390638815
1427688265,1.8938020784291392
1879889292,1.8831614746349226
1934302087,1.854002625915446
1427840352,1.8306036971172586
1880518521,1.819672341427899
2501783424,1.8181361376571834
2503489135,1.8149988664536398
1879896272,1.8111117900361893
2501052531,1.803624670162782
1931687151,1.7858815363394882
2499264150,1.7788614797836146
1931017850,1.776236638632696
2501601525,1.7518856464944397
1932496987,1.750902219908558
2501252530,1.6874028881564986
2093019367,1.6818032601900392
1879829767,1.6746936862759225
2502280120,1.6351931469363448
2092919360,1.6331089160346794
2095404921,1.582190030950021
2499501600,1.576667313225878
1433582422,1.5484529023950337
1931600284,1.5395434271944097
2503885802,1.5360901629984298
1930168055,1.5052948508943949
1433779463,1.5039299432896536
2092926037,1.4927547054957584
1879870725,1.4691579008891513
1934296252,1.4672675043727528
1930215441,1.462696073798535
2093078772,1.4622203267396543
2093886667,1.4484092605275571
2094655804,1.4462629172471928
2499699754,1.4322266921096982
2091183732,1.4309784868168516
1427675612,1.4178424646108556
1932512871,1.414465732405354
2500961214,1.3766204925935281
1433596734,1.3630210118798116
1933543481,1.360323895130332
1880532331,1.3410085104808824
2499558370,1.2735287920108012
1879138212,1.247272083008149
1879860741,1.2413209977503048
2499762930,1.2303511705509462
1880463174,1.1816925863213645
1433791590,1.1678719873375376
1879848477,1.1556123283250357
2499292994,1.1459687885644096
1427592210,1.145417083519773
2091244587,1.140665939043358
2093902504,1.1160124575314652
2094583363,1.1143860463455855
2500551200,1.11176023352154
2502988502,1.104601105312338
2503628434,1.0983361825046871
2093058397,1.0943209839031824
2093991275,1.088888538945537
2500295797,1.0805775475098034
1930938675,1.0258230779755835
2499362737,1.023441602574791
1879812094,1.010330056314544
2502079777,1.0094940984857181
2502559843,0.992658512280715
1930138130,0.9376530809685723
1930155057,0.9300185084051504
1427722075,0.9168435757348644
2092774860,0.844455966255363
2501706055,0.804798384757109
2500386357,0.7839959741765017
1931688451,0.7806209941397775
1879879570,0.7744523859306429
1879788780,0.7601169060269046
1433512494,0.7567837196460465
2499449840,0.7547333305251798
2499680563,0.741630034612277
2500726200,0.7210546467327388
2503756910,0.7116763195706294
2092016123,0.7099908264477096
1879893354,0.7048424097077333
1433287292,0.699988437191652
2500567790,0.6957585768111902
2091246713,0.6896065382051609
2092935932,0.6384074591624623
2501472364,0.6071866992082114
2092069217,0.5980122258611115
2501980387,0.5625558714327151
2499396327,0.5467111242884076
2500919280,0.536620629424081
2502511822,0.5192035420252148
2501406364,0.516550862702447
1930202261,0.512702799930095
2499480615,0.5033888826490056
1434710283,0.5005666989992752
2502214751,0.4893620096078654
2499283687,0.4887460944719906
2502597690,0.4874982565677783
2503346200,0.48414275725463946
2091961550,0.4654042196594728
2503610712,0.43762340066012273
2502119500,0.3723405056068354
2501906010,0.3670056039430861
1427679360,0.36546108815167533
2502711275,0.3585926495092794
2091224802,0.35562720996841785
2500263481,0.28853000746862045
2503662834,0.28072171541370733
1879845435,0.2746119994270554
