user count in community:689
Topic id:4,Representation:0.64340328648262
userid,score
2499531142,16.84748693041365
2500984840,13.732729175551421
2092915727,13.642851072492695
2092878423,13.628320234028145
2096273465,12.22548760588444
1934299325,11.655304024131983
2501964965,11.494191546575307
1432604335,11.043616230826716
2500177344,10.990600143738527
1932461307,10.856830115323207
2093901271,10.838835196729185
1930140851,10.806053196972545
1879172363,10.389128618847117
2503583964,10.37635959674744
1932637814,10.231425266016467
2499255987,10.229745923522788
1930145462,10.208172865407915
2092842021,10.131742392319218
1932505922,10.117200649159912
2094673267,10.081299376906236
2095495454,9.988725562448671
1433290767,9.97489272845168
1931680373,9.945731747081068
2091998140,9.783996537481082
1932580627,9.626144693589087
2095437083,9.560865076259702
2093966733,9.493331922610226
2094699383,9.469472596099845
1932518693,9.447810945941372
1932470910,9.404969132549656
2500313667,9.392482930412577
2501211582,9.358200300946697
1931024700,9.347098164384358
2093057384,9.33832025535685
1930150582,9.328125932202699
2094550853,9.290770227061754
1879778060,9.26766943082013
1434105404,9.235939873044591
1433451200,9.139612122828614
2502744111,9.121704171463444
1930204877,9.067718784959284
2091196300,9.052389195129539
1879166025,8.91786844258196
1879201637,8.90584558311097
2092881510,8.872485853027165
2499392765,8.820450512644436
2500986093,8.790946247786387
2501378220,8.757894217583448
2502886265,8.75786510134395
2501881030,8.736529149654446
2502575951,8.70399574752453
1932512645,8.633443863789456
1432960257,8.607788090419202
1880498892,8.536146029931524
2091202565,8.52236580596998
2095342411,8.510089193410522
1434701290,8.45462723540403
2092835073,8.395404469357304
1879199307,8.385128131887985
2503784342,8.364148676872993
1932529017,8.350702795144313
1932493667,8.335718881411102
1439564002,8.333807630864815
2092063881,8.323060728293822
2092951260,8.26115419414692
1879792035,8.2376821859456
1879849525,8.221572891111599
2092926527,8.164503166345895
1932573863,8.159318260350627
1880493775,8.158977087226095
2094579473,8.123032460511867
1427772955,8.108363438278904
1879132660,8.091514572398845
2499474805,8.085340239854427
1434670014,8.076738578648488
2092793725,8.06497202610276
2092882334,8.06269111364799
2499657887,8.051225644151673
2503811271,8.051020016017256
1439499065,8.047253667288379
1930182993,8.031556019522741
1427763725,8.0260807417435
2501858094,7.860547952480981
1434531724,7.840419604736139
1433091910,7.749180231576365
1880436467,7.699467751885095
2501519087,7.69785305181702
2503161037,7.697464185507129
1433646900,7.686634755681083
2094658367,7.628201945946792
2501633981,7.62152838969267
1434546357,7.605315250514772
1434271175,7.596549690156723
1930173631,7.536878067056334
1433878912,7.529215093116591
2092042875,7.52014386882425
2092910584,7.4852377573599185
2092801984,7.46246348060875
1932627221,7.460730968199477
1932633150,7.45501239668868
1879862882,7.448478483217225
1879146065,7.414050811231917
2503242393,7.372470926720701
1932551005,7.37057852186822
2092810204,7.356944539922874
2092848203,7.331503967023761
1934311132,7.302868174574732
2095420657,7.243482961875726
1434624975,7.2410811634086745
1433050905,7.22607159048179
1427583973,7.156603380614911
1879235833,7.1411080397518205
1879197517,7.136998733336247
1930996373,7.119811979914689
2095452301,7.117812214295585
1879785390,7.10408793231763
1932642635,7.085719257365392
1932452212,7.074151130888098
1878580627,7.045946663683214
1933587957,7.03765204751203
2092902285,7.029075327015204
1879179857,7.020926105275709
2091959265,7.012439487424308
2499262997,7.006578064003538
2091280821,6.999573185023975
2092958110,6.995226316956169
1879903837,6.994705902672204
1932494680,6.991443481712749
1433872814,6.981215054659792
2500347237,6.9622598245507366
2502149597,6.959050877697521
1930236895,6.954666084182536
1439542342,6.948852172242513
2095447640,6.929647834501555
1879192935,6.919971696491784
2094636725,6.905618328238208
1930154224,6.877071611399474
1930189230,6.868573421202947
2093863851,6.827922213745977
1879131453,6.806795590463906
2499533087,6.708544663725079
2502951581,6.7015499594578385
1932441711,6.7005834733801635
1930171180,6.6941837851802095
1434422064,6.6904799561699395
1879884032,6.625391890501587
1879154000,6.5892958305405065
2094604503,6.572228295263672
1931622663,6.563261465957959
2093860541,6.555415910085673
2500956394,6.555381671848905
2094627935,6.545630231561704
2502186100,6.537536416404184
2500389553,6.532310992641914
2092858593,6.435149930760112
1930940482,6.431108424047718
1879823515,6.425363789445734
2499475165,6.425319423640021
1880477991,6.419716482401014
1879883090,6.418117969426837
2502005027,6.406551871760447
2094622895,6.3995652702563985
2500446523,6.387866075031418
1879130915,6.384974687635458
2094570007,6.380529302012396
2092075317,6.379537424083066
2499674857,6.37669411320244
2499754113,6.339884093930902
1930152042,6.328375170908216
2500383502,6.320319253025298
1434682307,6.308708283517592
2501825024,6.307054485326788
2503457482,6.2868810393731165
2502154492,6.236746095998647
1879783317,6.2344240175501895
2092930242,6.2274162851822865
1880481584,6.19377372063798
2092844294,6.171659221730923
2503587865,6.1430314527913215
2092775787,6.141616717672189
1880471054,6.131493620858657
2091968752,6.115553854106199
2501206273,6.114067668770376
1439504291,6.10556646923434
2500306681,6.101952720680586
2092802794,6.097964900911589
1879858742,6.062052059170736
1433002360,6.062051013341403
2092872947,6.057871697933666
2499263467,6.037545767025442
1879160480,6.032896943124587
1879167711,6.031936498401724
2092826104,6.013505523041138
1434373103,5.987918657387713
1879198933,5.972778525701352
1932516144,5.945207721865748
2503674523,5.939390726462315
1433914252,5.926856442838065
2500242072,5.925463708627887
2092879140,5.921859628161514
1434195145,5.901450963082922
2092956663,5.90059869511474
1880523550,5.875906706873794
2094607472,5.85996739550588
2093946072,5.850678647114885
1932435117,5.848316621275344
2092978174,5.8348153099182305
1879854067,5.812992457666345
2092785022,5.805455704120211
2092939025,5.76005331399096
1932625125,5.736020931859901
2503596362,5.722195470316051
1880437117,5.719663080464513
2093012983,5.683735505949963
2499819592,5.676689355366261
1880453451,5.669329730247046
2502132763,5.661700711736782
1932516703,5.660719131627965
2094657533,5.6543303067749076
1434596990,5.65244424064071
1434029642,5.64520573036535
1933581934,5.605156733651808
1930935654,5.591941055962192
1427683692,5.576843610632505
2499678684,5.564643392441737
1931646127,5.507180528940873
2092890127,5.480722329124577
1434698690,5.4765206601016425
1879163861,5.452597126071695
1434581652,5.443312635361059
1433300844,5.44065308923725
1879166217,5.397074855206432
1933512482,5.394299312977012
1932543735,5.38337181349466
2092937872,5.373183229294065
1434205013,5.370872414610651
1439607235,5.369505597575784
2093064587,5.362721751758823
1433077095,5.359952741810532
1879829837,5.350596137077956
1434681592,5.338001407056907
2092082904,5.333764231956997
1433508693,5.33128915670484
2093886055,5.310539516123362
1434682527,5.301685284482358
2095456105,5.282328576194843
1439456073,5.279769201236569
1878581055,5.279582697578509
1934295297,5.258611180357505
1930159575,5.255206657595512
1932460691,5.240230039524351
2091253160,5.223495468274115
2095407751,5.2173922831192785
1880530042,5.202668775669389
1930167294,5.180244500101232
1879156962,5.137312039386289
1932546171,5.126382707571392
1878574661,5.102137654097031
1930929972,5.081688700799658
2502816970,5.066417516772379
2091185220,5.056073608683409
1434394701,5.045495269455177
2500710612,5.044946888966702
2092781660,5.031528028690626
1932619445,5.0313528308305475
1879161394,5.023630772263712
2501426235,4.985035499471357
1880471224,4.975429967541525
2499275172,4.97391652548283
1433153413,4.95868248003852
1434152683,4.94304901119466
1434301724,4.9382517065521885
2502372834,4.930910303452106
2093040277,4.9229761508087515
1434174565,4.921208006965506
2500934104,4.910533052561504
1930235983,4.907985075867355
1878576610,4.887575394148437
1434350942,4.879185902177447
2500467523,4.868558832426601
1931588805,4.864768659167174
1880469415,4.862229010092738
1930978365,4.840271924963462
1930249613,4.8189295057720125
2093080813,4.775340870696931
2501357973,4.770511152188857
1433831743,4.76241951542546
2095392941,4.755427259661373
2501661277,4.755418688482299
1933597017,4.754578975324452
1878578622,4.724970977973044
2092838991,4.706478335040503
1880456667,4.705682932338781
2499845773,4.7048413686117225
2092841441,4.698034518565628
1932444720,4.676968270324143
2095430460,4.673792691475375
2092017370,4.663777914326706
2093088981,4.625405396867758
2502623215,4.616785961491117
1880540274,4.605450330428361
1931619017,4.60369207683404
1931696994,4.585835407709385
2500339397,4.5832033191409645
1931006451,4.565278527732272
1879214117,4.565186896495541
2503757252,4.557441370373868
2501551951,4.553549443788316
1879200853,4.538489709097274
2499669922,4.534604434388619
2092090004,4.519040388774375
1433821847,4.503676620326434
2092833523,4.471986761368255
1880495234,4.464278426735586
1930960724,4.4590932843781514
1879173663,4.455679247675116
1931673893,4.455416795031412
2503321694,4.438283231919126
1879883780,4.438265203718072
1930187510,4.387711521098285
2093087820,4.377622887083147
1432857914,4.3746344266193775
1433125275,4.364880123737266
1930186825,4.352511174554567
1432678663,4.341378013045499
2503806417,4.3371351654043915
1879136023,4.334075737497531
2094590024,4.314620166965221
2092870637,4.304605826020833
2092968710,4.291352038200893
2092789777,4.2766157712788475
2501195984,4.261311059480078
1880493903,4.2552764321346475
2501600630,4.2408773249750285
2503116461,4.2332929538036
1931597893,4.227884844981958
2501916985,4.203525311224052
2501749561,4.12428730117936
2096204654,4.1014174610162275
1434110137,4.100424261505641
2096255647,4.061785482310495
2503719755,4.03837490204895
2091998693,4.028139221936595
2501497311,4.025450024440724
1878587424,4.016200829851223
2503664383,4.005674770888725
2093932767,3.998839889419363
1933514202,3.987674512289771
1427799307,3.9850933043400874
2503900537,3.9793518026056343
1434609220,3.967828438653792
2092926083,3.963148532400113
1931006864,3.959800151723093
1930141335,3.954683488706484
1433349305,3.954153432463719
2093077621,3.913439014050692
1879890800,3.9116001643985543
1932637635,3.8915592193420556
2502422823,3.884029384008609
2500876904,3.877930164834134
1879801145,3.868372815001652
2091236677,3.8680480910376134
2501553183,3.867966219138618
2092946140,3.8600399674405415
2501207662,3.8479194851490965
2501807717,3.8279544824397056
2501233234,3.827568305672112
2501722664,3.8268166680285365
2095380191,3.8224465079398815
2092062134,3.8211569970592025
1931593835,3.8175327797414678
2091258865,3.781085645273144
2094609673,3.7810846588403035
1879786531,3.759471845834199
1434695170,3.747958092473931
1879238233,3.7370031206880254
1434667501,3.729586224024387
2502497955,3.726145106220145
1930949574,3.722136514114192
1439510575,3.679870847003199
2499806153,3.669724027821428
2502915650,3.6640851287725615
2093082187,3.6480878368456944
2503747125,3.6468016867728466
1930935141,3.634881895189414
1934302773,3.6274166062800646
2094660043,3.626835567083255
2503665815,3.590376005014069
1934297917,3.5799303283334574
2093907865,3.5570936432624918
2499709700,3.5565381301140326
2093070951,3.538381852728238
2091219345,3.535457202878427
1934301022,3.5329181853179525
1439333891,3.512414641132914
1427833624,3.501461172440503
1434419811,3.4982555324014712
1934318625,3.4962383744928927
2500224242,3.4852178116657577
2502567325,3.4844498271283855
2094550217,3.4807618674214336
2092773100,3.4788010251801937
1433103593,3.4735248042743203
2093964404,3.4706427914781903
2501780563,3.442501351470357
1934311812,3.4149258825390834
2500114681,3.4066860584436007
2092969524,3.402509554570059
2501492734,3.393379427398403
1432627840,3.3721574825747713
1879191967,3.35786451240344
2501315432,3.3422741830816918
2092953250,3.337693933248897
2092892323,3.31175658191069
1930215862,3.2903718848707832
2092820072,3.2666864572454197
2501149557,3.22799088348127
2092845305,3.2206062640292488
2503767182,3.2049979002929194
1880483524,3.173171476852741
1434014573,3.13360571439732
2092782055,3.123403195872559
2499612703,3.1196345818633127
2094679125,3.118475346369277
2095450512,3.10651554923218
2092013854,3.0959615140660133
2499546363,3.093154134355948
2092871904,3.0819159519941803
2091993834,3.058569892237381
2092069681,3.0193598934406665
2092807483,3.000761501633794
2502045415,2.995490613748382
2499819090,2.9780139349887262
1879832175,2.97596309319178
1879885040,2.972241189936792
2502644795,2.959550292145463
2503619391,2.9384514292994544
1932488864,2.9374725489002746
2499703897,2.937246380454061
2502123412,2.9071154326151327
2503210194,2.8987565797363457
2502398787,2.8983419367139027
2093932195,2.8822090925545885
1930179205,2.8677685416823206
1932640903,2.8596621408099807
1879163237,2.8536392317161208
2501842837,2.8436983154333357
2501424261,2.8425853440745907
2499282852,2.8395697860742626
2091194375,2.8351642405250668
2501428564,2.832156236756548
2092976763,2.8175042829115418
2503056380,2.8129174242495423
2503262895,2.80530933858756
1879775220,2.792956035878979
1879811190,2.765115749319286
1434526570,2.7575186508939846
1929313661,2.7568280262519242
1930183645,2.754286176541707
2092992887,2.707122551913981
1439334465,2.649160373432358
2092816615,2.64021687852359
2499645421,2.6352452645018403
1879835922,2.622016419926895
1932564172,2.600685651932883
1433471202,2.5997890405340502
2092792003,2.592646103641596
1879855174,2.5904502506926614
1932627363,2.589621726854984
2091995304,2.5613653908202796
2502773247,2.5292718781175614
1433648293,2.5202464034631453
1932525815,2.5161917695747467
2499614332,2.515087252238424
2094556274,2.50945041555274
2500245295,2.5062048801798826
1427668517,2.4857504647814657
2094564717,2.475467338711587
1879905741,2.462993060859251
1432681345,2.4330163724594587
1932518852,2.3989370540424013
2502701871,2.395499531028588
1879125197,2.371940013376033
2094634373,2.35407128336743
1427860251,2.348713497886598
2503593514,2.2905256707233765
1932451642,2.2897518643376125
1433119840,2.270539414667948
1879843121,2.2613446040838796
2502945472,2.2352918075580326
2092018050,2.2241183204479804
2499502237,2.215199086211053
2096245027,2.2000974429782967
2091959542,2.199992652601226
2093942435,2.1975538781625388
2093077203,2.190803010612462
2093908291,2.180816517368433
1433579780,2.166013615313474
2501896081,2.1647470621530576
1930186570,2.1614699572106866
1879834327,2.1543839841224397
1879148865,2.150419933704117
1879812715,2.1491848004540306
2093088695,2.145234474321052
2501242995,2.138404287610681
1879248323,2.0816394830976686
2093070470,2.047016633520336
2091198542,2.038865420469625
1439647563,2.035987829496564
2093878380,2.0272796397701787
2501534095,1.9867867727918063
2499565314,1.9439106231331502
1930160470,1.928418556099506
2502930392,1.9236140074227543
1878600965,1.914266569531309
2503272264,1.912054299785881
2501479393,1.911002263464822
2501680833,1.9067058092143812
2501523005,1.8958487208601358
1879883790,1.8723274697251242
2091224171,1.8702103408992297
2093021794,1.8514691613035839
2501262112,1.8494738931636088
1932449565,1.8464791577319524
1432682655,1.8273277846053204
1434001361,1.8219722776279208
1931693192,1.8211496405823338
2500363464,1.795373604146415
1930162204,1.7623336478265021
1879224385,1.7586007405782014
2092876343,1.745695009354684
2095399291,1.7426627233891607
1879158251,1.7372412124586345
1934312535,1.7203978437062595
1433652352,1.7041284158772392
1931028632,1.7000523232519196
2093930331,1.6923139486136607
2095377207,1.6720099832799251
2092928542,1.6649902344091088
1930217094,1.662425906732066
2093884592,1.6358994712151598
2092766115,1.625165451348684
2093071201,1.5765420659544322
2093973217,1.55223913036736
2094554303,1.5488062465283217
1930927103,1.545637900832331
2092015310,1.5241706008212665
1934319807,1.5192515948099181
1879211747,1.5160211465234859
2096239854,1.4935111509486123
1432862417,1.4740139143422237
1932516241,1.4679127432291017
2093942545,1.4516461600781454
2501489740,1.4335603312063783
2095363683,1.4286593006749555
1932457121,1.4279047673357206
2501544902,1.4214228094077213
2500241993,1.4153271748177871
2093058715,1.3881848273001887
1930243914,1.3843942741158903
2502304037,1.3813824670887236
2094677502,1.3723021297578857
2502024280,1.3598968918552312
1880461271,1.3244900246846067
2092891304,1.3224141811370838
2500108472,1.3221238953800696
2502960784,1.3212408318247593
2499890140,1.2994080788608695
2503560303,1.298515328808972
2092990863,1.2926078640137075
2092932207,1.2591322320891567
2499283755,1.244460040928535
2092067604,1.236465245771637
1932572455,1.2306853212935818
1880480387,1.2283068762974196
2093012963,1.1960887547734549
1930185973,1.1951773148011307
1879872574,1.187320151434275
2091276900,1.1785548099682028
1930141602,1.1769123645828945
1932648021,1.1755274996014724
2503907305,1.1741295589217953
1930152361,1.1399490118521605
1931024295,1.136766073365764
1879171703,1.1354972575085975
2092953222,1.1203423319260333
1932610242,1.0851953458683483
2092936351,1.0745480344682063
2092882033,1.0713453194091105
1931605047,1.0693009491930863
2500384043,1.0583899061251871
2092022860,1.0311868000077031
2500852943,1.0229548329999876
2501472264,0.9875799206625242
1879179653,0.9869063301050859
2499785027,0.9728043639426972
2503469327,0.9720937317549888
2092034780,0.9454423210745893
1930961211,0.944839750124654
2091969220,0.9324384565852079
1879179283,0.9235637309844124
2092890450,0.9229228413151381
2501159582,0.9172310560532594
1439369701,0.9141265231197668
2093965473,0.8899221976913355
2092965600,0.880854068573862
2094596284,0.8757992565334205
2501280794,0.8727589262973743
1932640544,0.8642902391730719
1932518997,0.8627933044631051
2500947195,0.8616934876653981
2092878961,0.8261241301910919
2502285065,0.8103873217043885
2095354125,0.7935792689616411
2095421932,0.7688656527330818
2501621927,0.768441737935087
2501839464,0.7601872017505515
2096191031,0.756412466057487
2499647033,0.7542035737722663
1934304161,0.7497791608386156
2093872135,0.7350163080156805
2502339380,0.7304256012180569
2095337601,0.7288514742602841
2499817550,0.7075526387051256
2093051244,0.7060876257860166
2499437350,0.696132198876122
2503422932,0.6780319807678352
2503363640,0.6749491448547205
2091204850,0.6675730550600668
2093019674,0.6667788144145104
2092833500,0.6513182196075552
2093975224,0.6476756169810535
2502641794,0.6386582741677569
2503230862,0.6372497793353203
2092797621,0.6319265659615572
1933498127,0.6299429979947225
1932643402,0.6098161968503655
2500532662,0.5940151037424598
1932497115,0.5901813052186174
1930152110,0.5695958748463087
1879154265,0.5654870486523673
2502594271,0.5648744511840701
2499526674,0.5539892771938804
2499650720,0.5495546801137532
1929306871,0.549540390743955
2096222114,0.5388938764308092
2503742561,0.532467249678073
2501499422,0.514950518991573
2503201077,0.5124880034689182
2501550985,0.4987883084285775
1433622504,0.4957684453663237
1432689460,0.49382480860434075
2092034272,0.4922888965094094
2501855275,0.4864394924560592
1932565187,0.48459598315809094
2501525920,0.4767694765967704
2092025545,0.47502742718142643
2092771564,0.4649491563926034
1879144275,0.4549450492161256
2500910552,0.4547984274503333
2092816452,0.4324472307210175
2092844674,0.431035843308662
2500280402,0.42840063721830207
1879793064,0.42632157389528763
2502951552,0.42622473693932916
1932484777,0.4214204644385752
2091189990,0.420041897432823
2093071285,0.4192380871432397
2092015890,0.39970246915588026
1934312014,0.3886231192386516
1433211285,0.38287345124330585
2092842951,0.37790484469806473
1929306775,0.37213866888985936
2500672331,0.3637061058455756
2501165172,0.3620686024841242
1439649647,0.33107159401532876
2093938124,0.32658802967862455
2501875722,0.3218801356669221
1880495803,0.3068090925862519
1879825677,0.3028015690313721
1879847140,0.29227187986564285
1427634153,0.25364346064441423
1934307703,0.17370613071177857
1930157224,0.1547023235631597
2503354812,0.15369255832710776
1879133713,0.11709254818083109
1879859157,0.050119874013786335
2091258130,-0.12443321059393024
1931594502,-0.16909237725715975
