1427590831
1427592300
1427603034
1427605041
1427608695
1427612513
1427616657
1427616842
1427616882
1427656354
1427682987
1427699837
1427701864
1427714217
1427716044
1427716985
1427718241
1427731845
1427747761
1427751511
1427757742
1427758353
1427770475
1427778630
1427785057
1427803060
1427827570
1427830533
1427834320
1427835531
1427837635
1427841315
1427842754
1427848567
1427854112
1427860691
1427864321
1427869902
1427871170
1427890455
1427900227
1432612955
1432615223
1432616984
1432622324
1432622982
1432634592
1432635785
1432663931
1432674253
1432691295
1432702001
1432717803
1432718793
1432724711
1432725760
1432727987
1432735085
1432780360
1432785024
1432785783
1432791601
1432805264
1432866452
1432921335
1432936420
1432947320
1432954130
1433003152
1433032465
1433043994
1433057603
1433063440
1433070232
1433072795
1433088241
1433119823
1433128943
1433130224
1433134215
1433138330
1433142511
1433144245
1433147821
1433158597
1433163723
1433174390
1433177705
1433205823
1433210537
1433212563
1433215263
1433215493
1433218652
1433219737
1433228560
1433229632
1433230401
1433237377
1433242512
1433265597
1433277800
1433286642
1433298592
1433300397
1433304605
1433305461
1433305747
1433310914
1433325045
1433341277
1433341422
1433345865
1433350923
1433353080
1433368557
1433378471
1433387630
1433393804
1433399264
1433417231
1433421914
1433424017
1433428820
1433447725
1433447874
1433449762
1433466462
1433472412
1433472793
1433472964
1433478450
1433481133
1433483257
1433485577
1433496540
1433496890
1433502264
1433506392
1433518063
1433518354
1433521667
1433535571
1433535591
1433536422
1433540682
1433552760
1433554382
1433555144
1433560262
1433560783
1433562093
1433571440
1433575465
1433575607
1433579144
1433582030
1433594093
1433595894
1433596194
1433596983
1433603622
1433606504
1433609564
1433631280
1433637537
1433638020
1433645242
1433646237
1433647611
1433650865
1433653180
1433653314
1433657347
1433665610
1433668467
1433668703
1433673030
1433684545
1433685875
1433710540
1433711954
1433713134
1433714461
1433727052
1433730470
1433730670
1433742643
1433751803
1433758267
1433758735
1433764400
1433773952
1433801405
1433810817
1433833077
1433845555
1433852991
1433857384
1433864152
1433866004
1433872087
1433899854
1433933491
1433935884
1433959054
1433962915
1433965811
1433996671
1433999665
1434000397
1434002060
1434002732
1434004434
1434015837
1434022643
1434027090
1434029531
1434029707
1434040484
1434052213
1434053521
1434058297
1434066280
1434066772
1434067313
1434078367
1434081092
1434083793
1434088937
1434103644
1434104447
1434114220
1434118543
1434119177
1434125854
1434137012
1434139611
1434143190
1434150537
1434177157
1434178744
1434180100
1434182501
1434184805
1434190202
1434193271
1434198271
1434199081
1434203610
1434221621
1434223700
1434224753
1434228821
1434231522
1434243861
1434251832
1434263584
1434268952
1434269131
1434273737
1434275153
1434276055
1434282604
1434282653
1434283474
1434289237
1434307681
1434320270
1434333017
1434338352
1434341077
1434345395
1434348073
1434351692
1434362572
1434366115
1434375872
1434386065
1434388940
1434392503
1434410281
1434418352
1434419542
1434419591
1434420062
1434420081
1434421631
1434424964
1434425714
1434426213
1434426421
1434440064
1434447807
1434448551
1434452853
1434456800
1434460071
1434461050
1434463354
1434465751
1434483330
1434489412
1434498742
1434502651
1434504367
1434507202
1434510235
1434510764
1434515530
1434517001
1434531735
1434536551
1434539925
1434541951
1434544483
1434544810
1434557285
1434559737
1434559965
1434564321
1434564737
1434566265
1434566994
1434573703
1434585263
1434593852
1434595612
1434604293
1434605320
1434618870
1434624161
1434634922
1434639643
1434642131
1434642151
1434643147
1434644694
1434645745
1434654963
1434655804
1434660360
1434660721
1434669560
1434669562
1434675543
1434675640
1434688680
1434701294
1434704997
1434707841
1434711242
1434711685
1434715795
1434717217
1434717900
1434718541
1434720022
1434721137
1434728167
1434730644
1434732514
1434732715
1434734410
1434747404
1434747630
1434750034
1434755755
1434757120
1434758281
1434763932
1434766840
1434768663
1434769525
1434771544
1439316504
1439320732
1439331640
1439332734
1439345361
1439358541
1439362620
1439370650
1439371020
1439374924
1439377027
1439384105
1439385562
1439386423
1439387340
1439398441
1439414042
1439422443
1439430370
1439451013
1439459871
1439475123
1439482777
1439489482
1439497600
1439506484
1439508610
1439520395
1439521832
1439532923
1439534114
1439543974
1439545115
1439551730
1439559653
1439563882
1439578930
1439584702
1439591115
1439595414
1439596052
1439615295
1439619540
1439626837
1439661151
1878573973
1878574173
1878574921
1878576931
1878576942
1878577443
1878577960
1878578202
1878579107
1878580667
1878581001
1878581232
1878582655
1878582923
1878583115
1878584035
1878584581
1878584853
1878585281
1878585421
1878586385
1878586877
1878587233
1878588667
1878589902
1878591313
1878592927
1878593253
1878593964
1878594980
1878595062
1878596054
1878596574
1878597082
1878599187
1878600022
1878600095
1878601113
1878601672
1878602162
1878602370
1878603672
1878603930
1878604481
1878604512
1879124215
1879124225
1879124404
1879124530
1879125257
1879126244
1879126680
1879126995
1879128362
1879128395
1879128485
1879128591
1879128653
1879129565
1879129987
1879130027
1879130233
1879130405
1879130773
1879131951
1879132341
1879132554
1879132813
1879132835
1879133002
1879133105
1879134031
1879134130
1879134392
1879134702
1879135063
1879135231
1879135361
1879135614
1879135974
1879136302
1879137657
1879139004
1879139245
1879139463
1879140633
1879141271
1879141351
1879142160
1879143957
1879144144
1879144233
1879144844
1879145080
1879145085
1879145194
1879145304
1879145580
1879146051
1879146667
1879146695
1879148700
1879149511
1879150034
1879150955
1879151193
1879151823
1879151930
1879151935
1879152041
1879152222
1879152354
1879152674
1879153037
1879154083
1879154217
1879154851
1879155071
1879155302
1879155530
1879155643
1879155935
1879156402
1879156641
1879157282
1879157655
1879158530
1879158780
1879159204
1879159590
1879159682
1879160037
1879160491
1879161247
1879161364
1879161390
1879161730
1879162233
1879162604
1879162870
1879163690
1879164687
1879165097
1879165147
1879165642
1879166127
1879166904
1879167022
1879167103
1879167280
1879167282
1879167284
1879168322
1879168323
1879168733
1879169402
1879169925
1879170940
1879171053
1879171152
1879171964
1879173071
1879174047
1879174594
1879174884
1879176385
1879176392
1879176622
1879177731
1879177922
1879179924
1879182765
1879183200
1879183244
1879184517
1879184891
1879185201
1879187595
1879187742
1879187927
1879190683
1879190741
1879191175
1879191871
1879192224
1879192453
1879193544
1879193925
1879194601
1879194917
1879195004
1879195522
1879196597
1879197002
1879198502
1879199295
1879199610
1879200053
1879200502
1879200961
1879202050
1879203007
1879203637
1879204481
1879204533
1879204733
1879206624
1879207025
1879207284
1879207801
1879208142
1879210305
1879210993
1879211305
1879212093
1879213093
1879213375
1879214020
1879214497
1879214581
1879214934
1879215667
1879215861
1879216820
1879217884
1879220321
1879220504
1879221370
1879222304
1879223355
1879223590
1879224264
1879225765
1879226900
1879227784
1879227964
1879230850
1879231355
1879232197
1879232687
1879232854
1879233882
1879234001
1879234602
1879234880
1879235277
1879235807
1879237691
1879240034
1879240773
1879241347
1879241531
1879241787
1879242840
1879243234
1879244590
1879244874
1879248705
1879768104
1879768342
1879768804
1879769734
1879770050
1879770063
1879770454
1879771057
1879773981
1879774441
1879774574
1879775550
1879777673
1879778165
1879779583
1879781792
1879782177
1879783072
1879783334
1879784077
1879784384
1879785245
1879786732
1879787230
1879787604
1879788654
1879788732
1879789243
1879789757
1879789970
1879790140
1879791110
1879792962
1879794433
1879794964
1879795537
1879796211
1879797891
1879797933
1879798434
1879802041
1879802107
1879803447
1879804230
1879804590
1879805097
1879806221
1879806462
1879806622
1879807004
1879807693
1879809500
1879809534
1879810073
1879810105
1879810977
1879811431
1879811904
1879812695
1879813020
1879813224
1879813484
1879813564
1879815392
1879815701
1879816730
1879819834
1879820652
1879820723
1879821341
1879822735
1879823630
1879824034
1879824254
1879825792
1879828032
1879828145
1879828401
1879829054
1879829814
1879831075
1879832410
1879833773
1879834875
1879835433
1879835622
1879835964
1879836024
1879836662
1879837111
1879837335
1879837990
1879838192
1879838455
1879838980
1879839551
1879840172
1879840390
1879840867
1879841224
1879841305
1879841492
1879843151
1879843600
1879844885
1879844887
1879845963
1879847300
1879848224
1879849895
1879850750
1879850912
1879853647
1879853932
1879856853
1879857592
1879857984
1879858787
1879859300
1879860222
1879861454
1879861867
1879861982
1879862424
1879863990
1879864591
1879864903
1879865763
1879866594
1879868464
1879868534
1879868954
1879870751
1879871217
1879871287
1879872902
1879874324
1879875315
1879876312
1879876820
1879878382
1879879900
1879880354
1879882645
1879882765
1879882810
1879883554
1879883812
1879884332
1879884724
1879884974
1879886022
1879886614
1879888805
1879890220
1879890827
1879890940
1879892092
1879893372
1879894420
1879898995
1879900004
1879900374
1879901255
1879901644
1879901992
1879902534
1879903004
1879903355
1879903370
1879903515
1879904025
1879905101
1879906454
1879908067
1879908332
1879908932
1879909450
1879910222
1879911024
1879911341
1879912811
1880424747
1880425094
1880425273
1880425714
1880426610
1880426713
1880427535
1880427695
1880428513
1880433195
1880435071
1880435202
1880438183
1880438927
1880439182
1880439531
1880440770
1880441747
1880442022
1880442072
1880443285
1880443441
1880443695
1880445302
1880445802
1880447342
1880447343
1880448182
1880448245
1880449090
1880450407
1880450772
1880451044
1880451182
1880451887
1880452731
1880453697
1880453730
1880455751
1880455814
1880456120
1880456851
1880457192
1880457402
1880457553
1880459165
1880459891
1880464601
1880466211
1880466291
1880466722
1880466742
1880469012
1880470582
1880472362
1880472723
1880474951
1880475155
1880476002
1880476042
1880476214
1880476657
1880476691
1880476793
1880476943
1880477453
1880478602
1880479014
1880479080
1880482500
1880482604
1880483383
1880483405
1880483622
1880483890
1880488502
1880489170
1880490382
1880491662
1880491875
1880494010
1880494383
1880494774
1880495045
1880495581
1880495980
1880496205
1880496792
1880497102
1880500124
1880500922
1880501330
1880501860
1880501890
1880501980
1880502085
1880503622
1880503964
1880504060
1880505813
1880506000
1880506252
1880507171
1880507192
1880507755
1880510250
1880510905
1880511060
1880511327
1880512234
1880512414
1880512672
1880512827
1880513130
1880514311
1880515873
1880516174
1880517107
1880518065
1880518192
1880518952
1880519011
1880520570
1880521683
1880522272
1880526592
1880526935
1880528621
1880530547
1880530643
1880530810
1880531821
1880531900
1880532025
1880532555
1880533134
1880534613
1880535191
1880536125
1880537700
1880538780
1880542581
1880543295
1880544771
1880544807
1929302403
1929307083
1929308057
1929308107
1929308284
1929309203
1929310313
1929317197
1930137001
1930137013
1930137325
1930138403
1930139031
1930140375
1930141241
1930141311
1930144851
1930145635
1930148521
1930148717
1930148975
1930149441
1930149725
1930149945
1930154233
1930154655
1930155393
1930155762
1930156640
1930157535
1930158577
1930158634
1930159475
1930160675
1930160684
1930160965
1930162164
1930162171
1930162215
1930162385
1930164227
1930164563
1930165154
1930166017
1930166385
1930169233
1930170303
1930170917
1930172525
1930172921
1930174177
1930175220
1930175471
1930176135
1930178262
1930178401
1930179875
1930180117
1930180122
1930180307
1930180411
1930182093
1930184022
1930184464
1930185404
1930185800
1930186090
1930187431
1930188773
1930188871
1930189123
1930190805
1930191663
1930192287
1930193667
1930195211
1930196420
1930196795
1930198071
1930198160
1930200275
1930201521
1930201665
1930202531
1930202785
1930203735
1930204572
1930207171
1930207255
1930208400
1930209471
1930209777
1930211141
1930211315
1930212491
1930213147
1930214073
1930214863
1930215645
1930216093
1930217551
1930220551
1930220847
1930222465
1930222534
1930222963
1930225351
1930225993
1930227733
1930228511
1930228834
1930228875
1930229084
1930229561
1930229825
1930232087
1930236085
1930237825
1930238133
1930241967
1930243203
1930244925
1930245924
1930245992
1930246545
1930247287
1930248343
1930248475
1930249050
1930251057
1930251763
1930252473
1930253155
1930253297
1930253713
1930253957
1930930292
1930931277
1930932124
1930933862
1930935605
1930936075
1930937163
1930938422
1930939385
1930939505
1930939512
1930939995
1930940283
1930940544
1930942051
1930943263
1930944465
1930944562
1930944872
1930945923
1930946052
1930947445
1930948044
1930948903
1930950260
1930950300
1930953171
1930953733
1930955110
1930955163
1930955494
1930956663
1930958202
1930958281
1930958424
1930960975
1930962165
1930963421
1930963823
1930964742
1930965767
1930965995
1930966837
1930969033
1930969505
1930969647
1930969745
1930969773
1930970873
1930971255
1930973297
1930973615
1930973831
1930973967
1930974137
1930974695
1930976177
1930978534
1930978947
1930981344
1930981985
1930982315
1930982357
1930983107
1930984960
1930985172
1930986005
1930986447
1930987564
1930987565
1930988275
1930990001
1930993201
1930993521
1930994552
1930996643
1930997573
1930999183
1930999350
1931002220
1931003013
1931004287
1931007702
1931008083
1931008345
1931008920
1931009541
1931009925
1931010914
1931011233
1931012337
1931012665
1931013184
1931013615
1931013913
1931015301
1931016063
1931016713
1931017185
1931022017
1931022071
1931022651
1931024783
1931026140
1931026252
1931026347
1931588261
1931588945
1931590410
1931590945
1931592151
1931592542
1931594057
1931594170
1931595353
1931597402
1931599557
1931603433
1931603865
1931606564
1931607770
1931608205
1931608247
1931609357
1931611361
1931612277
1931614801
1931614960
1931616044
1931616813
1931619101
1931620197
1931622455
1931622735
1931625193
1931626407
1931626655
1931627153
1931629247
1931631153
1931631517
1931631663
1931633071
1931633151
1931633462
1931634564
1931635160
1931635682
1931637965
1931638380
1931638773
1931639727
1931639737
1931640457
1931641951
1931642852
1931643607
1931643635
1931644244
1931644251
1931644995
1931645057
1931645227
1931646317
1931646343
1931648751
1931649515
1931653431
1931653523
1931653711
1931654123
1931654175
1931655571
1931655655
1931656571
1931657053
1931658070
1931658307
1931660912
1931661027
1931664034
1931664441
1931665431
1931665515
1931666521
1931666694
1931667255
1931667907
1931668791
1931669875
1931670540
1931670620
1931670622
1931671902
1931672847
1931673274
1931674083
1931676901
1931677815
1931679622
1931679971
1931681182
1931681844
1931682197
1931683174
1931685907
1931686017
1931686391
1931687261
1931688311
1931688383
1931690637
1931691634
1931691851
1931691981
1931692703
1931692844
1931692911
1931693170
1931693722
1931694330
1931695010
1931695465
1931695603
1931695922
1931696723
1932427615
1932428662
1932432055
1932433070
1932434035
1932446255
1932449774
1932450391
1932451173
1932452561
1932455594
1932456487
1932457627
1932459383
1932459814
1932468067
1932468252
1932470121
1932470601
1932474873
1932477583
1932480673
1932481025
1932482801
1932487255
1932493351
1932494700
1932495843
1932495905
1932496917
1932498447
1932499721
1932500584
1932503285
1932505013
1932508897
1932512560
1932513320
1932513987
1932515814
1932517464
1932517774
1932521001
1932521605
1932522361
1932526457
1932526717
1932528183
1932528487
1932529424
1932534394
1932537842
1932538882
1932541573
1932541830
1932541935
1932542753
1932544014
1932544055
1932544583
1932548365
1932549361
1932556065
1932563453
1932566162
1932568125
1932568343
1932575485
1932576255
1932576647
1932577857
1932578094
1932584891
1932585327
1932591132
1932591893
1932602591
1932603082
1932609614
1932610080
1932616481
1932620137
1932625944
1932625971
1932631533
1932637481
1932639421
1932645275
1932645644
1932646293
1933491181
1933491244
1933491755
1933496003
1933496767
1933497425
1933499583
1933500367
1933500587
1933501672
1933502173
1933502477
1933504091
1933504941
1933505515
1933509027
1933509284
1933509675
1933510195
1933511611
1933511965
1933514114
1933514340
1933516095
1933516382
1933516945
1933517301
1933519427
1933520211
1933521161
1933521987
1933524865
1933525414
1933525430
1933526635
1933526915
1933528515
1933529375
1933529773
1933530363
1933532702
1933535043
1933536361
1933536517
1933536933
1933539125
1933539210
1933545592
1933546087
1933546391
1933547367
1933549441
1933549537
1933549843
1933550210
1933551953
1933552577
1933553492
1933555927
1933560215
1933561047
1933561393
1933561427
1933562353
1933563930
1933565622
1933567755
1933568354
1933568613
1933572564
1933572800
1933575493
1933577791
1933577854
1933578004
1933580580
1933580592
1933580604
1933582313
1933585883
1933589542
1933590363
1933591323
1933591622
1933592057
1933601152
1934295335
1934296573
1934297453
1934298125
1934298784
1934300967
1934301905
1934304085
1934304167
1934304382
1934307724
1934309274
1934310327
1934311760
1934311923
1934312607
1934313081
1934313973
1934315867
1934316595
1934319377
1934319687
1934320245
1934320697
1934322373
1934322437
1934322553
1934322781
1934322984
1934323135
1934323725
1934324004
2091181502
2091181713
2091183973
2091184117
2091184465
2091190291
2091190935
2091191900
2091195395
2091195882
2091196781
2091197941
2091198004
2091198831
2091198994
2091202082
2091204291
2091210800
2091212663
2091214637
2091217625
2091218615
2091221131
2091224645
2091225601
2091226041
2091227401
2091228570
2091233253
2091237372
2091237521
2091241342
2091241523
2091246095
2091246714
2091247067
2091248804
2091250017
2091250994
2091252791
2091252947
2091254467
2091256597
2091257375
2091260101
2091261215
2091261983
2091264891
2091268201
2091270821
2091275554
2091276091
2091277421
2091282032
2091282502
2091285697
2091288401
2091288993
2091289171
2091950920
2091952831
2091954005
2091954860
2091955322
2091955361
2091955683
2091955927
2091961241
2091963161
2091963164
2091964525
2091966230
2091968363
2091969387
2091969695
2091971523
2091972133
2091973893
2091973917
2091974085
2091976587
2091977392
2091978871
2091979883
2091980411
2091980637
2091982014
2091984467
2091984891
2091986131
2091988133
2091988750
2091989041
2091989561
2091993497
2091995703
2091997843
2091998194
2091998895
2091998937
2091999621
2092000505
2092000735
2092002471
2092002621
2092002925
2092003205
2092004764
2092009734
2092010880
2092011162
2092012817
2092014043
2092016344
2092020053
2092021465
2092022164
2092022400
2092023305
2092025971
2092028602
2092028927
2092029267
2092029500
2092030383
2092033437
2092035013
2092035125
2092037605
2092038275
2092038660
2092039132
2092040421
2092041122
2092041250
2092042382
2092043947
2092045355
2092050097
2092051754
2092052657
2092053641
2092053755
2092054937
2092055212
2092062827
2092063751
2092065834
2092066705
2092066853
2092067001
2092067177
2092067403
2092068657
2092069575
2092072103
2092072415
2092073525
2092077323
2092079667
2092080231
2092081557
2092083621
2092087977
2092088124
2092091527
2092091702
2092093181
2092756274
2092756964
2092756995
2092757155
2092759867
2092766434
2092768147
2092769347
2092775401
2092775851
2092776450
2092780115
2092781454
2092785067
2092786855
2092789061
2092790137
2092790224
2092790393
2092793435
2092794371
2092796333
2092796927
2092797045
2092799092
2092799887
2092803667
2092803773
2092806983
2092808473
2092810844
2092811361
2092813173
2092814872
2092815062
2092815477
2092817835
2092818393
2092818977
2092820791
2092821731
2092822234
2092824144
2092824721
2092825935
2092833354
2092833410
2092834967
2092836400
2092837295
2092842581
2092843623
2092843825
2092845101
2092846992
2092847721
2092848593
2092849515
2092852901
2092856491
2092857535
2092858925
2092864580
2092866564
2092867693
2092870905
2092872953
2092873110
2092876215
2092878740
2092879621
2092880315
2092880551
2092882304
2092883925
2092884813
2092890315
2092892404
2092895693
2092896924
2092897401
2092900257
2092900830
2092903047
2092903445
2092903852
2092904945
2092914524
2092918875
2092919455
2092920133
2092921401
2092921521
2092922295
2092922662
2092925991
2092926110
2092933560
2092934223
2092939483
2092940467
2092942010
2092943774
2092951285
2092951364
2092957237
2092958825
2092960034
2092963791
2092971103
2092979117
2092980850
2092983305
2092983405
2092986322
2092991893
2092991924
2092994290
2092995194
2092995855
2092996530
2092998852
2093000957
2093003253
2093014723
2093014960
2093016204
2093022531
2093026454
2093028210
2093029673
2093030757
2093031417
2093037167
2093046393
2093048603
2093049490
2093051931
2093056471
2093058563
2093064593
2093066435
2093076580
2093078171
2093079835
2093083712
2093083860
2093085513
2093086902
2093087693
2093089093
2093089700
2093091603
2093092390
2093093094
2093853084
2093853430
2093853633
2093854050
2093858462
2093863210
2093863414
2093864421
2093864801
2093865801
2093867111
2093867161
2093867494
2093874080
2093875080
2093875384
2093875633
2093877881
2093880161
2093881132
2093881290
2093882415
2093882642
2093888471
2093889262
2093890502
2093891965
2093895642
2093900827
2093906730
2093919124
2093919637
2093919727
2093922244
2093935072
2093936937
2093937191
2093940752
2093941700
2093943435
2093946195
2093947391
2093948907
2093953313
2093954281
2093955515
2093956093
2093959901
2093960491
2093962151
2093962644
2093966457
2093967037
2093967510
2093968013
2093971127
2093971667
2093972881
2093975642
2093976291
2093978254
2093978867
2093986285
2093987277
2093987732
2093991530
2094555297
2094559220
2094560147
2094562911
2094569183
2094574507
2094574934
2094577274
2094578404
2094580687
2094589934
2094594120
2094597582
2094602937
2094609697
2094610030
2094615725
2094619862
2094622793
2094623895
2094624710
2094626040
2094628457
2094629835
2094632774
2094633823
2094634580
2094641523
2094641604
2094644051
2094646635
2094646703
2094647985
2094649562
2094650971
2094651713
2094653980
2094655364
2094662201
2094662255
2094662377
2094670014
2094670660
2094673571
2094675562
2094676837
2094677365
2094679580
2094679910
2094685961
2094690957
2094692403
2094695095
2094696493
2094698452
2095336533
2095342650
2095348250
2095348484
2095352591
2095353392
2095353882
2095355493
2095362260
2095363141
2095363637
2095367872
2095368054
2095368143
2095368283
2095370230
2095375077
2095376597
2095378413
2095382490
2095391242
2095391501
2095391671
2095391795
2095392360
2095397854
2095399021
2095400730
2095402500
2095403241
2095404001
2095404687
2095405365
2095405902
2095406634
2095406713
2095406881
2095414645
2095416123
2095419604
2095424613
2095428873
2095430435
2095433595
2095434091
2095437153
2095439577
2095440244
2095453367
2095453721
2095456702
2095458867
2095461514
2095463592
2095464127
2095467563
2095468692
2095468952
2095474875
2095475884
2095476430
2095477823
2095479251
2095485922
2095488680
2095489284
2095489587
2095489837
2095493951
2096184423
2096185777
2096185780
2096189110
2096191451
2096192761
2096199951
2096201335
2096202780
2096203173
2096203591
2096207992
2096210800
2096216827
2096217024
2096218634
2096218723
2096225232
2096226313
2096226943
2096227133
2096233354
2096235440
2096237447
2096238157
2096238664
2096244891
2096245121
2096246351
2096247543
2096248911
2096252302
2096252547
2096257231
2096259843
2096260444
2096262830
2096269170
2096273181
2096274065
2499205517
2499211421
2499213580
2499215295
2499218784
2499220427
2499225250
2499226087
2499227700
2499230872
2499232910
2499236320
2499245945
2499246984
2499252610
2499257310
2499266922
2499278381
2499278570
2499278701
2499281561
2499286345
2499288012
2499290194
2499301170
2499303891
2499312354
2499313470
2499329290
2499329804
2499331600
2499334794
2499337394
2499339590
2499346242
2499360415
2499360504
2499360782
2499368071
2499372704
2499373222
2499394864
2499399392
2499401532
2499412165
2499416443
2499417155
2499419362
2499427594
2499428540
2499433780
2499441700
2499448075
2499448502
2499463584
2499477321
2499479641
2499480752
2499486765
2499488247
2499491461
2499494677
2499496530
2499503285
2499524970
2499534042
2499544204
2499547555
2499553550
2499557423
2499560500
2499563234
2499565614
2499571614
2499577440
2499584480
2499585702
2499590492
2499596977
2499598291
2499601602
2499616520
2499617080
2499627434
2499634662
2499646710
2499646840
2499664302
2499664711
2499670200
2499678904
2499688291
2499689910
2499702803
2499703585
2499711222
2499718200
2499722571
2499727654
2499742414
2499752952
2499759602
2499760460
2499764350
2499771952
2499780760
2499826160
2499843982
2499846657
2499848593
2499852404
2499859435
2499859982
2499874094
2499886002
2499894410
2499895204
2500102300
2500103512
2500109674
2500110331
2500112881
2500134894
2500145240
2500146585
2500155602
2500156195
2500161243
2500161752
2500168913
2500174005
2500178713
2500183222
2500185220
2500185892
2500192650
2500192753
2500199512
2500206542
2500212710
2500217594
2500243043
2500252480
2500266107
2500268340
2500269110
2500283183
2500289390
2500289942
2500293390
2500299700
2500342980
2500354917
2500362537
2500383762
2500395267
2500398013
2500406050
2500415904
2500461237
2500476697
2500477995
2500479077
2500487107
2500496697
2500501663
2500509887
2500514000
2500522135
2500541797
2500552377
2500580865
2500585022
2500643587
2500645250
2500655062
2500682675
2500688014
2500706622
2500726004
2500742460
2500774780
2500801210
2500823070
2500845182
2500857540
2500857874
2500864964
2500866724
2500904052
2500922010
2500941035
2500949670
2500953563
2500957827
2500961500
2500981702
2500990120
2500991562
2500991640
2500996171
2501003480
2501004621
2501011200
2501012173
2501016302
2501023030
2501023050
2501037764
2501037812
2501038712
2501045992
2501067452
2501069352
2501079954
2501084820
2501091467
2501097014
2501105680
2501135384
2501137434
2501137482
2501140600
2501159280
2501174514
2501192554
2501208250
2501209342
2501217920
2501219622
2501234240
2501247791
2501252461
2501257510
2501282453
2501284670
2501295122
2501313312
2501313393
2501321532
2501331684
2501332462
2501343091
2501353045
2501353714
2501360132
2501372450
2501376780
2501385830
2501387331
2501390215
2501396690
2501410023
2501416164
2501438970
2501439690
2501439933
2501440053
2501467152
2501473964
2501496503
2501497002
2501503710
2501506624
2501518671
2501520672
2501524180
2501536430
2501558950
2501577444
2501580822
2501582641
2501585892
2501598005
2501600154
2501604322
2501605592
2501607020
2501616304
2501626682
2501634180
2501639274
2501643941
2501655084
2501664181
2501670035
2501680722
2501698365
2501706190
2501715910
2501717110
2501726952
2501733850
2501734602
2501735680
2501739170
2501743761
2501751000
2501760072
2501789540
2501792972
2501793810
2501801972
2501810390
2501819030
2501820164
2501822534
2501830371
2501844605
2501846295
2501849684
2501851064
2501852257
2501869350
2501886235
2501903510
2501907501
2501908385
2501913505
2501917672
2501923811
2501935887
2501943412
2501950102
2501954140
2501955804
2501957302
2501962860
2501965622
2501965674
2501972181
2501972392
2501975543
2501989382
2501997684
2502015954
2502018002
2502021250
2502022884
2502026574
2502026802
2502026814
2502046457
2502049552
2502053444
2502054835
2502056104
2502068934
2502073210
2502073675
2502078922
2502081387
2502091300
2502103375
2502106120
2502124515
2502128382
2502140135
2502151372
2502160831
2502160832
2502167824
2502172155
2502174845
2502178591
2502181702
2502189602
2502193122
2502198263
2502212842
2502231393
2502232464
2502235304
2502240043
2502248924
2502250022
2502254232
2502255860
2502260154
2502263730
2502294542
2502294870
2502304210
2502307687
2502314732
2502316690
2502336984
2502339590
2502351772
2502365924
2502368457
2502383664
2502400832
2502401514
2502416304
2502420660
2502441550
2502443574
2502445640
2502447274
2502453430
2502455647
2502464201
2502468340
2502471393
2502472000
2502476613
2502479774
2502479894
2502485223
2502485307
2502488273
2502492342
2502493942
2502495952
2502496910
2502503880
2502509532
2502510552
2502514097
2502519273
2502530682
2502550090
2502580220
2502586772
2502636873
2502638572
2502640310
2502643273
2502647937
2502655892
2502668812
2502668945
2502675917
2502691713
2502692472
2502701741
2502706423
2502723563
2502731893
2502759577
2502768851
2502778782
2502781687
2502798614
2502822723
2502822742
2502824085
2502828810
2502835711
2502841033
2502850787
2502850823
2502852091
2502859053
2502885197
2502891367
2502892431
2502895124
2502909364
2502909394
2502911064
2502919853
2502923162
2502930653
2502935580
2502943922
2502946162
2502955270
2502955872
2502961292
2502967742
2502970410
2502972784
2502974982
2503005447
2503018191
2503035440
2503037367
2503041264
2503066912
2503068864
2503069673
2503074832
2503079482
2503101385
2503112265
2503120331
2503181132
2503187662
2503199797
2503245234
2503278492
2503316200
2503317670
2503324842
2503347380
2503351750
2503365995
2503380480
2503387512
2503401552
2503415980
2503431190
2503441821
2503462055
2503469850
2503473304
2503478215
2503480364
2503490933
2503498813
2503513380
2503515913
2503535262
2503560890
2503561852
2503564502
2503567480
2503583390
2503587200
2503588042
2503589982
2503595342
2503605640
2503614080
2503615694
2503620760
2503623450
2503624493
2503626602
2503628165
2503636432
2503652512
2503663570
2503692124
2503692245
2503697704
2503708290
2503718362
2503718475
2503730944
2503735491
2503738814
2503749404
2503751580
2503761563
2503762072
2503767942
2503789574
2503803340
2503810090
2503815403
2503819115
2503825925
2503846183
2503847682
2503862422
2503865540
2503873401
2503874871
2503889531
2503911060
2503922437
2503931324
