1427593052
1427659827
1427827193
1427842945
1432710393
1433295302
1433817424
1433895692
1433942014
1434351980
1434598107
1434729014
1439337317
1439573285
1439606430
1439657935
1878604502
1879126043
1879144342
1879152325
1879154743
1879170853
1879217541
1879231235
1879236991
1879779900
1879782727
1879785770
1879788582
1879793504
1879801004
1879801654
1879808641
1879826575
1879828017
1879833574
1879834032
1879835235
1879844964
1879864620
1879874773
1879905001
1879905132
1879906035
1880425502
1880431174
1880436902
1880440000
1880447607
1880503662
1880511512
1880521111
1880526522
1880536547
1929311095
1929316091
1930150954
1930210082
1930224904
1930226681
1930227184
1930252125
1930937671
1930938322
1930952943
1930965037
1930968163
1930993377
1930993645
1931002243
1931024270
1931624827
1931683367
1932444732
1932489493
1932499864
1932510840
1932517127
1932525581
1932549094
1932584077
1932596190
1932618814
1932621981
1932629334
1932640463
1932644784
1933517945
1933592775
1934298503
1934313531
2091180495
2091183357
2091189351
2091209265
2091248085
2091282944
2091947957
2091961202
2091975575
2091980837
2091991225
2092006114
2092013684
2092015275
2092035373
2092056352
2092082714
2092770362
2092770940
2092783520
2092788182
2092795221
2092798582
2092826257
2092827407
2092847575
2092859724
2092864617
2092873123
2092885884
2092892882
2092900103
2092903995
2092911304
2092928791
2092948480
2093004503
2093007252
2093023170
2093026527
2093028187
2093029484
2093065802
2093075872
2093086990
2093857540
2093863125
2093874874
2093876867
2093879035
2093893837
2093936724
2093980364
2094580910
2094587154
2094599573
2094622710
2094660474
2094668761
2094670997
2095355170
2095369707
2095379871
2095395451
2095433500
2095461977
2095490497
2096190817
2096248387
2499226970
2499310494
2499312962
2499316972
2499319227
2499336282
2499341444
2499342081
2499344254
2499348442
2499393440
2499412972
2499414084
2499427265
2499494255
2499546570
2499601384
2499608952
2499615414
2499653207
2499695035
2499720697
2499813827
2499878377
2499884494
2499893771
2499897594
2500133562
2500139762
2500179830
2500204154
2500213593
2500246047
2500248664
2500287420
2500325143
2500340807
2500361373
2500382151
2500387940
2500389924
2500413730
2500474501
2500484523
2500487094
2500521623
2500570347
2500635473
2500809563
2500829612
2500837612
2500973460
2501004944
2501022980
2501049604
2501109061
2501156425
2501316021
2501322434
2501372632
2501413833
2501435435
2501478364
2501478571
2501508790
2501511095
2501566832
2501587522
2501598150
2501599092
2501601415
2501643441
2501690192
2501710725
2501731774
2501764160
2501857660
2501867474
2501892500
2501903100
2501907660
2501923120
2502034863
2502040583
2502067570
2502092437
2502159697
2502171990
2502181382
2502277593
2502292307
2502313537
2502314702
2502346864
2502348787
2502443290
2502451370
2502465040
2502530070
2502531812
2502536111
2502552852
2502562710
2502631264
2502720544
2502783080
2502813454
2502823695
2502832545
2502885067
2502991402
2502994212
2502998941
2503030154
2503058232
2503063872
2503083920
2503095484
2503118924
2503141247
2503148300
2503180171
2503186207
2503186604
2503245194
2503380420
2503476074
2503480892
2503528500
2503531854
2503665121
2503694160
2503698832
2503742070
2503766167
2503791860
2503831170
2503852894
2503889664
