1427587605
1427598480
1427601244
1427617877
1427622133
1427624332
1427626355
1427627952
1427631271
1427633167
1427635110
1427639247
1427648915
1427652963
1427662425
1427677814
1427685475
1427704773
1427710465
1427715021
1427717997
1427721785
1427727480
1427731544
1427733180
1427739495
1427749581
1427749604
1427753861
1427763785
1427764695
1427764763
1427764885
1427767664
1427781257
1427793024
1427794842
1427798572
1427802851
1427807683
1427813545
1427825320
1427825430
1427827025
1427839717
1427843737
1427846302
1427856044
1427864280
1427872764
1427877127
1427877191
1427877877
1427882435
1427893767
1427894905
1427898074
1432602970
1432627977
1432631611
1432644924
1432648212
1432651591
1432659420
1432662141
1432665233
1432668761
1432669251
1432669377
1432670765
1432681090
1432682854
1432684464
1432693372
1432703175
1432714760
1432715825
1432745315
1432760514
1432761741
1432764915
1432765150
1432776161
1432805790
1432828334
1432869167
1432871933
1432875094
1432889673
1432898205
1432910457
1432917292
1432923947
1432931987
1432941235
1432976944
1433008470
1433012600
1433022504
1433027452
1433033533
1433035470
1433036224
1433045643
1433048100
1433048350
1433051460
1433055292
1433057320
1433063245
1433070857
1433080745
1433086265
1433086425
1433087100
1433087902
1433114135
1433116653
1433117594
1433127597
1433128597
1433133064
1433136073
1433138157
1433139807
1433143691
1433144204
1433147017
1433150711
1433155985
1433166203
1433166775
1433175237
1433179100
1433182373
1433182957
1433188740
1433191674
1433205471
1433209532
1433212801
1433222831
1433228373
1433247434
1433255704
1433262197
1433263533
1433266572
1433275452
1433285502
1433287103
1433303824
1433305140
1433313435
1433318045
1433318164
1433344383
1433356432
1433360685
1433365913
1433370203
1433372185
1433378440
1433389131
1433391875
1433402950
1433428505
1433439357
1433440645
1433442590
1433443917
1433454290
1433462462
1433467250
1433471552
1433472471
1433480703
1433487104
1433489530
1433496763
1433499435
1433502061
1433507123
1433510192
1433529834
1433533977
1433537083
1433550811
1433551501
1433553163
1433553182
1433566070
1433567930
1433569557
1433582734
1433583394
1433588610
1433593472
1433618733
1433628257
1433635083
1433638014
1433642632
1433644764
1433649001
1433652795
1433654304
1433655842
1433656880
1433657400
1433669240
1433672402
1433680664
1433681503
1433682370
1433688270
1433706647
1433726045
1433736781
1433738334
1433740551
1433753262
1433762481
1433765237
1433777772
1433779494
1433789132
1433795281
1433818842
1433830517
1433846335
1433849561
1433855447
1433855575
1433861701
1433886074
1433912694
1433942433
1433950091
1433958992
1433961657
1433964490
1433971892
1433981645
1433982342
1433995350
1433999762
1434003162
1434009002
1434014663
1434016761
1434022202
1434037477
1434043830
1434044670
1434054744
1434057295
1434069935
1434092364
1434093142
1434095305
1434101723
1434115290
1434125727
1434134645
1434139633
1434153472
1434155354
1434159320
1434160101
1434162690
1434165024
1434192330
1434197362
1434204134
1434210211
1434215890
1434233155
1434256870
1434256930
1434257055
1434258320
1434261005
1434266192
1434266707
1434288600
1434293755
1434299874
1434320201
1434320761
1434335341
1434337702
1434346725
1434364475
1434371813
1434378324
1434378705
1434383267
1434386092
1434394605
1434396997
1434415820
1434419580
1434419602
1434419771
1434427107
1434437771
1434444892
1434451581
1434451731
1434452383
1434452683
1434454671
1434459051
1434465331
1434476591
1434482170
1434483427
1434490112
1434492385
1434497893
1434498015
1434501485
1434503647
1434507223
1434511983
1434513602
1434514324
1434521743
1434527732
1434533624
1434537702
1434551502
1434551585
1434552554
1434563757
1434567067
1434580724
1434594472
1434595832
1434598652
1434602584
1434605193
1434612054
1434613061
1434619817
1434629094
1434632771
1434636581
1434640054
1434640582
1434646351
1434650911
1434670970
1434676802
1434680412
1434687935
1434692513
1434694951
1434700155
1434706431
1434722114
1434723177
1434724153
1434727094
1434731783
1434734343
1434742473
1434755350
1434760990
1434762314
1439317363
1439339567
1439348691
1439349140
1439360804
1439364292
1439364990
1439368335
1439369572
1439371750
1439386254
1439393620
1439397575
1439397993
1439404747
1439407052
1439410773
1439423814
1439426074
1439433251
1439434345
1439442072
1439458191
1439459363
1439462707
1439464803
1439471085
1439478962
1439486270
1439497251
1439501521
1439518811
1439520770
1439526984
1439530780
1439534550
1439539882
1439543862
1439548877
1439558282
1439558562
1439573153
1439573570
1439580687
1439589664
1439590941
1439621227
1439645633
1878572677
1878573891
1878574743
1878579784
1878580163
1878582623
1878585634
1878587655
1878588223
1878589707
1878589740
1878592160
1878592651
1878598480
1878600597
1878603271
1879125957
1879126180
1879127944
1879130154
1879132970
1879134747
1879135977
1879136063
1879136522
1879137537
1879138491
1879140447
1879146041
1879146145
1879147302
1879147973
1879149400
1879152533
1879153000
1879159552
1879163373
1879163794
1879165595
1879171170
1879172860
1879174481
1879176630
1879188771
1879192565
1879193650
1879194187
1879194297
1879197591
1879200581
1879202984
1879203167
1879218177
1879221291
1879223201
1879223413
1879225615
1879228947
1879231097
1879231327
1879231743
1879232961
1879233294
1879235340
1879238341
1879238465
1879239245
1879242762
1879247165
1879249461
1879769781
1879772351
1879773475
1879774634
1879777144
1879778344
1879778661
1879778684
1879779672
1879782977
1879783257
1879789762
1879791924
1879792741
1879795123
1879796272
1879799667
1879807083
1879808064
1879808285
1879809257
1879810531
1879811301
1879811777
1879812475
1879818481
1879819712
1879820780
1879824354
1879824747
1879825804
1879826624
1879826633
1879831652
1879833060
1879837012
1879837801
1879838604
1879838672
1879839424
1879844420
1879845774
1879848164
1879851630
1879854952
1879863017
1879863907
1879864870
1879865537
1879869544
1879870634
1879873750
1879874592
1879875302
1879877174
1879878740
1879879952
1879880930
1879881144
1879882684
1879883460
1879883942
1879884353
1879886572
1879891340
1879893504
1879894472
1879897894
1879900895
1879902965
1879903644
1879904224
1879905811
1879908695
1879910195
1879912771
1879913164
1880427241
1880437881
1880445050
1880446442
1880450404
1880456277
1880456560
1880457634
1880458174
1880459485
1880464900
1880466244
1880469721
1880470004
1880470240
1880475094
1880478810
1880485711
1880489307
1880490650
1880492550
1880493887
1880495091
1880495603
1880498913
1880501655
1880503444
1880506345
1880509394
1880514180
1880514232
1880516117
1880518493
1880519770
1880520660
1880526554
1880529093
1880531947
1880533001
1880533571
1880533831
1880540874
1880542203
1880547814
1929303875
1929308073
1929317141
1930144527
1930146071
1930148015
1930149375
1930157255
1930165604
1930175691
1930177944
1930181620
1930184137
1930185765
1930186434
1930187985
1930192842
1930198433
1930204741
1930215957
1930218083
1930225521
1930227151
1930228604
1930230667
1930233010
1930233195
1930234462
1930235327
1930240721
1930241917
1930243812
1930247051
1930249892
1930927987
1930929842
1930930244
1930939970
1930940591
1930941135
1930941787
1930942152
1930947125
1930949034
1930949297
1930950275
1930951374
1930959090
1930963992
1930980985
1930983260
1930985693
1930986901
1930987015
1930991543
1930996945
1931000225
1931001827
1931003157
1931006744
1931013757
1931015983
1931020000
1931021795
1931025653
1931026004
1931588713
1931593524
1931595361
1931598421
1931600752
1931606862
1931609773
1931617397
1931621485
1931622005
1931622525
1931624743
1931626621
1931626865
1931629244
1931632687
1931632767
1931645105
1931647455
1931655382
1931658890
1931671897
1931673051
1931676937
1931693431
1931696122
1932433465
1932436162
1932442933
1932448843
1932451285
1932459677
1932469323
1932477845
1932482165
1932497395
1932517893
1932518294
1932521922
1932525067
1932527695
1932534517
1932552267
1932558083
1932560435
1932565493
1932566777
1932587267
1932595365
1932605322
1932611685
1932614415
1932618683
1932623795
1932629640
1932635941
1932636863
1932652390
1933495237
1933495383
1933495833
1933496395
1933503670
1933506795
1933511237
1933511847
1933518853
1933518872
1933529521
1933532717
1933539015
1933552790
1933552995
1933553585
1933560115
1933561810
1933574590
1933577105
1933580971
1933581927
1933585151
1933585353
1933589672
1933600954
1934299441
1934300683
1934300801
1934301070
1934301372
1934306130
1934309293
1934315825
1934316980
1934317955
1934321753
1934322223
1934323297
1934324777
2091182424
2091186372
2091197467
2091201693
2091211512
2091212702
2091220405
2091238614
2091239271
2091245335
2091258122
2091268085
2091275437
2091276410
2091276944
2091284582
2091950935
2091964065
2091972922
2091973640
2091979702
2091979743
2091992141
2092005474
2092015760
2092023721
2092037190
2092075372
2092078510
2092091944
2092091991
2092760703
2092764477
2092764807
2092769707
2092769813
2092770183
2092776444
2092783325
2092799485
2092802273
2092803963
2092805935
2092819941
2092827491
2092840940
2092843663
2092844531
2092845117
2092847577
2092848943
2092850682
2092853285
2092863767
2092880077
2092881184
2092881521
2092882723
2092885143
2092885913
2092885947
2092893934
2092897105
2092899224
2092902070
2092915017
2092917182
2092917577
2092918757
2092922593
2092922701
2092923457
2092929857
2092938634
2092939625
2092942635
2092944792
2092947293
2092953355
2092967152
2092969551
2092974352
2092975351
2092982291
2093008442
2093021023
2093042107
2093060952
2093069085
2093072735
2093077187
2093085452
2093861905
2093869002
2093880341
2093889821
2093896374
2093904952
2093937587
2093945821
2093955261
2093959215
2093962317
2093971490
2093974727
2093974751
2094549997
2094555047
2094563407
2094599521
2094603981
2094616307
2094618890
2094636907
2094641455
2094662132
2094669121
2094675184
2094675495
2095349422
2095352907
2095359503
2095363443
2095378383
2095379683
2095391200
2095396381
2095400005
2095403717
2095412055
2095416411
2095422983
2095426313
2095445444
2095448855
2095449293
2095452030
2095463791
2095466893
2095468007
2096188802
2096190774
2096194874
2096203500
2096205803
2096228203
2096253264
2499224092
2499229470
2499247473
2499248263
2499268953
2499284581
2499325834
2499370034
2499374314
2499376610
2499414650
2499468711
2499504637
2499526114
2499538263
2499545522
2499553210
2499556945
2499586364
2499596257
2499608320
2499639740
2499680703
2499718764
2499753134
2499773623
2499783000
2499851572
2499854203
2499885020
2500128114
2500217044
2500223840
2500232233
2500245155
2500374671
2500443985
2500448414
2500451855
2500473457
2500487533
2500514505
2500605093
2500623814
2500650924
2500682831
2500694027
2500708681
2500736757
2500759072
2500775855
2500799591
2500846440
2500850970
2500887494
2500915872
2500933944
2500943220
2500952314
2500958670
2500972744
2500988907
2501017590
2501070782
2501131224
2501251910
2501294722
2501296983
2501303245
2501379905
2501392185
2501430820
2501511785
2501517245
2501625547
2501674540
2501687305
2501734700
2501775247
2501783861
2501860217
2501882615
2501975964
2501981947
2502028124
2502062802
2502091393
2502116051
2502308180
2502350611
2502355817
2502356982
2502393684
2502402680
2502415547
2502440317
2502457091
2502505194
2502541615
2502620407
2502659424
2502664942
2502728503
2502742093
2502803060
2502869134
2502903684
2502913340
2502991524
2503088435
2503113721
2503117574
2503221055
2503221244
2503237427
2503238690
2503254714
2503294012
2503329332
2503380130
2503467064
2503470310
2503536890
2503558894
2503580077
2503583472
2503622612
2503665290
2503675373
2503683470
2503779085
2503853552
2503886211
2503895143
2503898797
2503903980
2503914134
