1427589977
1427603960
1427683122
1427718637
1427723110
1427733671
1427733824
1427733943
1427756644
1427778110
1427790270
1427823420
1427828665
1427844971
1427874617
1427880974
1432614015
1432641281
1432645435
1432655664
1432659015
1432660452
1432680574
1432716392
1432847273
1432850304
1432854021
1432873234
1432938931
1432974172
1432981687
1433003823
1433027131
1433033357
1433060821
1433068453
1433105404
1433105571
1433135582
1433158862
1433185493
1433187183
1433210013
1433219794
1433228131
1433294104
1433311821
1433323862
1433329774
1433346527
1433358522
1433386572
1433387177
1433392064
1433397405
1433399202
1433406647
1433408435
1433416121
1433417000
1433428644
1433453934
1433469242
1433539910
1433545233
1433558991
1433574121
1433575931
1433577781
1433595587
1433605720
1433616141
1433621275
1433621423
1433640483
1433669217
1433718850
1433726903
1433797363
1433800415
1433801845
1433804711
1433874220
1433876622
1433882174
1433940047
1433951991
1433953135
1433962217
1433973177
1434019230
1434025824
1434032063
1434056841
1434093435
1434098305
1434134055
1434145857
1434160330
1434170697
1434173303
1434186564
1434188551
1434273035
1434339064
1434339604
1434370320
1434371363
1434381404
1434383565
1434402060
1434409692
1434429255
1434434457
1434437727
1434447024
1434465884
1434475192
1434476397
1434477690
1434492110
1434527361
1434528151
1434533641
1434533667
1434538050
1434650910
1434684397
1434686293
1434694457
1434698981
1434740355
1434746781
1439318215
1439332807
1439337172
1439375430
1439435961
1439464677
1439503732
1439541671
1439545517
1439558741
1439625305
1878577927
1878578683
1878582611
1878583133
1878592051
1878592112
1878592497
1878595455
1878603280
1879126040
1879127255
1879128247
1879128453
1879130384
1879131197
1879132153
1879137553
1879137877
1879138105
1879143033
1879155741
1879156082
1879168807
1879171767
1879187112
1879199815
1879201087
1879203193
1879209727
1879223171
1879224927
1879229867
1879231473
1879241163
1879244523
1879768667
1879774433
1879778774
1879784183
1879792804
1879794247
1879796834
1879799467
1879801550
1879801771
1879803764
1879804595
1879805851
1879811593
1879811951
1879813517
1879823544
1879826137
1879826700
1879827145
1879829492
1879831393
1879835951
1879842345
1879843593
1879846724
1879848010
1879848425
1879850863
1879856592
1879856931
1879857292
1879866267
1879870794
1879871012
1879876034
1879878294
1879887034
1879899610
1879900432
1879901184
1879903894
1879905425
1879912115
1879912515
1880427971
1880433261
1880434772
1880444193
1880451477
1880471021
1880472962
1880494727
1880497214
1880497674
1880512835
1880513392
1880518477
1880519110
1880519952
1880523237
1880525774
1880532903
1929303241
1929305951
1929307921
1929310913
1930146545
1930153433
1930153461
1930156691
1930165005
1930170433
1930182094
1930189870
1930190197
1930192881
1930200011
1930201220
1930211501
1930214507
1930216771
1930224192
1930241761
1930245727
1930247330
1930253787
1930929097
1930938195
1930951112
1930951603
1930969701
1930984042
1930994640
1931007435
1931011424
1931022777
1931023450
1931026877
1931029102
1931592161
1931594822
1931621805
1931623927
1931646514
1931646933
1931674885
1931685142
1931688225
1931696954
1932430441
1932448480
1932450387
1932455451
1932461857
1932462110
1932465310
1932474750
1932479042
1932493733
1932499902
1932506565
1932518390
1932521945
1932532430
1932533012
1932542115
1932542262
1932563445
1932578071
1932579397
1932581550
1932585507
1932596071
1932596437
1932603692
1932609990
1932617447
1932634004
1932637202
1932640877
1932643682
1932652601
1932653043
1933493623
1933497437
1933510172
1933513673
1933515570
1933516683
1933517253
1933521107
1933521190
1933524122
1933530970
1933538050
1933550393
1933554442
1933565760
1933567327
1933574671
1933583520
1933591574
1933598391
1934295433
1934298875
1934315214
1934322592
1934324023
2091197675
2091200190
2091201847
2091219055
2091220224
2091229303
2091236781
2091239674
2091261752
2091266807
2091271812
2091278492
2091288534
2091950140
2091972360
2091973345
2091975984
2091981394
2091986991
2092005470
2092008822
2092008871
2092008882
2092020381
2092037512
2092040310
2092043054
2092043451
2092053352
2092057382
2092063477
2092064654
2092065617
2092066125
2092082117
2092083520
2092760642
2092763127
2092769611
2092769907
2092773250
2092787927
2092792555
2092794291
2092806310
2092814124
2092819681
2092826704
2092832282
2092832314
2092832452
2092844735
2092856627
2092857993
2092876611
2092885581
2092894567
2092898682
2092911407
2092913191
2092930844
2092936192
2092937727
2092942884
2092944212
2092956573
2092959164
2092960804
2092972025
2093019022
2093024797
2093042013
2093050347
2093081852
2093087137
2093092247
2093857044
2093885885
2093920205
2093922584
2093924425
2093941090
2093943487
2093951330
2093959933
2093966992
2093984407
2094553640
2094561684
2094575812
2094610225
2094615401
2094632575
2094638767
2094642871
2094659371
2094664670
2094669205
2094671105
2094687144
2094696577
2095355697
2095372073
2095373041
2095379051
2095389374
2095390805
2095390855
2095397813
2095399965
2095402962
2095418863
2095425921
2095429191
2095431923
2095443221
2095448302
2095450235
2095461312
2096191577
2096203175
2096212252
2096214577
2096220847
2096243060
2096266562
2499240954
2499245363
2499247624
2499258051
2499281044
2499289927
2499294700
2499317145
2499331070
2499366054
2499508827
2499601542
2499652350
2499677377
2499739313
2499739493
2500139662
2500147711
2500151964
2500196971
2500215957
2500234743
2500277503
2500308852
2500319487
2500334647
2500337507
2500438354
2500456320
2500608922
2500702935
2500725931
2500730630
2500739710
2500767104
2500819390
2500852682
2500856790
2500862077
2500886690
2500922755
2500922980
2501004413
2501007541
2501068090
2501075082
2501149044
2501232520
2501275014
2501302705
2501307115
2501324422
2501334994
2501336704
2501423727
2501435522
2501446557
2501476241
2501529640
2501573462
2501573822
2501576382
2501592432
2501594203
2501597622
2501601853
2501609115
2501610264
2501620755
2501698604
2501729401
2501738297
2501761580
2501786493
2501797422
2501819262
2501819795
2501835982
2501848827
2501849394
2501857814
2501861542
2501901683
2501931757
2501955052
2501958674
2501960571
2502022563
2502024915
2502030691
2502041342
2502041924
2502049053
2502068343
2502075067
2502096164
2502136912
2502148720
2502170977
2502175770
2502212212
2502237927
2502243282
2502320960
2502353873
2502355462
2502366982
2502367615
2502430597
2502433147
2502453420
2502468280
2502495642
2502515742
2502547051
2502561930
2502575757
2502611431
2502657644
2502725855
2502758985
2502839362
2502859782
2502881181
2502895714
2502956792
2502989862
2503059394
2503094822
2503105092
2503117425
2503175015
2503193011
2503245374
2503275533
2503292310
2503318490
2503325382
2503326951
2503349300
2503365964
2503472355
2503520814
2503528392
2503589981
2503626845
2503639857
2503750192
2503759152
2503768927
2503819321
2503846912
