1427592210
1427592465
1427593641
1427603313
1427654820
1427675612
1427679360
1427688265
1427722075
1427791747
1427815721
1427840352
1427844833
1427875813
1427876533
1427899751
1432612943
1432695027
1432700083
1432895575
1432914911
1433053694
1433123075
1433223142
1433287292
1433297062
1433336350
1433346464
1433368312
1433386395
1433464033
1433474031
1433512494
1433546963
1433557323
1433582422
1433596734
1433625632
1433725465
1433779463
1433791590
1433804030
1433827742
1433955482
1433993833
1434000117
1434181010
1434224355
1434235581
1434308324
1434380940
1434414634
1434424903
1434513973
1434544513
1434553561
1434555724
1434560371
1434607403
1434631637
1434710283
1434731981
1439395165
1439411150
1439414705
1439440182
1439462111
1439613093
1439621463
1878575957
1878576484
1878580004
1878585863
1878594701
1878596620
1878598573
1879131770
1879137984
1879138212
1879140622
1879140955
1879143117
1879144040
1879158991
1879168340
1879180713
1879189664
1879199765
1879232284
1879776463
1879779734
1879781372
1879787132
1879788780
1879795645
1879802454
1879807672
1879812094
1879829462
1879829767
1879830405
1879845435
1879847753
1879848477
1879856934
1879860741
1879861654
1879870725
1879879570
1879881264
1879885270
1879889292
1879893354
1879894863
1879896272
1879896344
1879906982
1880426505
1880444560
1880452447
1880454912
1880459573
1880463174
1880470220
1880471322
1880476692
1880482667
1880485342
1880495925
1880504602
1880505410
1880507825
1880513994
1880518521
1880532331
1880532340
1880534213
1880541534
1929305094
1929306943
1929312651
1930138130
1930155057
1930163967
1930168055
1930179873
1930182033
1930195304
1930202261
1930215441
1930219040
1930233795
1930938675
1930941090
1930943517
1930953321
1930958893
1930961223
1930963487
1930964107
1930966635
1930981623
1930988207
1930999725
1931005191
1931006257
1931006501
1931007300
1931007301
1931017850
1931600284
1931602755
1931651651
1931661347
1931664742
1931668753
1931674021
1931687151
1931688451
1931695724
1932441291
1932444564
1932465142
1932489642
1932496987
1932501041
1932512871
1932513065
1932571185
1933496913
1933502711
1933505705
1933508182
1933513035
1933513103
1933525284
1933543481
1933549103
1933564873
1933571484
1933597263
1934296252
1934302087
1934307022
2091183732
2091185112
2091187603
2091224802
2091240091
2091244587
2091246713
2091247595
2091251351
2091260015
2091961550
2091962443
2091963181
2092007395
2092016123
2092032314
2092037064
2092069217
2092091040
2092093090
2092774860
2092835431
2092851002
2092858922
2092919360
2092926037
2092928664
2092935932
2092944627
2093019367
2093058397
2093078772
2093882975
2093886667
2093899587
2093902504
2093923390
2093943865
2093950825
2093991275
2094560175
2094583363
2094604053
2094639977
2094648494
2094655804
2095337017
2095344835
2095400833
2095404921
2095450703
2095452473
2096197135
2096226142
2096255124
2096265992
2096268410
2499264150
2499283687
2499292140
2499292994
2499297514
2499302000
2499318605
2499327250
2499362737
2499396327
2499412541
2499449840
2499480615
2499501600
2499517262
2499558370
2499575284
2499589844
2499628723
2499631990
2499680563
2499699754
2499762930
2499862680
2500173540
2500249442
2500261152
2500263481
2500276083
2500295797
2500386357
2500416025
2500551200
2500566270
2500567790
2500584133
2500636463
2500726200
2500919280
2500932124
2500961214
2501052531
2501164590
2501252530
2501397475
2501406364
2501472364
2501522141
2501601525
2501647282
2501706055
2501749652
2501771443
2501783424
2501906010
2501922932
2501973681
2501980387
2502048872
2502079777
2502119500
2502130825
2502141592
2502214751
2502248875
2502280120
2502329427
2502462454
2502495632
2502511822
2502546630
2502559843
2502597690
2502711275
2502953594
2502988502
2503113282
2503131957
2503158854
2503191945
2503346200
2503440444
2503453451
2503489135
2503595267
2503610712
2503617072
2503628434
2503662834
2503721670
2503756910
2503797092
2503875614
2503885802
