1427591573
1427602503
1427620683
1427652811
1427654367
1427672811
1427689630
1427722133
1427751365
1427755310
1427772923
1427784422
1427808664
1427816602
1427836754
1427851377
1427855105
1427862181
1427864260
1427864823
1427886984
1432603415
1432633995
1432637681
1432640924
1432645403
1432684130
1432702731
1432707775
1432725934
1432804503
1432836790
1432845141
1432947450
1433014400
1433025417
1433032790
1433039047
1433059564
1433066175
1433075185
1433133782
1433135800
1433141692
1433162625
1433168190
1433193614
1433201810
1433207191
1433245247
1433246401
1433264242
1433277003
1433294943
1433302311
1433313887
1433385411
1433385627
1433390473
1433430875
1433442071
1433452523
1433466075
1433503065
1433504873
1433546934
1433562390
1433570441
1433578515
1433583043
1433601890
1433630363
1433636373
1433639300
1433646922
1433658445
1433691375
1433697001
1433703774
1433710197
1433714624
1433733834
1433739244
1433755423
1433781027
1433800261
1433830194
1433859440
1433875892
1433881343
1433943210
1433960787
1433991732
1434068273
1434096183
1434101331
1434117060
1434130427
1434138737
1434162980
1434190651
1434197324
1434199920
1434206133
1434221201
1434222243
1434250440
1434258574
1434278044
1434301931
1434314877
1434339160
1434342830
1434350237
1434383341
1434384562
1434428723
1434430871
1434432584
1434452880
1434470915
1434471061
1434474163
1434476403
1434491204
1434495821
1434508174
1434531197
1434532894
1434542493
1434558484
1434559071
1434595863
1434596923
1434597257
1434599762
1434618061
1434618582
1434635635
1434636037
1434641584
1434642433
1434682553
1434720681
1434744771
1434764827
1434767884
1439321142
1439358383
1439369912
1439411820
1439414435
1439427684
1439482372
1439483001
1439498664
1439502590
1439514351
1439597407
1439599741
1439659294
1878574214
1878575471
1878577095
1878578191
1878578405
1878578874
1878579845
1878580747
1878583483
1878584127
1878584871
1878587037
1878587053
1878587204
1878589487
1878589562
1878592084
1878594043
1878596164
1878597327
1878597701
1878598662
1878598725
1878600987
1878601291
1878601460
1878603172
1878603547
1878603625
1878603877
1879125695
1879130510
1879135213
1879137674
1879138273
1879146547
1879146780
1879147112
1879147434
1879147780
1879148511
1879149213
1879149223
1879149283
1879150325
1879151463
1879152944
1879154335
1879154673
1879154971
1879156897
1879156917
1879159893
1879160514
1879161280
1879165430
1879167552
1879168147
1879169997
1879172017
1879172645
1879172691
1879176623
1879178187
1879182725
1879183555
1879183745
1879184040
1879184551
1879187432
1879188362
1879189223
1879189522
1879189547
1879189555
1879191701
1879194397
1879194432
1879200495
1879202085
1879202681
1879202903
1879203352
1879206022
1879208353
1879208903
1879214501
1879214795
1879217103
1879217553
1879217593
1879220197
1879223875
1879224677
1879225737
1879227840
1879230497
1879232271
1879237145
1879237643
1879241701
1879241994
1879243697
1879248523
1879768393
1879769624
1879771185
1879771370
1879773321
1879773543
1879773570
1879774842
1879775944
1879776741
1879776943
1879777331
1879778934
1879780590
1879780801
1879782090
1879782824
1879788453
1879790333
1879791133
1879793210
1879793953
1879794900
1879795681
1879795914
1879796033
1879796645
1879797051
1879798201
1879800233
1879800564
1879802075
1879803475
1879803624
1879808512
1879810662
1879811465
1879811650
1879811890
1879812770
1879813337
1879814304
1879814690
1879815304
1879816440
1879818790
1879822001
1879823771
1879823803
1879824454
1879825524
1879826951
1879831662
1879832213
1879833267
1879833644
1879835704
1879835940
1879836104
1879836814
1879836837
1879838747
1879840017
1879840542
1879841014
1879843095
1879843533
1879844673
1879845685
1879847921
1879852660
1879853294
1879854537
1879855071
1879855724
1879856112
1879856344
1879858124
1879861984
1879863864
1879865277
1879866563
1879870332
1879872130
1879877182
1879878010
1879878254
1879878690
1879882734
1879884063
1879886464
1879887305
1879888392
1879888574
1879889052
1879890132
1879893545
1879894060
1879894654
1879894710
1879896024
1879899142
1879899837
1879902430
1879902582
1879903312
1879908023
1879909085
1879911255
1879911894
1879912241
1880427754
1880433130
1880436792
1880441331
1880445213
1880448233
1880452565
1880454443
1880456420
1880456647
1880461842
1880472232
1880473641
1880476520
1880478483
1880479131
1880481251
1880483660
1880483700
1880483995
1880485512
1880488220
1880488485
1880490507
1880495271
1880495633
1880495650
1880496345
1880497114
1880500342
1880500567
1880502731
1880504634
1880505975
1880507394
1880507833
1880508490
1880509377
1880511160
1880511241
1880511635
1880511843
1880513295
1880517807
1880518163
1880521572
1880521735
1880526177
1880526357
1880526614
1880527400
1880529157
1880529565
1880531015
1880532087
1880535341
1880536880
1880538765
1880541425
1880544120
1929305261
1929309083
1929311842
1929315913
1930137101
1930140941
1930145571
1930147935
1930148211
1930148371
1930148935
1930148957
1930152335
1930156655
1930164047
1930164693
1930166371
1930166677
1930169244
1930170022
1930170175
1930172151
1930174345
1930175854
1930177004
1930181673
1930183113
1930183377
1930183927
1930187851
1930196033
1930196863
1930197052
1930199167
1930203011
1930203374
1930207641
1930212753
1930215614
1930215635
1930216252
1930217913
1930219773
1930226091
1930226754
1930226962
1930227130
1930228001
1930229253
1930231971
1930233401
1930234011
1930239843
1930241843
1930242275
1930246051
1930247677
1930249087
1930927003
1930933573
1930937742
1930940280
1930940603
1930940712
1930943243
1930945727
1930947453
1930950261
1930954015
1930954185
1930954471
1930955204
1930959933
1930966252
1930969434
1930970155
1930970327
1930973711
1930975947
1930976787
1930978814
1930981352
1930982635
1930983443
1930984701
1930986841
1930989237
1930992041
1930992352
1930993477
1930994542
1930994834
1931001041
1931001297
1931005652
1931006080
1931006322
1931010185
1931012001
1931017420
1931018977
1931026637
1931028312
1931028313
1931588647
1931588942
1931592705
1931593950
1931594537
1931600081
1931602441
1931602815
1931604093
1931607622
1931608954
1931610907
1931615354
1931617017
1931617462
1931617721
1931618645
1931619820
1931622151
1931625055
1931629201
1931635527
1931636420
1931636617
1931638127
1931639002
1931639655
1931640135
1931641727
1931641962
1931643020
1931648893
1931658225
1931658407
1931661997
1931662031
1931664044
1931665035
1931670162
1931673484
1931686503
1931688484
1931689031
1931690022
1931691327
1931691605
1931695150
1932438022
1932440190
1932448024
1932453615
1932457174
1932459477
1932460174
1932461261
1932463507
1932466341
1932476351
1932481550
1932490153
1932495682
1932499622
1932499717
1932500973
1932504094
1932505485
1932519405
1932535815
1932541354
1932548213
1932563855
1932567225
1932573783
1932590544
1932590597
1932591405
1932601025
1932606413
1932611027
1932612563
1932615813
1932620974
1932622561
1932623811
1932629414
1932629821
1932633181
1932638224
1932641025
1932642990
1932648625
1933492860
1933494711
1933498845
1933501687
1933501874
1933510183
1933510842
1933511405
1933511781
1933514080
1933514214
1933516660
1933516751
1933518550
1933519420
1933521451
1933522340
1933531492
1933540517
1933541191
1933543465
1933543885
1933546200
1933548690
1933555950
1933564375
1933565513
1933570794
1933575795
1933579024
1933585211
1933587081
1933593281
1933595357
1933597771
1933600554
1934297007
1934297260
1934300257
1934303255
1934306281
1934307130
1934307945
1934314961
1934319431
1934319970
1934324013
1934324887
2091181103
2091188577
2091194191
2091199193
2091199825
2091201194
2091204570
2091208623
2091210382
2091216573
2091222152
2091223811
2091225392
2091230624
2091230723
2091235064
2091237282
2091237704
2091239712
2091250091
2091253151
2091253535
2091253857
2091262507
2091265383
2091268024
2091269851
2091271224
2091273977
2091278312
2091288237
2091948333
2091949710
2091951267
2091953365
2091955353
2091956291
2091957401
2091961791
2091963423
2091963553
2091968342
2091973117
2091982001
2091984675
2091993037
2091996213
2092000993
2092011654
2092013871
2092017483
2092018555
2092019887
2092022200
2092024830
2092026823
2092031893
2092040984
2092043787
2092049037
2092054787
2092055271
2092058795
2092058925
2092064013
2092076261
2092076503
2092080263
2092084755
2092087163
2092088127
2092089121
2092752310
2092763133
2092766250
2092767931
2092771202
2092773853
2092775241
2092777021
2092779621
2092781801
2092787267
2092794503
2092804167
2092815185
2092823411
2092825207
2092832394
2092834487
2092836355
2092836372
2092841470
2092842911
2092846763
2092848075
2092848397
2092856594
2092857115
2092860551
2092860614
2092861690
2092863863
2092866067
2092866367
2092868741
2092871577
2092872161
2092877773
2092878885
2092879253
2092882120
2092883075
2092886003
2092886751
2092887923
2092888355
2092892851
2092893880
2092894141
2092895481
2092907515
2092908945
2092912684
2092914461
2092917647
2092922035
2092925490
2092926813
2092928521
2092937533
2092938840
2092948962
2092951443
2092954843
2092958540
2092959707
2092967043
2092970917
2092971594
2092984265
2092997547
2092999530
2093002063
2093007033
2093009913
2093011210
2093011980
2093018750
2093023244
2093027000
2093042550
2093045167
2093047690
2093049863
2093050194
2093050600
2093057597
2093061554
2093074877
2093080013
2093084625
2093086613
2093088457
2093089071
2093858032
2093860037
2093867465
2093870940
2093876511
2093876592
2093883525
2093896111
2093905824
2093907945
2093911634
2093915881
2093917370
2093918845
2093922924
2093923470
2093929672
2093930581
2093931387
2093937187
2093946140
2093952365
2093956967
2093958040
2093960770
2093962521
2093970330
2093980440
2093990220
2094549637
2094552514
2094564307
2094568234
2094582137
2094582245
2094584252
2094584300
2094594650
2094597364
2094604510
2094605064
2094612804
2094616277
2094620071
2094630197
2094632757
2094639653
2094640780
2094641831
2094643294
2094656613
2094656850
2094667025
2094671381
2094676253
2094687982
2094694375
2095336380
2095346027
2095346133
2095349894
2095350227
2095350585
2095352311
2095352751
2095353173
2095362597
2095364133
2095366027
2095370287
2095377410
2095378004
2095382143
2095383675
2095384362
2095384984
2095392045
2095393265
2095399191
2095400011
2095407205
2095409990
2095410027
2095412565
2095413343
2095416015
2095419411
2095422875
2095429141
2095432621
2095434001
2095437317
2095439572
2095441474
2095451137
2095451857
2095453584
2095453897
2095461623
2095464937
2095467261
2095468603
2096186462
2096187871
2096200262
2096207725
2096208345
2096222302
2096227567
2096230544
2096236307
2096243505
2096244485
2096247613
2096252117
2096257452
2096268040
2096270973
2096271871
2096272905
2499205031
2499206154
2499206293
2499212230
2499218462
2499225637
2499230603
2499232403
2499241432
2499247044
2499249480
2499252035
2499257222
2499257907
2499282211
2499282703
2499291103
2499299800
2499300257
2499302703
2499305347
2499313540
2499323777
2499330552
2499382070
2499393542
2499416981
2499426904
2499446312
2499453160
2499458864
2499459012
2499459190
2499470433
2499476163
2499486102
2499488215
2499491592
2499497915
2499498142
2499500162
2499511530
2499529310
2499530091
2499531205
2499540550
2499543057
2499552123
2499573570
2499576032
2499585657
2499588640
2499590433
2499595081
2499600715
2499606560
2499619937
2499631330
2499633757
2499651060
2499655133
2499655397
2499655780
2499670265
2499671352
2499701364
2499701434
2499704044
2499716555
2499729510
2499732414
2499763604
2499768852
2499783320
2499802124
2499805230
2499815750
2499818804
2499823914
2499874662
2499883642
2499885794
2500104713
2500106844
2500117303
2500119065
2500127067
2500148685
2500157837
2500162972
2500167733
2500174963
2500203413
2500211607
2500221872
2500243340
2500265754
2500266087
2500270590
2500289660
2500298964
2500304223
2500325924
2500327027
2500390413
2500409523
2500410693
2500413904
2500414825
2500421450
2500424603
2500431790
2500440344
2500453793
2500465907
2500506442
2500514233
2500527117
2500561363
2500594534
2500612951
2500736950
2500744904
2500793294
2500809400
2500809501
2500824484
2500838150
2500845293
2500848271
2500851610
2500869874
2500895150
2500895977
2500910092
2500916822
2500916855
2500933895
2500953042
2500959423
2500971053
2500973963
2500980572
2501005770
2501015290
2501034280
2501044013
2501049334
2501052660
2501063052
2501083502
2501094995
2501120651
2501155181
2501166762
2501169814
2501179443
2501183215
2501198700
2501207730
2501209115
2501216275
2501220240
2501235352
2501241902
2501244310
2501248034
2501254685
2501262454
2501268972
2501272335
2501276130
2501286622
2501287882
2501296824
2501305902
2501308223
2501326262
2501356707
2501369984
2501387574
2501404785
2501409150
2501412210
2501417297
2501430114
2501450034
2501456512
2501465292
2501468972
2501479774
2501491620
2501508910
2501512930
2501517224
2501567841
2501573564
2501578225
2501661824
2501665382
2501669253
2501670285
2501690592
2501703010
2501716040
2501728871
2501749142
2501761493
2501762335
2501763224
2501775000
2501780115
2501788375
2501791630
2501802401
2501810187
2501833491
2501843601
2501848772
2501854321
2501859655
2501868731
2501883342
2501886724
2501894420
2501899404
2501937211
2501947111
2501950561
2501953781
2501957217
2501963084
2501965344
2501969262
2501977282
2501978697
2501979142
2501984814
2502007812
2502042364
2502047610
2502073357
2502076602
2502082510
2502086472
2502093972
2502105703
2502113181
2502114942
2502123624
2502125320
2502168522
2502168854
2502183104
2502215800
2502219574
2502231512
2502235563
2502237647
2502238784
2502245897
2502245990
2502265414
2502267454
2502267942
2502274783
2502277934
2502282002
2502282840
2502287237
2502291050
2502296224
2502308657
2502313740
2502317682
2502318014
2502322064
2502326242
2502332847
2502339012
2502346602
2502349134
2502371533
2502376575
2502378464
2502401707
2502421872
2502445865
2502452763
2502453835
2502469740
2502478215
2502481820
2502486533
2502498080
2502501430
2502502294
2502505582
2502520590
2502529801
2502535787
2502545140
2502545480
2502571032
2502590442
2502599653
2502617040
2502634473
2502635175
2502635747
2502636050
2502636654
2502648425
2502656582
2502662673
2502694877
2502729377
2502731733
2502746283
2502775600
2502788671
2502802233
2502802372
2502844741
2502849382
2502858837
2502913592
2502914017
2502927371
2502943682
2502948892
2502951294
2502980641
2502985382
2502985532
2502987530
2503052112
2503056460
2503060941
2503073171
2503084312
2503129437
2503130940
2503134067
2503134564
2503143945
2503151560
2503153094
2503180127
2503185300
2503187830
2503197992
2503202880
2503210297
2503233495
2503244174
2503251084
2503257965
2503260092
2503261852
2503261990
2503273750
2503275000
2503282622
2503296557
2503303150
2503329080
2503362361
2503368450
2503371853
2503374124
2503380151
2503381431
2503382911
2503385734
2503390892
2503412784
2503414640
2503427920
2503456083
2503465050
2503473880
2503492265
2503500327
2503506700
2503516244
2503520765
2503523992
2503538754
2503539557
2503549720
2503570454
2503573112
2503584952
2503588050
2503605217
2503608270
2503618484
2503619083
2503629030
2503630092
2503632677
2503638252
2503653185
2503655660
2503675931
2503700332
2503702802
2503711534
2503716041
2503717070
2503718010
2503722825
2503725854
2503768020
2503772045
2503779154
2503786723
2503792674
2503819547
2503819890
2503833490
2503841962
2503851520
2503868812
2503876297
2503887320
2503892540
2503892845
2503916172
2503922830
