1427595804
1427602581
1427611500
1427648447
1427705930
1427732714
1427820455
1432633344
1432651341
1432715841
1432823653
1432924181
1432959657
1433061381
1433063880
1433101515
1433107491
1433177313
1433177945
1433199633
1433263520
1433271214
1433302445
1433352803
1433467521
1433485943
1433523485
1433531634
1433589300
1433603200
1433871525
1433936424
1434094101
1434204871
1434235361
1434293665
1434304104
1434387020
1434601634
1434687635
1434760937
1439334713
1439375154
1439377233
1439408447
1878582487
1878584235
1878586150
1878592094
1878595471
1878599031
1878601002
1879138233
1879143971
1879149390
1879150732
1879157904
1879159263
1879164957
1879167575
1879169507
1879171031
1879175273
1879176952
1879177281
1879178394
1879179333
1879181184
1879207707
1879207954
1879211333
1879222605
1879224101
1879224335
1879238252
1879238355
1879243184
1879244284
1879247017
1879784700
1879786804
1879786902
1879787050
1879791237
1879791831
1879792694
1879794502
1879800210
1879801480
1879802412
1879802973
1879807244
1879808712
1879815904
1879822264
1879823660
1879829071
1879831903
1879835164
1879839430
1879840945
1879842480
1879842813
1879847007
1879847252
1879850674
1879855563
1879859474
1879866257
1879881134
1879887370
1879888110
1879889037
1879891071
1879895723
1879906943
1880437670
1880439310
1880443787
1880468610
1880481975
1880488002
1880490001
1880507674
1880518571
1880527951
1880533182
1880536181
1929303183
1930136852
1930142043
1930148543
1930150194
1930152301
1930153455
1930156457
1930162875
1930168374
1930172982
1930174271
1930180330
1930192312
1930195303
1930197437
1930200207
1930201942
1930203205
1930207455
1930212161
1930216045
1930249271
1930928765
1930934351
1930937403
1930939077
1930939857
1930946377
1930949107
1930950830
1930954477
1930960880
1930961914
1930964653
1930968441
1930973980
1930979633
1930991267
1930993880
1930998551
1931003510
1931003663
1931013474
1931020402
1931022664
1931025780
1931588940
1931589363
1931608607
1931610084
1931616884
1931630260
1931633804
1931637655
1931642065
1931643017
1931649310
1931656005
1931658935
1931664417
1931672455
1931679275
1931679390
1931689215
1932438440
1932468557
1932472671
1932479880
1932483774
1932488225
1932489561
1932505457
1932506461
1932510763
1932514924
1932531327
1932540173
1932545561
1932555224
1932556122
1932566195
1932568195
1932582351
1932582531
1932600585
1932608894
1932614251
1932627120
1932634055
1932639853
1932651147
1932653744
1933493590
1933494805
1933501107
1933523414
1933530140
1933549545
1933555542
1933561165
1933569752
1933570641
1933581352
1934298653
1934302351
1934303325
1934319462
2091180663
2091186777
2091186867
2091186947
2091188353
2091197315
2091201120
2091231384
2091246440
2091947402
2091950073
2091975120
2091981662
2091982721
2091988012
2091990522
2091997783
2092007703
2092019875
2092020535
2092021475
2092026415
2092032733
2092038522
2092058544
2092060795
2092064384
2092080070
2092080571
2092082593
2092082737
2092761487
2092768680
2092776380
2092786760
2092799007
2092800062
2092806583
2092817663
2092840745
2092842645
2092853552
2092856014
2092858435
2092880697
2092885952
2092895213
2092896782
2092902047
2092918933
2092922107
2092922897
2092925813
2092931571
2092932582
2092934154
2092965332
2092970334
2092973252
2092990864
2092992673
2092993380
2093001787
2093005667
2093010643
2093011495
2093023272
2093025897
2093042637
2093053935
2093060064
2093064853
2093065220
2093072843
2093085411
2093088532
2093856124
2093862715
2093866724
2093866991
2093898101
2093904494
2093905673
2093911237
2093940160
2093943574
2093943622
2093945075
2093946341
2093960557
2093967565
2093969754
2093977123
2093981553
2094558563
2094576674
2094584945
2094608093
2094616831
2094621957
2094623015
2094632982
2094633064
2094634993
2094649620
2094668963
2094669691
2094672883
2094672994
2094684312
2094686062
2095340617
2095341063
2095358872
2095365654
2095368807
2095391127
2095392243
2095394617
2095398655
2095409650
2095413893
2095422180
2095425472
2095426867
2095433443
2095434701
2095444641
2095482085
2095485540
2095492575
2096253487
2096271540
2096279842
2499223451
2499238983
2499244132
2499255770
2499259304
2499259942
2499270867
2499283287
2499284220
2499296120
2499308242
2499319144
2499345390
2499346223
2499357373
2499371070
2499389062
2499396915
2499405205
2499434797
2499441582
2499456874
2499470951
2499482903
2499489561
2499499890
2499535077
2499552207
2499581512
2499591744
2499605735
2499624740
2499639367
2499645960
2499667832
2499682364
2499689664
2499712482
2499718954
2499729902
2499735083
2499762194
2499772990
2499798530
2499802202
2499826432
2499828202
2499833534
2499858797
2500102042
2500102190
2500103064
2500150361
2500157893
2500202283
2500212595
2500219720
2500253524
2500293600
2500296344
2500342187
2500362523
2500371823
2500399293
2500433831
2500640503
2500746960
2500774710
2500829670
2500837732
2500900994
2500948187
2500972741
2501008205
2501016970
2501040175
2501065732
2501089503
2501095202
2501098453
2501143594
2501149074
2501163810
2501197010
2501199145
2501226367
2501230707
2501240590
2501244800
2501252125
2501279374
2501294401
2501311230
2501320055
2501326697
2501355724
2501358252
2501401463
2501409181
2501414641
2501418171
2501447114
2501471075
2501499373
2501503601
2501532360
2501542111
2501573705
2501575212
2501590787
2501599404
2501621443
2501643600
2501651352
2501652962
2501677534
2501686583
2501690062
2501692424
2501721060
2501722000
2501726255
2501729072
2501732960
2501745474
2501800415
2501820991
2501835781
2501853565
2501875130
2501876944
2501898923
2501904833
2501905410
2501965535
2501969041
2501971577
2501987473
2502035962
2502054707
2502096030
2502107004
2502110792
2502129845
2502130954
2502146201
2502159035
2502188240
2502208634
2502214953
2502217212
2502217292
2502246510
2502260081
2502286981
2502292901
2502319740
2502358664
2502367164
2502386213
2502397084
2502403510
2502425540
2502432240
2502450323
2502459502
2502490110
2502492422
2502510802
2502528323
2502542662
2502581142
2502582172
2502610987
2502617454
2502636935
2502676583
2502682142
2502698673
2502718800
2502723321
2502781272
2502792727
2502838235
2502875953
2502887135
2502932442
2503006452
2503009400
2503025170
2503026234
2503031734
2503034700
2503045734
2503056204
2503076984
2503096674
2503100674
2503114182
2503125171
2503135672
2503160971
2503172652
2503181727
2503215500
2503215820
2503242567
2503273580
2503315264
2503320787
2503345752
2503346140
2503373132
2503380831
2503381524
2503396477
2503404540
2503419273
2503439794
2503442302
2503451410
2503471987
2503534702
2503554092
2503564650
2503582314
2503626107
2503638610
2503665651
2503692947
2503707324
2503719523
2503743230
2503744012
2503747972
2503768161
2503770674
2503774534
2503778574
2503779132
2503793365
2503826374
2503862154
2503869741
2503872484
2503921877
2503924824
2503931750
