1427743413
1427810841
1432703867
1432820162
1433033120
1433144307
1433219630
1433355884
1433543690
1433639712
1433693345
1433718202
1433770634
1433803721
1433903955
1434176520
1434226220
1434245380
1434285184
1434307661
1434310311
1434682201
1439368315
1439408702
1439545701
1439612393
1878581697
1878582551
1878600102
1879136677
1879140324
1879141082
1879141490
1879142512
1879142951
1879153543
1879173404
1879175861
1879189505
1879190432
1879191524
1879192483
1879201371
1879214721
1879216587
1879226021
1879227165
1879234225
1879243473
1879246974
1879768300
1879774782
1879778215
1879791684
1879793421
1879798084
1879802911
1879808471
1879809035
1879812904
1879822043
1879822355
1879823051
1879830417
1879842675
1879858492
1879862297
1879865350
1879865887
1879867287
1879867475
1879881704
1879893423
1879896341
1880425242
1880429174
1880434252
1880438121
1880438257
1880438737
1880441582
1880447703
1880451972
1880460051
1880475223
1880476694
1880477263
1880477391
1880479792
1880488212
1880492085
1880500503
1880503815
1880504282
1880504970
1880513753
1880526407
1880530875
1880531513
1880532272
1880538272
1880540863
1880541811
1929304267
1929304691
1930138105
1930163130
1930165571
1930172281
1930186197
1930187045
1930188835
1930190333
1930211353
1930212347
1930221823
1930224053
1930226141
1930238760
1930254163
1930928551
1930930473
1930935051
1930935560
1930944447
1930948532
1930949072
1930949627
1930971677
1930979700
1930985463
1931002392
1931003797
1931006010
1931013371
1931021600
1931021683
1931026657
1931028585
1931029115
1931589911
1931601770
1931618811
1931632375
1931635213
1931639725
1931644470
1931645525
1931670954
1931675414
1931676065
1931692594
1932430190
1932453091
1932462435
1932507002
1932552691
1932554282
1932562641
1932589155
1932596207
1932602235
1932625815
1932635287
1932651784
1933503817
1933521051
1933525097
1933537260
1933539462
1933544141
1933558965
1933568853
1934295907
1934302332
1934304752
1934313423
2091191752
2091203791
2091204184
2091205603
2091209730
2091216905
2091248795
2091255017
2091256321
2091264563
2091268515
2091269033
2091270412
2091278557
2091949687
2091966895
2091976697
2091982500
2091986543
2091990075
2091997493
2092014177
2092015653
2092022550
2092056530
2092063834
2092070251
2092092917
2092754465
2092815533
2092815833
2092820933
2092864520
2092870902
2092874561
2092882041
2092921772
2092954573
2092998467
2093018290
2093048151
2093053971
2093878794
2093883721
2093884365
2093898481
2093917913
2093926101
2093949481
2093950000
2093950760
2093954513
2093978042
2094593570
2094593862
2094611334
2094643512
2094674662
2094677064
2094693872
2094694511
2094697551
2095339303
2095351923
2095355117
2095356013
2095376487
2095382730
2095391001
2095401971
2095422492
2095425003
2095432555
2095456460
2095476407
2095483775
2095488793
2095490667
2096201044
2096234531
2096259373
2499208964
2499238152
2499242150
2499247720
2499254732
2499255137
2499269440
2499276117
2499290604
2499308220
2499311944
2499314952
2499323951
2499350100
2499378250
2499380584
2499388704
2499398920
2499445673
2499480580
2499493190
2499519152
2499522487
2499525472
2499535565
2499573814
2499578592
2499593254
2499603604
2499644360
2499706400
2499721744
2499731124
2499756682
2499761712
2499772550
2499784602
2499835172
2499860350
2499865192
2500108750
2500114310
2500128913
2500134344
2500200731
2500284384
2500320512
2500340490
2500562923
2500600360
2500625945
2500759554
2500780277
2500811717
2500829892
2500881744
2500884924
2500896810
2500945574
2501018897
2501024594
2501040410
2501130577
2501134382
2501161275
2501172514
2501221147
2501277372
2501282543
2501303174
2501320521
2501324530
2501332567
2501384551
2501412120
2501429182
2501479484
2501492133
2501550442
2501558693
2501573235
2501590725
2501604981
2501624163
2501745235
2501782910
2501807622
2501822880
2501846864
2501862952
2501895521
2501896357
2501952420
2501953380
2501972754
2501976375
2502030823
2502085930
2502088490
2502089410
2502092911
2502094112
2502099493
2502107100
2502124400
2502125414
2502137600
2502139984
2502146670
2502154412
2502161500
2502163757
2502200612
2502260182
2502269002
2502349657
2502352790
2502365680
2502371055
2502384194
2502398367
2502438443
2502447625
2502449081
2502518690
2502532600
2502537130
2502551467
2502564430
2502577127
2502610444
2502675011
2502712034
2502736185
2502742444
2502756675
2502796770
2502823810
2502831002
2502850240
2502861462
2502861624
2502871610
2502895320
2502926130
2502933294
2502934610
2502950784
2503002652
2503004920
2503038084
2503066120
2503110377
2503183434
2503212142
2503382054
2503383480
2503390092
2503418130
2503434493
2503472983
2503480454
2503575883
2503608340
2503647720
2503648694
2503656442
2503678080
2503731217
2503739834
2503760761
2503763283
2503769820
2503781934
2503795060
2503800525
2503801560
2503823792
2503901374
2503901890
2503906995
2503908500
2503922934
