1427583973
1427634153
1427668517
1427683692
1427763725
1427772955
1427799307
1427833624
1427860251
1432604335
1432627840
1432678663
1432681345
1432682655
1432689460
1432857914
1432862417
1432960257
1433002360
1433050905
1433077095
1433091910
1433103593
1433119840
1433125275
1433153413
1433211285
1433290767
1433300844
1433349305
1433451200
1433471202
1433508693
1433579780
1433622504
1433646900
1433648293
1433652352
1433821847
1433831743
1433872814
1433878912
1433914252
1434001361
1434014573
1434029642
1434105404
1434110137
1434152683
1434174565
1434195145
1434205013
1434271175
1434301724
1434350942
1434373103
1434394701
1434419811
1434422064
1434526570
1434531724
1434546357
1434581652
1434596990
1434609220
1434624975
1434667501
1434670014
1434681592
1434682307
1434682527
1434695170
1434698690
1434701290
1439333891
1439334465
1439369701
1439456073
1439499065
1439504291
1439510575
1439542342
1439564002
1439607235
1439647563
1439649647
1878574661
1878576610
1878578622
1878580627
1878581055
1878587424
1878600965
1879125197
1879130915
1879131453
1879132660
1879133713
1879136023
1879144275
1879146065
1879148865
1879154000
1879154265
1879156962
1879158251
1879160480
1879161394
1879163237
1879163861
1879166025
1879166217
1879167711
1879171703
1879172363
1879173663
1879179283
1879179653
1879179857
1879191967
1879192935
1879197517
1879198933
1879199307
1879200853
1879201637
1879211747
1879214117
1879224385
1879235833
1879238233
1879248323
1879775220
1879778060
1879783317
1879785390
1879786531
1879792035
1879793064
1879801145
1879811190
1879812715
1879823515
1879825677
1879829837
1879832175
1879834327
1879835922
1879843121
1879847140
1879849525
1879854067
1879855174
1879858742
1879859157
1879862882
1879872574
1879883090
1879883780
1879883790
1879884032
1879885040
1879890800
1879903837
1879905741
1880436467
1880437117
1880453451
1880456667
1880461271
1880469415
1880471054
1880471224
1880477991
1880480387
1880481584
1880483524
1880493775
1880493903
1880495234
1880495803
1880498892
1880523550
1880530042
1880540274
1929306775
1929306871
1929313661
1930140851
1930141335
1930141602
1930145462
1930150582
1930152042
1930152110
1930152361
1930154224
1930157224
1930159575
1930160470
1930162204
1930167294
1930171180
1930173631
1930179205
1930182993
1930183645
1930185973
1930186570
1930186825
1930187510
1930189230
1930204877
1930215862
1930217094
1930235983
1930236895
1930243914
1930249613
1930927103
1930929972
1930935141
1930935654
1930940482
1930949574
1930960724
1930961211
1930978365
1930996373
1931006451
1931006864
1931024295
1931024700
1931028632
1931588805
1931593835
1931594502
1931597893
1931605047
1931619017
1931622663
1931646127
1931673893
1931680373
1931693192
1931696994
1932435117
1932441711
1932444720
1932449565
1932451642
1932452212
1932457121
1932460691
1932461307
1932470910
1932484777
1932488864
1932493667
1932494680
1932497115
1932505922
1932512645
1932516144
1932516241
1932516703
1932518693
1932518852
1932518997
1932525815
1932529017
1932543735
1932546171
1932551005
1932564172
1932565187
1932572455
1932573863
1932580627
1932610242
1932619445
1932625125
1932627221
1932627363
1932633150
1932637635
1932637814
1932640544
1932640903
1932642635
1932643402
1932648021
1933498127
1933512482
1933514202
1933581934
1933587957
1933597017
1934295297
1934297917
1934299325
1934301022
1934302773
1934304161
1934307703
1934311132
1934311812
1934312014
1934312535
1934318625
1934319807
2091185220
2091189990
2091194375
2091196300
2091198542
2091202565
2091204850
2091219345
2091224171
2091236677
2091253160
2091258130
2091258865
2091276900
2091280821
2091959265
2091959542
2091968752
2091969220
2091993834
2091995304
2091998140
2091998693
2092013854
2092015310
2092015890
2092017370
2092018050
2092022860
2092025545
2092034272
2092034780
2092042875
2092062134
2092063881
2092067604
2092069681
2092075317
2092082904
2092090004
2092766115
2092771564
2092773100
2092775787
2092781660
2092782055
2092785022
2092789777
2092792003
2092793725
2092797621
2092801984
2092802794
2092807483
2092810204
2092816452
2092816615
2092820072
2092826104
2092833500
2092833523
2092835073
2092838991
2092841441
2092842021
2092842951
2092844294
2092844674
2092845305
2092848203
2092858593
2092870637
2092871904
2092872947
2092876343
2092878423
2092878961
2092879140
2092881510
2092882033
2092882334
2092890127
2092890450
2092891304
2092892323
2092902285
2092910584
2092915727
2092926083
2092926527
2092928542
2092930242
2092932207
2092936351
2092937872
2092939025
2092946140
2092951260
2092953222
2092953250
2092956663
2092958110
2092965600
2092968710
2092969524
2092976763
2092978174
2092990863
2092992887
2093012963
2093012983
2093019674
2093021794
2093040277
2093051244
2093057384
2093058715
2093064587
2093070470
2093070951
2093071201
2093071285
2093077203
2093077621
2093080813
2093082187
2093087820
2093088695
2093088981
2093860541
2093863851
2093872135
2093878380
2093884592
2093886055
2093901271
2093907865
2093908291
2093930331
2093932195
2093932767
2093938124
2093942435
2093942545
2093946072
2093964404
2093965473
2093966733
2093973217
2093975224
2094550217
2094550853
2094554303
2094556274
2094564717
2094570007
2094579473
2094590024
2094596284
2094604503
2094607472
2094609673
2094622895
2094627935
2094634373
2094636725
2094657533
2094658367
2094660043
2094673267
2094677502
2094679125
2094699383
2095337601
2095342411
2095354125
2095363683
2095377207
2095380191
2095392941
2095399291
2095407751
2095420657
2095421932
2095430460
2095437083
2095447640
2095450512
2095452301
2095456105
2095495454
2096191031
2096204654
2096222114
2096239854
2096245027
2096255647
2096273465
2499255987
2499262997
2499263467
2499275172
2499282852
2499283755
2499392765
2499437350
2499474805
2499475165
2499502237
2499526674
2499531142
2499533087
2499546363
2499565314
2499612703
2499614332
2499645421
2499647033
2499650720
2499657887
2499669922
2499674857
2499678684
2499703897
2499709700
2499754113
2499785027
2499806153
2499817550
2499819090
2499819592
2499845773
2499890140
2500108472
2500114681
2500177344
2500224242
2500241993
2500242072
2500245295
2500280402
2500306681
2500313667
2500339397
2500347237
2500363464
2500383502
2500384043
2500389553
2500446523
2500467523
2500532662
2500672331
2500710612
2500852943
2500876904
2500910552
2500934104
2500947195
2500956394
2500984840
2500986093
2501149557
2501159582
2501165172
2501195984
2501206273
2501207662
2501211582
2501233234
2501242995
2501262112
2501280794
2501315432
2501357973
2501378220
2501424261
2501426235
2501428564
2501472264
2501479393
2501489740
2501492734
2501497311
2501499422
2501519087
2501523005
2501525920
2501534095
2501544902
2501550985
2501551951
2501553183
2501600630
2501621927
2501633981
2501661277
2501680833
2501722664
2501749561
2501780563
2501807717
2501825024
2501839464
2501842837
2501855275
2501858094
2501875722
2501881030
2501896081
2501916985
2501964965
2502005027
2502024280
2502045415
2502123412
2502132763
2502149597
2502154492
2502186100
2502285065
2502304037
2502339380
2502372834
2502398787
2502422823
2502497955
2502567325
2502575951
2502594271
2502623215
2502641794
2502644795
2502701871
2502744111
2502773247
2502816970
2502886265
2502915650
2502930392
2502945472
2502951552
2502951581
2502960784
2503056380
2503116461
2503161037
2503201077
2503210194
2503230862
2503242393
2503262895
2503272264
2503321694
2503354812
2503363640
2503422932
2503457482
2503469327
2503560303
2503583964
2503587865
2503593514
2503596362
2503619391
2503664383
2503665815
2503674523
2503719755
2503742561
2503747125
2503757252
2503767182
2503784342
2503806417
2503811271
2503900537
2503907305
