0.3441302177520287 0.017420044183930422 0.013294224036522771 0.023592289690769885 0.015543405430061111 0.009198543800081156 0.017567011566053226 0.49641793922655014 0.05309507085709413 0.009741253456908685 
0.12048938908940088 0.08003508821415309 0.07675654150386864 0.07999832702418685 0.07828734710032421 0.07866720974495629 0.085499032617799 0.21833925345658922 0.10620916960911395 0.0757186416396078 
0.7097721729154716 0.011148348898597778 0.026872295142815267 0.011598042324092128 0.03331496786083564 0.010500323780866155 0.010886489804468697 0.1349917198631497 0.04218329127157138 0.008732348138132449 
0.2721126423687527 0.006674580876512113 0.002521944319623197 0.004488152193380749 0.002339022759207425 0.0034971267307846864 0.010442081930459736 0.41666813108715844 0.03155668061414997 0.24969963711997106 
0.061988243471366555 0.025103872818950875 0.007624581644444244 0.00825882632597248 0.0062911314841803765 0.009152022200201072 0.014779846768953546 0.4119019373935894 0.4488107713721294 0.006088766520211704 
0.11497133425017526 0.46006198646347046 0.003443970410891007 0.009147918944961291 0.0023896147320899242 0.004178399980261805 0.031553633406460044 0.1998352098514582 0.17128769113981007 0.003130240820422138 
0.3436537246379509 0.019998817901876846 0.008240228509055291 0.010421238023851564 0.0034926857202033763 0.004295454760719441 0.009153232068163755 0.19047036643459586 0.40390908975486517 0.006365162188717744 
0.04609131251975441 0.013947563123270564 0.009607782475394762 0.022635479956563703 0.011205697855436117 0.010608060161393264 0.015318326185654216 0.8036907245922497 0.05852020296870121 0.008374850161581262 
0.038576706090919316 0.005794275812147444 0.004197249297020875 0.005742900130203282 0.004729888537530835 0.2941262700595817 0.006023699088136012 0.6016251593206864 0.03486952510749478 0.004314326556279056 
0.09341641596963553 0.027874447255691933 0.005369889517362373 0.011747036085187903 0.004152468416626678 0.005672368366551027 0.5113187030891672 0.28427988074495725 0.05106004677370393 0.005108743781116204 
