0.11859094691870763 0.45998320708553436 0.00334205017199634 0.003139552544578863 0.002382914788407044 0.00415366802968605 0.031303154871637554 0.20702302230323683 0.16703957210409978 0.0030419111821157357 
0.04069086162221265 0.005764186360491563 0.004171152004154256 0.00583591364750385 0.004703837036176141 0.29308425621725226 0.005986599466645166 0.6002703557019268 0.03520340602564352 0.004289431917993484 
0.3286956812203898 0.014399195008216802 0.011150715752693578 0.009512728755334588 0.008389284782433592 0.007807314921137213 0.017129869869585316 0.48808440867675684 0.05022321889346772 0.06460758211998432 
0.09744897458553697 0.027612567720337943 0.0054440453972347345 0.0077481130341332605 0.004257271396615864 0.0057037694426330865 0.5034706749576988 0.28770764631711904 0.05544803786490755 0.005158899283782779 
0.050824260755858254 0.014093288557181545 0.009339110043107196 0.013023907073571263 0.010089217402737855 0.010605109715645192 0.01468907069040716 0.797848662572404 0.06869905649342045 0.010788316695666735 
0.12165303776233748 0.08002501566317025 0.07638858424470986 0.08020278729193232 0.07733660003254235 0.07818252734248415 0.08492800243485785 0.22019168280070764 0.10617931298079109 0.07491244944646694 
0.12470503746352686 0.026804455264111512 0.007888298647163786 0.0074085205680600825 0.005231118127153848 0.007839426092733972 0.013052099911399858 0.3243471957179473 0.47663565437009475 0.006088193837807433 
0.6911662246448858 0.011375451911563701 0.026703013747245583 0.0076925969775159505 0.004700836614691205 0.009975250963018161 0.011132875633905897 0.15372168627888103 0.06342502743683767 0.02010703579145535 
0.4732961330382195 0.005427506615139309 0.0015785986027884457 0.002100170503355741 0.33100121106143854 0.0015449805833268812 0.004448947887488165 0.15587127786059563 0.022926604874325674 0.0018045689733224089 
0.1892228681335001 0.009963331917252226 0.00433029055732049 0.45790995991737143 0.003305863892348403 0.004141875725948696 0.016552835438304388 0.2670552841178175 0.039283485322661425 0.00823420497747542 
