user count in community:269
Topic id:2,Representation:0.5688873791491712
userid,score
2500325143,0.43485733937170284
2499427265,0.4289872458085844
2500570347,0.4163565105493406
2499336282,0.4019920032026913
2499695035,0.4019226647043685
2503380420,0.4016464901800108
2502181382,0.3959251550929885
2092903995,0.39301055028435533
1930952943,0.3928245922260029
2095490497,0.39264759521264386
2499893771,0.39156393046983584
2502346864,0.3911421526508774
1930226681,0.3905383418644985
2499601384,0.38932375253951274
2093857540,0.3877167883401565
2096190817,0.38641216799867945
2092892882,0.3849519968348301
1932621981,0.3839013120135875
2502067570,0.38332647262043873
2503063872,0.382766982914343
1932549094,0.38221906707264025
2091975575,0.3821014153525816
1931624827,0.37955339202998045
1930978947,0.379274267560044
2093874874,0.37626342124100015
2500487094,0.37614864032508866
2094660474,0.37478202078113415
1880526522,0.37332377940177686
2092798582,0.3714137806581102
2092911304,0.37024354856835046
1879793504,0.3695350957441041
1879144342,0.36671798444016246
2095479251,0.3621107793005684
1932629334,0.3583919214781446
2499546570,0.3583262253938373
2503791860,0.35606224492515265
2092928791,0.352675245096276
2502813454,0.35004276880907403
2499341444,0.3489333155492396
2091980837,0.3399078102774316
1933517945,0.33664009627527336
2499813827,0.33401559971054456
2500387940,0.3323260818736131
2091282944,0.3310132398695514
2091183357,0.32952464434491363
2500413730,0.32929255952522013
1879842480,0.3235186216007398
2502991402,0.32172590585262484
2092878423,0.31975992116643237
2503083920,0.31655023814199623
1879231235,0.3152338609155258
2501903100,0.308869736595575
2500361373,0.3085357788084224
2499897594,0.30841902794954207
2501857660,0.3080085147036002
1932644784,0.30665817448296834
2500837612,0.3047211862409425
1879864620,0.30390727955682634
2092807483,0.29900509533974434
2503476074,0.2979249919192766
1879782727,0.2975017346596146
2500179830,0.29702206846721935
2095461977,0.29482705604294207
2093980364,0.29382432026065863
2093920205,0.2926662795972013
2501372632,0.2921095396825882
2500389924,0.291519126989678
1434729014,0.2901714342832872
1434351980,0.28958165203701935
1879834032,0.287702765084435
2092847575,0.2853420308726586
1879903837,0.2847653876477839
1879170853,0.28366481144666394
1880521111,0.28192453603859485
1880536547,0.28152323458665846
2092885884,0.27782668214774164
1439337317,0.27559218955588993
2501587522,0.2753775220846172
2503480892,0.2747307597420936
2501710725,0.27244065003774326
1879874773,0.2703971573179237
1932596190,0.2701245427638801
1879808641,0.2670829015031662
2092859724,0.2618884015618553
2503141247,0.26007303820505256
1879154743,0.25989530935184685
2501478364,0.258345293854257
2094580910,0.25809219809872225
1427827193,0.25700190297016845
1932499864,0.2544604536690432
1930252125,0.2534677458354572
2095355170,0.2531976013507955
2501511095,0.25249207351573416
1439657935,0.2522938733909169
2091947957,0.25053292526829785
2502159697,0.24673842528927986
2500340807,0.24611661198107176
2093893837,0.2458052461876495
2501435435,0.24507796929981118
2503665121,0.24338976514651917
1880511512,0.24175265893644088
1932449565,0.2405112804292258
2092788182,0.2400550937605345
2093975224,0.23978358908956257
1929311095,0.2376442377817202
2091190291,0.23680458364059456
1932517127,0.2366202502323379
2503889664,0.23572650015512933
2501508790,0.23494164947358903
1932618814,0.23486096431650896
2092069681,0.23396393844216742
2502313537,0.23296572293940165
2503180171,0.22905617829590402
2501022980,0.22902695311291574
1434581652,0.22895313287229918
2092900103,0.22771819882199254
2502720544,0.22689117517228233
1880436902,0.2245496114500372
1932640463,0.2224751798768624
2096248387,0.22216923372561673
2500204154,0.2200722865956246
1879905132,0.21792959156560796
2092082714,0.21216816868371363
2092795221,0.21201027598724845
2503242393,0.2077524311027155
2093936724,0.20636562530549685
2092056352,0.20533221729285267
2499312962,0.20467653226471463
2502530070,0.2039373706445499
2500474501,0.20348192603091592
2091204850,0.20279953790809632
1439573285,0.20275380788701816
2499502237,0.202621290322331
1879197517,0.20181108976780562
1434546357,0.20055416314528132
2501004944,0.19803658017133277
2503694160,0.19673424573306988
2095407751,0.19668243540252817
1880456667,0.19441843836321662
2502536111,0.19397141444231186
2093876867,0.19287892841588572
1433895692,0.19232541807015835
2499884494,0.19188445676984334
2500829612,0.19172106889892057
1932474750,0.19167599068772628
1878604502,0.19084461077013565
2502631264,0.1907763123122363
1439508610,0.19002836416199748
2092015275,0.18952935469328153
2499653207,0.18673912704826073
1930217094,0.18630094391164637
2501923120,0.18523509914671205
1879785770,0.184865511381457
2502277593,0.18359405620729263
2501601415,0.1794161156733142
1880447607,0.17801579286957545
1879815701,0.17768021396468622
2501413833,0.17762775588307658
1434001361,0.17671986260468153
1879906035,0.17647018053265137
1932489493,0.1761829765960447
1879828017,0.17525743515780443
2092827407,0.17470742596682323
1879835235,0.17466849066663018
1432678663,0.17338803171934425
2502531812,0.17302399815209876
2092946140,0.1730035011517587
2503831170,0.17201743892232613
1879768667,0.1719546243240894
2499647033,0.17004169119816362
2500287420,0.16824916203123616
1879132153,0.16766272840183177
2501917672,0.16691368833526762
1433421914,0.16562921476331016
2499608952,0.16511524310759754
2093879035,0.1639309634309036
1432873234,0.16351877107179033
1932625815,0.16291400662022912
1931002243,0.16269592429398735
1931683367,0.16194143062626223
2501690192,0.15911989307664007
1879801004,0.158765635198272
2501149557,0.1568207809534125
1879783317,0.15658539891998477
1878603280,0.15528861835183017
1880531900,0.15465554022309755
2499348442,0.15413523408555732
2500139762,0.1535470473631059
1427842754,0.15242967757589068
2503186604,0.15135563389305368
2092770940,0.1499901675350446
1880444193,0.1497095167352054
1433387630,0.14951948883750013
1932510840,0.14939563809045348
1434598107,0.1474970204024826
2502292307,0.1472175702660603
2095433500,0.1466312347474035
2093007252,0.1457168330147602
1932444720,0.1456272235338917
2502034863,0.145478691696268
2503116461,0.1453293712546685
1879850863,0.14385226695704423
2092898682,0.14336410491114496
2092856627,0.14328763159216265
2499319144,0.14146210126108696
2501875130,0.14140886729962557
2093004503,0.1400302349410275
1433942014,0.13848766940407123
1930171180,0.13790082923674538
2501566832,0.1362548107014884
2500521623,0.1360148074401188
2501542111,0.13504114949077992
2503639857,0.1325572066723731
2092816615,0.13158656606283634
1934319807,0.13105185820876142
2501049604,0.1303162809372666
2500382151,0.1302523949348943
2503095484,0.12969341870562526
1932457121,0.12941173902458555
1879163237,0.1291499196119346
2093875384,0.1290356108088976
2499601542,0.12825794013979044
2502443290,0.1274277416415313
1932518693,0.1270085734955901
2501661277,0.12688032554484596
1931024270,0.1262885194963105
2091248085,0.1262578865659797
2502832545,0.1217932562982057
2500337507,0.12139577889876225
1879778934,0.12065857004384208
2503245194,0.12005429294368603
2502823695,0.11987827569945513
1930965037,0.11979536127584761
1879231473,0.11444910714572674
2095443221,0.11354571856323846
2499878377,0.11216322836636114
2502895714,0.11162560583839419
2500248664,0.1106790922089361
1879171767,0.11046838192083233
2503819321,0.11043653957452307
2500467523,0.10976650457518268
2502562710,0.10875922200214258
2501786493,0.10839458116723565
2502989862,0.10770388283932217
2095418863,0.10742530676043094
2092769907,0.10625361424692714
2503852894,0.10532052065346863
2502783080,0.10375982735579571
2499874094,0.10306502386877496
2500809563,0.10297203739172078
2499600914,0.10201954031913704
2501159582,0.1018628240842893
1929310913,0.09934098403327304
1933554442,0.09915064288010256
2092781660,0.09520120984236113
2503698832,0.09421779112366621
1433295302,0.09327983881613555
2503528392,0.0922058138098571
1433801823,0.09199792276196941
2503030942,0.08642066337528533
1933510172,0.08552348580267577
1930940482,0.0845469234928705
2092092363,0.08380816525942059
2502398787,0.08012167914493246
2502758985,0.07868971332378127
1934304161,0.07740638291479257
2501435522,0.07473091960909922
1930935141,0.07397812921140154
1932579397,0.06896081367209478
