user count in community:328
Topic id:9,Representation:0.25474409091288125
userid,score
2503326951,0.22482093932688013
2091271790,0.21808090122757526
2500202173,0.20100921780996348
2502961292,0.19745567517521273
1932448480,0.15572875788625468
2502068343,0.13970142136593808
2501848772,0.12552223412162367
2499886517,0.12300075332261144
2501643941,0.11762907223878198
2499366054,0.11264292247072799
1930156655,0.10911517266065512
1932585507,0.10735004570204983
1931023450,0.10576791135739082
2096270713,0.10021938178578509
1933550393,0.09729451889168773
2500608922,0.09441287774320627
2095365674,0.09367936252314478
2094628125,0.09022891482468082
2503038084,0.0890866971760511
1879788995,0.08449990331648582
2501423727,0.08428605257892521
1879865277,0.08349704269175046
1434160330,0.08059836127816727
2500702935,0.07573291147908973
1434634947,0.0754041352165831
1878582923,0.07522118602038627
1930930335,0.07450762634216573
2092819681,0.07372160186478531
1930192881,0.07331683761847019
1879137877,0.07313789124211113
1879141267,0.0725133530690931
1434587547,0.07227170849238355
1433294104,0.07205206131774375
1433121964,0.07153055808036626
1433804711,0.07116073025045812
1930969701,0.07101971853019448
1931617953,0.07012792869109624
1880513392,0.06943665152448673
1931589695,0.06881050680598189
1930146545,0.06837735816650167
1930182193,0.06701919410954932
1929313851,0.06657924856177523
2095468132,0.06579324526481248
1878586892,0.06567941065429278
1427801217,0.0642083894729428
2093930480,0.06399276823978607
2499273574,0.06398827845723469
2502383232,0.06376336747841688
2094624744,0.06355175798291822
1879234541,0.06300789623613652
1934295433,0.06273327540557551
2499636982,0.06246433907086556
1879213657,0.061070218404588414
2092902691,0.061003755863760625
2091962437,0.06098264323066276
1880543673,0.06085852490513571
1933519420,0.060576213150121024
1929303241,0.0600896891675588
1930195061,0.05960531808422367
1879199300,0.059521758205883436
1929304783,0.05925131258716432
2499385204,0.0591334743654582
2502150940,0.05858298038543745
1931018942,0.05854374094293587
1879194297,0.05849935936480217
1880465640,0.05754233821687193
2501625731,0.057278030199482216
2502116391,0.05721931304018206
1931690022,0.05713051533653528
2500370072,0.0570329572657108
2502484114,0.056921892998603854
1432895617,0.05661681942905342
2500125562,0.05654568933958971
2095390805,0.0564948697262924
2091963713,0.056234110528759026
1433281792,0.05613369120440229
1931008895,0.05518396185384415
1879246662,0.05502806818953132
2503361553,0.0548603084529367
1930247330,0.05466337706544274
1879856931,0.0545576523546481
1879794645,0.054539633920584606
2092857225,0.054529520107037
1879195423,0.054365528124956784
2502154014,0.05429045141719206
2095398862,0.05420334077255287
2502353354,0.05415516494905767
2499763604,0.054026073327326125
2499257642,0.05396757424878407
2499256983,0.053902079425612204
1434434673,0.05338425144227107
1930179660,0.053066529538628386
2093024797,0.05304076086838737
2502609604,0.05287493669488836
2500241810,0.052564271745901475
1879826574,0.05238998916162464
2502584224,0.052099257008085695
2499406734,0.05199738221565984
2093889411,0.05199524112395128
2499623642,0.05173104270039864
2503168190,0.05162583842504698
1879891652,0.051418182140967376
2094636912,0.051121397305639624
1931623927,0.051060917613658094
1931696954,0.05078615681829964
1934294445,0.050634266679294604
2501409341,0.05051091272435543
2500735704,0.05044322126296957
2502445865,0.05023751869650862
1880514172,0.04999313547732055
2503819272,0.049720724808238956
2499245363,0.04969237827193848
1433033357,0.0493741267309871
2502208162,0.04923881556383602
1931639887,0.048904790051332254
2502484850,0.04886858601275868
2501233962,0.048854683009796784
2501062180,0.048825342241446135
2502932734,0.04853548375257338
2500642921,0.04829160036251065
1433320585,0.04821896774232748
2499248263,0.04817728417257055
2091253811,0.0479949318270496
1434238083,0.04783004671469924
1879901180,0.0478014132211063
2091949285,0.04713049929012692
2093010572,0.04683675659015363
2502374653,0.046736357379951195
1931659025,0.046714834391614585
2502839362,0.046641020783909685
2502344812,0.046387047661641284
1931646097,0.046114652562283386
1433187183,0.04575139578157095
1931685142,0.045729763009568054
1931645613,0.04568613094132284
2502367794,0.04525609826188087
2501214202,0.04521928131082649
1930957921,0.04497701644084697
2093056013,0.04495963027928288
1433678592,0.044837494747765556
1931026823,0.044738455491350866
2499367001,0.04436721417023472
1933536007,0.04435626304385407
1879856732,0.0442895878613095
2501834312,0.04406563426955848
2092083520,0.043980170881570815
2093089440,0.04396949004190324
2500196971,0.043940324804137
2499568820,0.04358290342481264
2503283747,0.04303494531617129
2499511232,0.043006681451754784
2092085424,0.04297668311143059
1879149994,0.042968998821062816
1931666125,0.04268752098241061
1434304963,0.04227969475208904
1879777241,0.04224313565109002
1932529823,0.04217033963634203
2499233225,0.04148411765581102
2501334994,0.04126541845700094
2092051533,0.041245781277624294
2501743942,0.041218938865953125
1433471714,0.0410623374712781
2499487050,0.040722052793952176
2502976484,0.040698469017017076
2501060657,0.04049609692480282
1879823955,0.040468943650202795
2092760521,0.04031006680271675
2503105092,0.04029254813149946
2092877171,0.0402251905708235
2499597587,0.04016195586838581
1880517155,0.039982888598599164
2502282900,0.039874561186253564
2093878710,0.03969608101375481
1931650313,0.03917862868706425
2094604660,0.039142369635249065
2092809433,0.03867585276332243
2501840167,0.038456223478622056
2092816452,0.038239423377132556
2501742310,0.03812643582350907
1931001532,0.038102082946737545
1930198115,0.03808554940977991
2501417192,0.03778562626457604
2094677051,0.03769244640309763
1932580917,0.03679720891853272
2502035333,0.03668907050589909
2499276040,0.03660661529312281
2499301005,0.036515456328186265
2092006852,0.03642786376307471
2501951010,0.036409711906309684
2092016803,0.03630971220319172
2502261835,0.03628734591746201
1878583253,0.03619744855295344
1433267413,0.03617424896306846
2501609115,0.03609378537984179
1879903732,0.03591150114143405
2501495104,0.03534562228848928
2500344960,0.03511965817880002
2502448472,0.034907820406341335
2096246144,0.03484422088475508
2503491790,0.034620393694042684
2502018237,0.03458041099664442
1932604581,0.03445604931165866
2501678964,0.03444653423403634
1879768950,0.03418104974872081
2503549912,0.03370967065097179
2499706644,0.033217249964177215
2502789243,0.03237043950587475
1930942051,0.03219770469514527
2096199184,0.032168166652782305
2092820072,0.03204579441623962
2092756445,0.03184718701202023
2095408541,0.03162640083369725
2095364637,0.03159518582232246
1879773915,0.03142181226034256
2094690595,0.03135701325359685
2502206924,0.031199464054352755
2499205004,0.031145896888889225
2094578173,0.030934394666688656
2503245374,0.03093233912102502
2499630991,0.030805623232320254
2501315301,0.030329347841274966
1879897133,0.030203731136859983
2499672211,0.03016347340062547
2503409892,0.030076607435366415
2092782931,0.030057926410588545
1879895110,0.029882878838778958
2092954041,0.029791521175061376
2093035280,0.029727366825855132
2502212964,0.029671797532330256
2501452932,0.02944971380365625
2091229994,0.02924118905687891
2091284584,0.029203913510840108
2500235942,0.029201188884727235
1880534100,0.029193907458302304
2499760704,0.02912444145042436
2501179192,0.028966978474673413
1879843694,0.028953139541190567
2502957240,0.028841819307571633
1879132110,0.028815634275764942
1879151613,0.028456830974784932
2501330450,0.028133608685553497
2502270430,0.027801419872883468
2096270973,0.027522694192521336
2502013235,0.026984968574267777
1930161347,0.02689973284949335
1434397371,0.02671495537853725
2091184385,0.02642988144856232
2092852711,0.026384209337333177
2501702960,0.02625077211052224
2501365061,0.026217299695339657
1879246941,0.02619648304170605
2503376934,0.02594426587484838
1930158277,0.02533899399820915
2095459650,0.02528492360245246
1933503461,0.025064753567962516
2093906944,0.024839048171848302
1879885040,0.024799214840322648
1931664345,0.024729787825359395
2503891514,0.024695425859479057
2094562654,0.024470038687784433
2502247592,0.024034160983331797
1933506255,0.023885834545038998
2501995297,0.023592919760228957
2503276922,0.023291449981808668
2501868970,0.023097675475554667
2502045177,0.02298188366895772
2502098144,0.02291786934892905
2093085227,0.022803069610961686
2502954552,0.022606450341265988
2092076237,0.02237629840351612
2091194817,0.022050596013393757
2500271721,0.022037567329025464
2499658284,0.02199988502126003
1931638677,0.021824230423694146
2499229015,0.021709753670704966
1932571975,0.021489415272142584
2092893471,0.021181283736994672
2503101400,0.021086254070264498
2503262324,0.021048943848416803
2095336313,0.02104860741853529
1931595517,0.0210163467006199
1930195414,0.020698176171793738
1930977571,0.02063748642990765
2093000111,0.02025740213738782
1930983777,0.02025055660733955
2094632575,0.0199956980001465
2500230182,0.01982499882894896
2095403957,0.019795509363066583
2499255871,0.019644964827520033
1880489702,0.019598833665556304
2091974890,0.019596162566990934
1879890800,0.018585407136648146
1932572455,0.018189119281614194
2500674190,0.018098079730210652
2503257202,0.018076117926880943
2094559110,0.01755176012100146
2500532595,0.0172989187962686
2502014644,0.016617779348801036
2502045415,0.016541274309753006
2499313213,0.016529615089190926
2499806932,0.01642816007888559
2500253040,0.016292410206794155
2502735804,0.016011610687993044
2502109890,0.015920589495532236
2503607053,0.01576665460999265
2092016511,0.015712509772307915
2501775670,0.015606168600998983
2503075752,0.015253853282161691
2093889797,0.015164686888933384
2501655165,0.015108283550598562
2502196083,0.01507767798609938
1934320773,0.0147833254276816
2501601321,0.014668004943004919
1879883780,0.014606007260361665
2503883795,0.01449406034504325
1933585575,0.014364160936803485
2501547482,0.014047820594993519
1930927103,0.014037178323319355
2502164570,0.013923113460539639
2091198542,0.013900101133431634
2503127092,0.013036743311837306
1930220275,0.012944992398613603
2503785175,0.010000563781195336
2500339397,0.009747512334031514
2502467922,0.009526299045249528
1432689460,0.009013183741635546
2503167024,0.00876393806466062
2502285065,0.008156847211965728
