user count in community:1288
Topic id:8,Representation:0.5990284146878008
userid,score
2501017590,0.42563873085986165
2501600630,0.4220232095517509
2499773623,0.41912846156791583
2499468711,0.41525370147392904
2503903980,0.4143210537678726
2503558894,0.4132072996888215
2095420657,0.4132003881503995
2501975964,0.41318257290190447
2095403717,0.41022988240394054
2093008442,0.4096438793448957
2094616307,0.4075891544691203
2500887494,0.4068556233481391
2503294012,0.4060105604978634
2502742093,0.40550896476630277
2092799485,0.4050940122209143
1930181620,0.4042860255041045
2092844531,0.404259150754847
2092885947,0.40402412803645377
2094636725,0.40364929448229286
2092893934,0.4036197852958317
2501070782,0.40345051212653316
2502886265,0.40287675066202144
1931626865,0.40261235449212446
2092923457,0.4025164943628826
2093880341,0.4017500436966876
1930218083,0.40161331101687076
1931676937,0.40160131326469134
1932619445,0.4013142081043459
2499545522,0.4003522451787432
1880427241,0.40023278634835935
2502123412,0.3989602938116165
2096188802,0.39873852669104914
2092764477,0.39819235278445086
2092826104,0.3979909947822557
1879136522,0.39777295789038525
1880466244,0.39767026436779523
1934306130,0.39755757674585224
2092881184,0.39707188752737266
1930215957,0.39645802126488716
1879809257,0.39631565815594927
2503238690,0.39613608338193873
1879221291,0.39577101208011534
1879808064,0.39547849111882966
2500708681,0.3950305288385698
2503467064,0.3949803519015507
1434755350,0.3947321717879012
1439404747,0.3946746047428326
2502869134,0.39380118763225774
1933585151,0.3935517782935474
1879894472,0.3935135839145622
2503583472,0.3929955487125631
1879194187,0.3927543770350539
1434650911,0.3920263246996143
1934323297,0.3916914601499007
1434692513,0.39160375011842025
2502355817,0.3915388166221817
1879824747,0.39136723027517456
1879863907,0.3912713391305503
1879200853,0.3912380124021011
1933553585,0.39056539269543544
2096194874,0.3900133804703579
1930157255,0.38980365301216013
1931629244,0.3895532773818645
2092902070,0.3893629220400921
1433622504,0.38920597512796673
2500915872,0.3891743254416095
1931693431,0.38852903782608494
1879891340,0.3882100827423268
1434162690,0.38781569090773954
1930192842,0.387760525067541
1433489530,0.38771837747941285
2502062802,0.38741663975880847
2500958670,0.38736219071122013
1427721785,0.38720355378497984
1433086425,0.38712903603253257
1439397993,0.3864675606925829
2091964065,0.38634853846261524
2499608320,0.38608288826171133
1879869544,0.3859577934938551
1933539015,0.38576380337621674
2499845773,0.3851974767446175
1879884353,0.38445810763859567
1934315825,0.3843109886500939
1930187510,0.38421781523057064
2091979702,0.38399013995722364
2502803060,0.38370564145730646
1932461307,0.38365933350635606
1433982342,0.3835255186181452
1433275452,0.38346933316037524
1934317955,0.38345472305249995
1434531724,0.38326657241142864
2093974727,0.38308569703401846
2095391200,0.38303251620442813
1433117594,0.38302532971018205
2092845305,0.3827707191902746
2092899224,0.3823102641829882
1434670970,0.3821142305564114
2093863851,0.38203493262648613
1427898074,0.3817940607482103
2503117574,0.3816721787060258
1433360685,0.3811653648462784
2094579473,0.3811507964152538
1427877191,0.38086342423565495
1432765150,0.3808197497783897
1433753262,0.3807752896258806
1932436162,0.38067842362620774
1432898205,0.38037004611789893
2091973640,0.37976878195696223
1434415820,0.37955059972365096
2092760703,0.37946268903868824
1930941787,0.37945180898572073
1932635941,0.37943341923183904
1434299874,0.37879296535626145
1433048350,0.37832908253013564
1931624743,0.37821042088417706
2501916985,0.37814504405502974
2500128114,0.3777223270625041
1433529834,0.37769317935447616
2501519087,0.37759158064349474
1433618733,0.37709012014814725
2500223840,0.376983479947379
1434632771,0.37688739708336333
2092885143,0.37684657051607245
2091268085,0.3768356915109097
2093057384,0.37653407667368827
2499556945,0.3761531585985583
1929308073,0.37602167502851847
1930175691,0.3759661444664582
1930947125,0.37574419131971193
2093904952,0.37460548674336996
1439530780,0.3742620468640623
1433507123,0.3742133353535013
1432931987,0.37406551418991124
1879238233,0.3734421553608315
1933587957,0.3734287979384187
1933580971,0.37305104399421013
1434257055,0.3729334336664433
2091276410,0.3729234598435385
1878582623,0.37275970463212227
1433045643,0.371649482968067
1432681090,0.3709043633655625
2499282852,0.37074326649058575
2091197467,0.3707408007118455
1878598480,0.37069002359238157
1433402950,0.37066985966861116
1878574743,0.37030842204413705
1880492550,0.3701798674937556
1878578622,0.36997666298052456
1434165024,0.36994017199455526
2092882723,0.36942640792059006
1427627952,0.36932258213533403
1433553182,0.3693162170206958
2092879140,0.3690540892217773
1433144204,0.3689554322740621
1931673051,0.368580145395979
2501625547,0.3678852897610694
1433508693,0.36787939747577747
2094550853,0.3674776230648813
1433305140,0.3672975594254009
1879228947,0.36713684237109684
1433646900,0.3667327237794014
1434110137,0.3657832469919511
1439349140,0.36562296563614327
2500650924,0.3655917495165669
1879147302,0.3648887138440482
2503853552,0.3648747464123422
1930233010,0.3647598807675389
1433370203,0.3643862518378204
2095400005,0.364010995719961
1433391875,0.36392632897952226
1934322223,0.3638826676685014
1879239245,0.36362966909824196
1930149375,0.3636074425656319
2092037190,0.36339934506851124
2501553183,0.363362575471239
1932469323,0.3627591441944461
1879165595,0.36173156334771095
2499851572,0.36128332171500027
2500473457,0.3611992876978012
2499783000,0.36103293361873245
1433138157,0.36072060523733457
1427731544,0.3602422451490445
1933496395,0.35995498941287607
1434594472,0.3598462576274786
1434459051,0.3598070099131787
1433143691,0.3597617928346264
1433878912,0.3596252618590064
1433318164,0.3596070474591753
1433496763,0.35949399448529407
1434195145,0.35943297110295364
2500514505,0.3592453730183226
1432828334,0.3591553890887313
1930144527,0.35887214229729775
1427813545,0.3588288463356414
1878585634,0.35881042569543525
1433442590,0.35880167839240157
1931021795,0.35833799368293556
1879831652,0.35799179608942094
2500443985,0.35782473346131766
1434498015,0.3576521333322007
1879163373,0.3576073500882499
1432669377,0.3575370292408718
1432693372,0.3572190777889345
1433582734,0.3569723741085918
1434444892,0.3569270929606362
1880529093,0.3567176035133257
1932573863,0.35669268506920465
1434125727,0.3566332177165614
1434335341,0.35559485999721424
2502664942,0.35530967605795755
2501357973,0.355081197749386
1433266572,0.354916576937884
2092844294,0.3546513032815708
1434465331,0.35458370175286963
1439339567,0.3544476561728027
2092982291,0.3542913696452676
1931024700,0.35421900936554923
1439607235,0.35387336183482365
1933577105,0.3534526667019172
1427631271,0.35313572861429354
2499392765,0.3527930091112176
1434605193,0.35256236208930836
2095449293,0.35233282029725177
1433942433,0.35173084246894615
2092802273,0.3517020813127586
1434567067,0.35145203080081716
1434595832,0.351421857207582
1439458191,0.35059667741045836
2501379905,0.35038128335448143
1433116653,0.34985003906799794
1433428505,0.34966070428575174
1434609220,0.34931509777296577
1880477991,0.3492236489901285
1433656880,0.3491532880433242
1880489307,0.3490432652210112
1427648915,0.34876473185630724
1879218177,0.34835792564407564
2096205803,0.3482282780113066
1433680664,0.3480737788482307
1930152042,0.3480547911525574
1427843737,0.3480190501682493
2092015890,0.3480103649958769
1427749604,0.34798781873720086
1434533624,0.34796009523108623
2500374671,0.34791574239628964
1433133064,0.3477320049989185
1879808285,0.34754284874901165
2503622612,0.3474807701341429
1433682370,0.34729406631779147
1427652963,0.34685932229194666
1880518493,0.3468454836410255
1427864280,0.3466612950944781
2091186372,0.34633344200787725
1439348691,0.3462495593859051
1880471054,0.34585440547557
1439471085,0.3457253444468465
2092871904,0.34555151940919915
1433300844,0.34495310813979135
1434580724,0.3447657504987372
2092881510,0.34470758730210466
2095495454,0.34459759766267367
2091995304,0.3443445198977227
1427753861,0.34421027009034894
2092885913,0.34369197240048094
1931658890,0.3436282533570528
1433487104,0.3435438691878503
1930940591,0.3431801888722882
1434371813,0.34301320354249704
1434762314,0.3425170228396414
2500487533,0.342451540207169
1433313435,0.3408267600529811
1879849525,0.3408032511291007
1934302773,0.3402272829017384
2093012983,0.340024884030144
1879191967,0.3399552318595623
2499374314,0.33994127962190684
1931632687,0.33986450094255716
2093932767,0.33977424180625293
1432604335,0.3396020611302622
1934316980,0.33875690380307927
2499275172,0.3381572068142795
2092951260,0.33801546014553396
1433765237,0.33784040496632567
1433553163,0.33780872708989146
1879137537,0.33747752123799574
1930204741,0.33695376655283943
1932433465,0.336593638951019
2092947293,0.33622081513958135
2503161037,0.33613595219112175
1439645633,0.33582559381670674
1432648212,0.33541496308547747
2092929857,0.33531977059460977
1880469721,0.3352248005912288
1931622525,0.335220884923614
1433964490,0.3341033728651671
1879778060,0.33401175740617634
1433795281,0.3339474676300315
1432651591,0.3338856672909856
1880533571,0.33352886979509605
1427872764,0.33324829870643996
1880453451,0.33291619996224703
1880501655,0.3323022319744528
2095416411,0.3320588241104067
1932470910,0.3318672220915922
1434680412,0.3315185140343611
2092928542,0.33150400443066774
2096228203,0.33127268838368173
1932460691,0.3312652055593463
1433672402,0.3312078603224019
2502903684,0.33076118894444473
2092917577,0.3304287735562708
1439589664,0.32973131516692
1433652795,0.32969357387661685
1930980985,0.32950064347656066
1880459485,0.32941947069071514
1433147017,0.3291298688477189
1433022504,0.3287367400135038
1434337702,0.3286837499324506
1433255704,0.3285710784175569
1439369572,0.32855217400355713
1931655382,0.32848718103862856
2502744111,0.3279693028961739
1930145462,0.32777734816220666
1433205471,0.32747281589254645
1880469415,0.32722335563522414
2500934104,0.3257007781768592
2502497955,0.3255086090454499
2093959215,0.32465818132082075
2503262895,0.3243968822660122
1879772351,0.32329733530257476
2096204654,0.32319041104415974
1433086265,0.3230727396101657
1434521743,0.32291705801789117
1433480703,0.32279337790409895
1878603271,0.3225350768369398
1879875302,0.3224569694520782
1439520770,0.3223657985039961
2092843663,0.32206664712571237
1433285502,0.3220125215470259
1434009002,0.3218624753497514
1879136063,0.3218469980181538
2094662132,0.32171525080994784
1433569557,0.3213246820841422
1439590941,0.3213222549185817
1439371750,0.3207697531395024
1434612054,0.3205185329722653
1879796272,0.3204140104901068
1930162204,0.31997578903295354
2092978174,0.31959288552208703
1930141602,0.31947089040731885
1879130154,0.31899955012173425
1433861701,0.31889816509228186
2502816970,0.3187348916363658
1880485711,0.31852395927903077
1879126180,0.31819984053291916
1931696122,0.3178428778310401
2501251910,0.3169982196893628
2093042107,0.31696659809185085
1930167294,0.3163899257589107
1433961657,0.31638951143225263
1434513602,0.3163387232366334
1427794842,0.31617857238309766
2095422983,0.3161558145088417
1433209532,0.3157926635273664
1432760514,0.3155914834039707
1879792741,0.3152599677569106
2092967152,0.31495894321080237
1433303824,0.3145233484154655
1433655842,0.31428936691077664
1879789762,0.314074242409414
1879825804,0.31405286234852686
1433356432,0.31374612098176397
1930150582,0.31348492811665624
2501687305,0.3130467535447508
1434511983,0.3130198174266741
1439558562,0.31284290742258575
1427677814,0.3125146643159218
2092090004,0.31238403724849606
1434701290,0.3123633283473032
1878592160,0.31194603825912104
2503898797,0.31192300428079195
2096203500,0.31187817756065345
1932565493,0.3117819344792856
1433372185,0.3113812629283707
1434483427,0.31107047793614856
1434419771,0.3110307955181167
1433287103,0.31088327714938646
2095452301,0.3108677743511761
1879192565,0.31030473634589184
1433182373,0.3099680484655699
2095363443,0.3098473863026712
1433290767,0.309391078519466
1930963992,0.3093832107828769
1439360804,0.30908600345359694
1932580627,0.30903754560217556
2091245335,0.3088229372561155
2499262997,0.3079154746606065
1434153472,0.30782328162570644
1879231097,0.3071796908420211
1879200581,0.3071641156162288
2499504637,0.30682450113637016
1433454290,0.30652285696498466
1932452212,0.3061214701479921
1433872814,0.3060653838723295
1434419602,0.305825215953402
1879203167,0.3058131092236677
1879154000,0.30566927760881146
1930996945,0.30561190425454077
1879826633,0.30555690274841574
2501780563,0.3045676829723668
1434022202,0.3044810052541699
1879223201,0.3043696880389807
1433443917,0.3036382999893795
1432715825,0.30346337906566323
2093937587,0.3030883605111179
1880495091,0.3030695396187926
2092793725,0.3030571058932013
1432703175,0.302785293825709
2094673267,0.3024112196865515
2095421932,0.30223583340112414
1434378324,0.3018209822853421
2096190774,0.30172356897823277
2501511785,0.30168383545769606
1880506345,0.301570509418978
1439542342,0.3013110447382088
1433063245,0.30116072680756406
1432644924,0.3008751627382846
1433846335,0.30086900544005885
1433502061,0.3008316125146378
1433638014,0.3006116654890153
1878581055,0.30025300476878225
2093964404,0.30017820715882215
2092975351,0.30015017761313456
1434613061,0.3001080686369912
2093966733,0.30005973667983277
2095359503,0.29995296022649887
2501633981,0.29988459109625265
1434667501,0.29949140823648995
2092992887,0.2994668775860137
1434115290,0.2989226487886145
2502422823,0.29859218786708225
2094554303,0.29857358804592743
2503914134,0.2985084819594512
1878580163,0.2983071496593657
1427710465,0.2981591325673871
1433027452,0.2979383194024786
1880464900,0.29792062921627865
1433962217,0.29697209285325304
1880493887,0.29672826073502057
2503811271,0.2964037979526816
1427639247,0.29618948689283164
2501858094,0.2961640483994523
1432714760,0.29592467813204637
1432857914,0.29560574673325335
1433657400,0.29517302673785395
1880475094,0.2951082463749961
2499657887,0.29482311864063593
2503900537,0.294701767873331
1930959090,0.29440760088854123
2502505194,0.29392406892757944
1439423814,0.29386285864167194
1432910457,0.29379838812392944
1433048100,0.2934956172094192
1880450404,0.29331553737897553
1879146041,0.29326943467645483
1930942152,0.29269721540843335
2092773250,0.29263516444952287
1433087100,0.29248910959125635
1931593524,0.29246057566614286
1880490650,0.2919717264429476
2092803963,0.29191310479118054
1433499435,0.2917363168742671
1879778684,0.2917204575460401
1433440645,0.2915420093483838
1434640582,0.2913816608562212
1434174565,0.29075217340533055
1879893504,0.29064143081640564
1931026004,0.2904196606121904
1434378705,0.2901044656364991
1931600752,0.2899378695211187
2503806417,0.2893882990063229
1434215890,0.2890670955799728
1433950091,0.28905173447327664
1427763785,0.28899521237152465
1434706431,0.28856059609823437
1879845774,0.28847290317335744
2093930331,0.28843410033598044
1879172860,0.2884248232115651
2092881521,0.2882891157671701
1433036224,0.28825058807905346
1933495383,0.2877665894743187
1433628257,0.28727844443011225
2503619391,0.28726645663082373
2501860217,0.2868138936975425
1933495833,0.28664444305895814
1434602584,0.2863012504212411
1879854067,0.285838368106683
1879173663,0.2843010279059916
1433831743,0.28386605089632333
1433740551,0.28365204655882065
1434293755,0.28338802588711914
2094599521,0.2828695830112364
2092858593,0.28267061115821035
1432917292,0.2824761519764415
1433537083,0.2823962837825862
1439462707,0.28233855415798415
2500694027,0.2822204794020015
1439410773,0.28161906112691554
2499753134,0.2814652916998867
1932516144,0.28120216227719275
2500245155,0.28098017953365945
1439497251,0.28077371254627803
1931632767,0.28050972602629654
2499586364,0.28037792720612786
2091211512,0.280360623155391
1427633167,0.28007380143335814
1427825430,0.27997944877275593
1432745315,0.27951901075399327
1880481584,0.2786283658972412
1427601244,0.27833384772389236
2092850682,0.2780814343639568
1932614415,0.27795125399722165
1434014663,0.2778400309900803
1930186434,0.27774707586228886
1433033533,0.27772140493116615
1439543862,0.2776842730209052
1434288600,0.27765661054442836
2093088695,0.2774854423844292
1434261005,0.27746731835751665
1930949574,0.2773489980206548
2091979743,0.2771626181674291
1931593835,0.2764324244856485
2501783861,0.27628984519728034
1932627221,0.276097066057629
1879248323,0.27607813444645113
1879233294,0.27589319713059024
1931606862,0.2755903603008489
1439317363,0.27539509592156647
2092853285,0.2751900339827005
1879152533,0.2745694486829206
1879820780,0.2745503331001438
1432776161,0.2745077682791944
1434437771,0.27447532489513277
1931680373,0.2743350601306428
1880498913,0.2739194786727191
1433821847,0.27362617836341974
1931015983,0.2735465609113708
2501881030,0.27352306114285985
1878600597,0.27338782709018106
1930949297,0.2727709645348592
2092890450,0.27250102883533295
2499612703,0.27216137316287664
1879132970,0.2719102732702149
1934300683,0.2716484373118339
1930249892,0.2715333998011153
1931619017,0.27148125268259177
1932525067,0.2713214676530123
1433462462,0.27131163773662537
1434394605,0.2712944285329201
1879873750,0.27105910093651275
1879147973,0.27092090049687395
1931025653,0.270890811064671
1434734343,0.2707291256726805
1432627977,0.2705909938117697
1880533001,0.270418373864361
2093971490,0.27020287914144975
1434016761,0.26988382396107513
1879238465,0.2698478603988271
1879835951,0.2696359111883965
1434722114,0.2695596306347781
1434742473,0.268967129829426
1427846302,0.26891184180407046
1879193650,0.2688856178259592
1879792035,0.26857454536228276
1434497893,0.26853405388530266
1879904224,0.2684976900027372
2092078510,0.26844450171432466
1878589707,0.2679929000845801
1434134645,0.26767495548198006
1434640054,0.2675769944086784
1930930244,0.26739576747860927
2499482903,0.2672698309568736
1434256930,0.26712250871444065
1933511847,0.26706122953605294
1427622133,0.26655576484249455
2092969551,0.2664358308972679
2092937727,0.2663155939794349
1930179205,0.26624946477459865
2503221055,0.2651351633867376
1434624975,0.2651189615848565
1427882435,0.2648267532419495
1434160101,0.26466559978139875
1434422064,0.26466090858463437
2092091991,0.2646161194543744
2503363640,0.2646055551595308
1879844420,0.26433836545433204
1434029642,0.26397602670410514
1930949034,0.26353928616730093
1433344383,0.263523842915112
1439621227,0.2635203478041495
1434320201,0.26326701785870354
1932451285,0.26315540108486446
2095468007,0.26313961945813297
1434092364,0.26257357598091385
2092878961,0.26253520841087796
1434514324,0.2623814621279254
1434724153,0.2619831762935984
1433070857,0.2618926711099035
1433153413,0.26169026179527605
1432669251,0.2610638551044491
1432875094,0.26090712973055985
1880547814,0.2608408994530865
1879149400,0.26041880610189044
1931673893,0.2600307593845758
1932525815,0.26000803459946203
2502913340,0.259820359839624
1433588610,0.25973258861661663
1433212801,0.25968254849696654
1434727094,0.2592477519635749
1427877127,0.25887483713567366
1930227151,0.25874561113395816
2500799591,0.2587123458266444
1879773475,0.2585165258685571
1880519770,0.25851549202919744
1879818481,0.2582374698441758
1879901184,0.2580588768633145
1932552267,0.2576614236369653
1433439357,0.25752482875621674
1434676802,0.25695404900339286
1932494680,0.2568416104543833
1880456277,0.25678644523718663
1433762481,0.2564699748437646
2093077203,0.25633400094030234
2092818977,0.25622775008364584
1433263533,0.2561123157608757
2502620407,0.2553768185713683
2500759072,0.2551571942048
1427727480,0.25476140087414995
2502024280,0.25464439351179485
1439397575,0.2542689103131657
1434619817,0.2541854520213991
1433247434,0.25390594879033
1878573891,0.2538313532002152
1879837801,0.25382396239255106
2091959265,0.25356289421145795
2502415547,0.2533996118043249
1879130915,0.2533968881939075
1934301372,0.25338079673542
1930183645,0.251752768646311
1439426074,0.25166839377152495
1930240721,0.2513602806500027
2091986991,0.2511500464000227
1433155985,0.250804179653117
1933581934,0.25069187156733247
1930941135,0.25053880503232734
1879125957,0.250147439891772
1930243812,0.24988091908769083
1931647455,0.2498418789809179
2093946072,0.24980981611664488
1931671897,0.24973757951666264
2092806310,0.24946585673681795
1878574661,0.24938950771634644
2093896374,0.2493260776965186
1433886074,0.24912594480903008
2501207662,0.24910018970941786
1434204134,0.24873152679478444
1434760990,0.24855631263187555
1433179100,0.24801140547076717
1879903644,0.2478609058708079
1427764695,0.24782082992071508
2095396381,0.2474918618637677
1433912694,0.24747226534130665
1879807083,0.24745534772252814
1439364990,0.24713050267768713
2091950935,0.24677224159748418
1433973177,0.24671652529357546
1432889673,0.24669118290351963
2092015760,0.24666141766084415
1879792804,0.24642778915949512
1432631611,0.24639632654989527
2092805935,0.2460222243230164
1439510575,0.24564841517960936
1879880930,0.24561941703326493
2092939625,0.24559819921393972
1434233155,0.24550597167957963
1434700155,0.2454284144558463
1432871933,0.24538351952577214
2094675184,0.24527346424714244
1439539882,0.24518973088532567
2092944792,0.2451233230060491
1933518872,0.24467676854925285
1433166203,0.24446878441069314
1879127944,0.2440047431891196
1433649001,0.24398963351670264
1434563757,0.24395643998597746
1433995350,0.24392611978088066
1931621485,0.24391809643860057
1879225615,0.24383467067877476
1434451581,0.24360966924318178
1879883460,0.24360536584549702
1434266707,0.24355052478629063
2094555047,0.24316840786827648
2503683470,0.24281116439208109
1879883090,0.24279727126615822
1879837012,0.2427301180978167
2499263467,0.24256983462777432
1934299441,0.2424742107978642
1930929972,0.24236244849265048
1879140447,0.24232623385222074
1434350942,0.2421644786129243
1930177944,0.2421139446210725
2501489740,0.24203770904573568
1434266192,0.2415450301226628
1433166775,0.24150854871894223
1433914252,0.2415004717714537
1879783257,0.2414340474271001
1433654304,0.24137144986682316
1432923947,0.24134225053545744
2499526114,0.24091743451662812
2501497311,0.24090101098874445
2499538263,0.24089748631657354
1427833624,0.24085132844993787
1931595361,0.24077199108323175
1433471202,0.2406375959449604
1427825320,0.24058016526683548
1930247051,0.24053822790225277
1879913164,0.24039089777569045
1433349305,0.24027581785468716
1439573153,0.24004074249779794
1434364475,0.23979723111857207
1880470240,0.23975258991568563
2096239854,0.23961197957906308
1880493775,0.23907246862717976
2091201693,0.238734369830896
1433681503,0.23863480590013775
1433127597,0.2385532867324077
1879811301,0.23826431715012877
2093021794,0.23816382839733602
2503784342,0.2380665447857508
2091275437,0.23766301005210885
1879166025,0.23764477250402816
1433451200,0.23756532556237472
1434210211,0.23744370711821203
1433051460,0.23697575848224067
1880542203,0.23673915751209068
1879134747,0.23665918010216297
1879886572,0.23651884701738066
2501131224,0.23637991125010793
1933560115,0.23630974494348628
1929303875,0.23613899766051927
1427877877,0.23609185296953863
1434139633,0.23596375519469734
2503665815,0.23591852305749292
1879782977,0.23540721991920022
1433182957,0.23537946928045428
1433472471,0.23531231921586956
1930234462,0.23506196685247335
1932551005,0.2348015644010383
1433150711,0.2347665971378889
1427827025,0.23467352498539812
2091258122,0.234652840330008
2093087137,0.23453135782537185
1433087902,0.23450470552897168
1879839424,0.23446475881593906
1879897894,0.2342325810412469
2094564717,0.23415148830612365
1427668517,0.2338734732148456
2500682831,0.2335307599138728
1931598421,0.233514712774042
2093080813,0.23299099879270466
1434383267,0.23265924037181848
2093070951,0.2326178271549176
1931003157,0.23229905440681847
1433642632,0.23199669575730922
2092965600,0.23196285532269603
2092785022,0.23181750958995803
1433635083,0.23150488631948274
2093085452,0.2312835139115554
2094699383,0.23118657289274877
2503329332,0.23100739832381828
1439573570,0.23092366156907654
1930939970,0.2308682049764909
1879910195,0.23070440049072355
1932623795,0.23058215000363533
2092091944,0.22983359407697151
1930185765,0.2295773937145549
2502701871,0.22857553533479677
1930165604,0.22850823485654362
1880495603,0.22842224692601493
2091972922,0.22827644264050329
1434646351,0.2277493984626591
1427685475,0.22767442261025375
1434451731,0.22760762908096896
1879786902,0.22742449444456966
1879779672,0.22739898587964033
1434598652,0.22713338061515131
2095402962,0.227014453320894
2092870637,0.22673770315223055
1879826624,0.22650467196326168
1879247165,0.2264802053015284
2092848943,0.22626455535191942
1427598480,0.2262478834006005
2501674540,0.22602088811564078
2093861905,0.22596516492348123
2501550985,0.22563701071954817
1433318045,0.2255148281730191
1433175237,0.2254962260332598
2092023721,0.22514289565200074
2092915017,0.22494368755901228
2092880077,0.22477195028258512
1930187985,0.22462982458590475
1432627840,0.2244606621596985
1433855447,0.22442068053681863
1439464803,0.2242939936511245
2095390855,0.22421767337260423
2501835982,0.2238114719802368
2093021023,0.22377801034869474
1434003162,0.22345543094814752
2091220405,0.223264205358603
2095426313,0.2231433353156721
1879864870,0.22252846078339478
2092827491,0.22234554036565152
1931617397,0.22192641272276858
1880483524,0.22169033075655575
2092840940,0.22144669524913607
2502930392,0.22133485935780273
1434723177,0.2210131956344657
2501525920,0.22094740002426622
2502728503,0.2207816357872314
2502659424,0.22077559574024044
1879223171,0.22069665298966185
1932442933,0.22056826517867145
1934309293,0.22039829263186447
1930951112,0.22037504549899042
1880526554,0.22025912509009363
1880493903,0.22014248940065706
1880503444,0.22007654425624512
1934301022,0.21964230969478926
2499376610,0.2190875936616853
1433958992,0.21872823899101346
2092042875,0.21745310755807198
1434419580,0.21745070535744207
1433408435,0.21739337097368375
1879866267,0.21724518001041854
1427764885,0.21649591948255292
1930233195,0.21643539568732464
2095378383,0.2157858183917182
1933561810,0.21569637800641814
1427715021,0.21551800978378752
2091219345,0.21494749723682663
1932640903,0.21472063789672835
1932497395,0.21466069262927676
1433566070,0.21448281124557897
1433652352,0.2143852546379706
1930986901,0.2141387018947711
2503580077,0.21412495550734403
1434551502,0.2138361245500385
1433999762,0.21355835781029323
1879198933,0.2135455587869885
1933600954,0.21352719814980875
1879905811,0.21284842903633125
1434205013,0.21280515883675902
1880530042,0.21277010493208592
1879838672,0.21276435789218248
2501294722,0.21263606204521684
2499325834,0.21257451694010418
2501211582,0.2123780352510837
1433358522,0.21219838609281033
1879777144,0.21212478010896615
1879882684,0.21173626228924025
1434346725,0.21165891509755375
2502308180,0.21146027538041223
1434694951,0.21136900568995992
1879833060,0.21118926834072876
1434258320,0.2110327082590552
1932596437,0.21092223000464985
1930249613,0.21063645223519598
2095392941,0.21036617565962895
2502402680,0.2099798722686382
1434373103,0.20982913835881084
2092789777,0.20974597109408574
2499475165,0.2097050965460384
1439534550,0.20957433927860802
1433579780,0.2094815268374621
1930225521,0.20947166847227305
1433640483,0.20933329959961675
2500451855,0.20914747346195983
1439386254,0.2089661269477331
2092810204,0.20891394500291127
2095352907,0.20890070217629375
2092082904,0.20888977515875826
1432670765,0.2088720601235216
1427764763,0.20880941698013275
2093889821,0.20877249391395417
2091189990,0.20857775413588023
1880514232,0.20854681679623172
1434152683,0.20828027342780564
1879153000,0.20827247711607771
1932566777,0.20799429259728613
2094549997,0.207990124235645
1433981645,0.20798568342964732
1433777772,0.20784643607993208
1880516117,0.20758564237635932
1932652390,0.20733538757166872
1434093142,0.20710444948424037
2093077187,0.20623425273415086
1433830517,0.20617072458406932
2500306681,0.2061683611759043
1879785390,0.20606803573578278
2093072735,0.2059454297292679
1931000225,0.20587337408934422
2092917182,0.20570712798551563
2503237427,0.20568633946027365
2092968710,0.2056834078932964
1434057295,0.2050739950105905
1427635110,0.20483525993128887
2092842951,0.20478852623528787
1930978365,0.2046851327406954
2091238614,0.20433626001899838
1879908695,0.2041309941231499
1433406647,0.20404495051708701
1932637635,0.20400290855198944
1879795123,0.20388677499410457
1879176630,0.2035620897942237
1879812715,0.20348649619173828
2091239271,0.20339213518933688
1432764915,0.2031450707452194
1879819712,0.20293157303390943
1427717997,0.20287399063695574
1932605322,0.2028424037445227
1879179283,0.20280889008469163
1880523550,0.20243248349790702
1879774634,0.20209833889012396
2093060952,0.202069443147911
1433002360,0.20196132047481175
2093040277,0.2019567973478894
1433669240,0.20164681080724495
2500736757,0.20164627537457971
1879848164,0.20132224050585704
1434381404,0.2012445585965116
1433644764,0.20123546609720785
1433188740,0.20113886849183163
2501842837,0.20103401197963378
1879811777,0.20090553764468586
2501472264,0.20077129792576165
1432976944,0.20076671468534846
1427781257,0.20047880204061946
2095466893,0.20017561843530282
1434427107,0.19998801607255753
1931626621,0.19994996916716418
1434019230,0.19980592045575443
2502149597,0.19978805956718726
1879851630,0.19946622859493332
2092833523,0.19932035568758105
2095463791,0.1991099419873707
1434437727,0.19890249669369614
2499437350,0.19846416670677763
1439364292,0.19837062785790652
1427704773,0.19835715156846426
1879862882,0.19828430104278127
1932637814,0.1980460287363515
1932459677,0.19767453806815122
1930950275,0.19751570072197364
1933552995,0.1973893832712662
1433738334,0.19711238534533884
1930235327,0.19706644617037405
1434636581,0.1969371298640998
1930159575,0.1968307383695724
1432682655,0.19666243094920158
2502304037,0.19657836410861723
1439504291,0.19626965797980597
2500177344,0.19625212030607672
2094627935,0.195758890171255
1878592651,0.1956839411287225
2093974751,0.19564793913616071
1933581927,0.19529772564565157
2503457482,0.1952559134754322
2091284582,0.19521078901856984
2500532662,0.19516012530302435
1433008470,0.19446389969404046
1879879952,0.19443483436150055
2094607472,0.19390928505840632
2091194375,0.19356121544800947
1933552790,0.19343235631461608
1434687935,0.19321041549684687
1433222831,0.19319513265779595
1427624332,0.1931756729346939
1433055292,0.19310988891648825
1439334465,0.19306295911450733
2093922584,0.19299806815176826
1433583394,0.19292397658687255
1879799667,0.1927690665500661
1932595365,0.19274549110480227
1432659420,0.19210777304302312
2094603981,0.19209191221684013
1434159320,0.19203140857065182
1932587267,0.1919293538895189
2500217044,0.191543520480139
1434069935,0.19153020041003857
1433789132,0.19150589562958747
2499885020,0.191416553837045
1434501485,0.191169374741175
1878588223,0.19111153672550138
1932534517,0.19095273917798777
1879877174,0.1908221382518085
2095379683,0.19054809664336367
1433849561,0.19035067636752373
2500933944,0.19022862521431783
2093942545,0.18993685896400814
2094618890,0.18974927194614646
1932640544,0.18919432814065992
1432869167,0.18911555760262602
2499678684,0.18894011494682508
1427856044,0.18872377047321512
2092835073,0.18865623205478874
1434492385,0.18864471199376548
1439433251,0.18858922025473127
1879774433,0.18852652705902628
1879810531,0.18836523769889157
1932516241,0.18827747899194816
1932558083,0.18813692007972924
2502641794,0.18811244186065773
1432680574,0.1878554032301601
2094636907,0.1875920674937663
1432665233,0.18745021810637186
1433510192,0.18707097046592944
1434014573,0.18687947123615595
1880458174,0.18684701927164965
2502091393,0.18654982236984452
1434526570,0.1865290134400161
1930184137,0.1862745041210951
2095399965,0.18569948000028813
1439564002,0.18568776323655475
1879127255,0.1856164985750373
1879778344,0.18543499424477644
1879166217,0.1852434101435679
2499669922,0.18505375400002527
2503221244,0.18486649416599443
1432941235,0.18482512544258253
1932441711,0.18479540573315797
1879199307,0.18440008009160117
2092937872,0.18437023774630787
2091276900,0.18406588086404443
1880478810,0.18402861347932417
2502116051,0.1840285222482083
1427793024,0.18373806766541398
2095461312,0.1830722726594919
1933585353,0.18270093114071112
1879171170,0.18255159838959886
1433035470,0.18223452904792617
2096253264,0.18196193927330562
1439337172,0.181881467109438
1433080745,0.18183888330582762
1932633150,0.18135436118215675
2503665290,0.18134933622911817
1439501521,0.18128630943800206
1931594822,0.18124317793627553
1931006744,0.1811368770737164
1434197362,0.18046905632696483
2092974352,0.18025790375021236
2092844674,0.17998414770325635
2092897105,0.17986964951822118
2092918757,0.17982482649077727
1932518997,0.1797556270079276
1930983260,0.17965105234257503
1879138491,0.1795647051517069
2092769813,0.17940404289929737
1932546171,0.17930147665469726
1879202984,0.17917456016307384
1930230667,0.17911941616625032
1434301724,0.17906740920928518
1433389131,0.1790404395657603
2092013854,0.17895179473806247
1931637655,0.17884850359672658
1880456560,0.17873726957703231
1879811593,0.1786753665123849
2092008882,0.1786166162416804
2093077621,0.17836386592879092
2503907305,0.1777155191035908
1879249461,0.17721757290169704
1930985693,0.17678031689832474
1433365913,0.17661559529398352
2503135672,0.17660728692557237
2092942635,0.1762326706608561
2092922701,0.17595035985240534
1434386092,0.1756873144815234
1433114135,0.17465870103421313
1933567327,0.17458312755462452
2092020381,0.17429975496162106
2501958674,0.17421083249503838
1879900895,0.17410358580295085
1931605047,0.17406690766452673
1433567930,0.174042295351624
1433262197,0.17373651739775814
1879775220,0.17349040049777809
2092764807,0.17344105737402807
1433103593,0.17315193929874254
2092926527,0.17271491182621934
1930961211,0.17224982182662305
1931001827,0.17203102132537978
1880520660,0.17151095076634962
1439435961,0.1711957859604174
1433417000,0.1706771868421241
2093069085,0.17061722234568064
2092922593,0.17046834952841727
1930140851,0.170306767460163
2500846440,0.17020874982268988
1433139807,0.17019979646820782
1932521922,0.16984441903400746
1931006864,0.16955780927298086
1878579784,0.1687301060133186
2499247473,0.16853487871001552
1433971892,0.16843075588761003
1933532717,0.1681361053013598
2093860541,0.16770909011910182
1427603960,0.16741200083886537
2501734700,0.16696589304537285
1879835922,0.16682056087251682
1433136073,0.16649179415581225
1434452383,0.16499417895675816
1930153461,0.16467696606609894
2096214577,0.16447825283617
1879865537,0.1637219661484661
2502610987,0.16368859074398423
1931588713,0.16332226379029754
1933511237,0.16319354132774405
2503470310,0.16276818676874286
2093082187,0.16243593220026556
2502594271,0.1618988186138598
1427589977,0.1616971246780025
1932488864,0.16166077878223276
1433533977,0.16111167770594984
2502457091,0.16105002767854198
2502949832,0.16100740253232723
2501303245,0.16088416334554756
1930984042,0.1607592553787578
1427739495,0.16055498887013261
1427733943,0.1602668007237278
1878589740,0.16023494735726942
2499596257,0.1597463144840396
2093886055,0.15967361221455975
2095380191,0.15898788141771286
2501523005,0.15885314921105273
1879135977,0.15883804138262392
1931020000,0.15874448432837393
2501620755,0.1585821827198527
2500956394,0.15829895398392607
2503747125,0.1582867317329134
1879197591,0.15825736507582333
1880531947,0.15802787994972217
1879878294,0.15798219528330926
2092043054,0.15710297913577984
2092063881,0.15702907930143284
2096191031,0.15595603999738694
1427844971,0.15587244361245198
2502214953,0.15561027273274902
1933574590,0.1554067269295002
1433012600,0.15421615602477234
2502041924,0.15414494183703215
1433688270,0.15396441998102528
2502951552,0.15395476512777728
2094590024,0.15354002200211533
1879778661,0.153361613481479
2091992141,0.15327182163251166
2092075372,0.15325417831356325
2091236677,0.1532008057239881
1880461271,0.1528850717103265
1427886984,0.15287325506050728
2092005474,0.1528204814616365
2503560303,0.15281937639697066
2500245295,0.15266084479047676
2503675373,0.15229914449595647
2094621957,0.15229698377843154
1427683692,0.152131468977692
1933597771,0.15210499828781077
2092037512,0.15201906279140115
1879874592,0.15150421776925468
1427767664,0.15144030892034582
2500952314,0.151437530157474
1439459363,0.14992402476554248
2093012963,0.14957897670506493
1434695170,0.14868320653015574
2092891304,0.14863136150500914
2092953250,0.14857417794856453
1933589672,0.14750945228924572
1433575931,0.14746180819113258
2095452030,0.1462717318950215
1930189870,0.14607106448501098
1930243914,0.14572268319329215
1932642635,0.1450895468227545
2500605093,0.14498828395038724
1433050905,0.14423984035565188
2092043451,0.1440642604915112
1433387177,0.14399792525313992
2501775247,0.14378076101539933
2499255987,0.14321718172779832
1879900432,0.14297846131411107
1427874617,0.14289710782911252
1439548877,0.14253229837668943
1879242762,0.1424338214474076
1932455451,0.14173013064217163
1879863017,0.1415680914143262
1434629094,0.14134734490833797
2092769707,0.14111580149843442
1427807683,0.13981176291275
1931007435,0.13949418024668353
2091212702,0.13949006300652092
2092976763,0.1393607234634519
2503113721,0.1389922860952332
2096255647,0.13869709345481349
2501324422,0.1364880238380363
1880497674,0.13648240575615833
2094675495,0.13639658601067037
1879156082,0.13610334866625048
2499639740,0.13610328146745604
2499709700,0.1349574952217808
1932512645,0.13445741051735496
1932484777,0.13433083110259134
2501876201,0.13416805784127345
2503593514,0.1340361936507495
2503088435,0.1330733151367485
2500943220,0.13299988169224666
2499229470,0.13289858921252412
2092015310,0.13279232478961095
2093058715,0.13267715091736884
1427654820,0.13232575868215338
2499703897,0.1318481340400506
1433211285,0.131336451569161
2503886211,0.13037041184263337
1932629640,0.13019837419952732
1932477845,0.12973543999485046
1434684397,0.12914423637492609
2095445444,0.1287173712581243
1439647563,0.12868978869900644
2502623215,0.12794076801180818
1930148015,0.1275851787519419
2499284581,0.12613098429639594
2503536890,0.12519506876548048
2094596284,0.12511412069231198
1931696994,0.12372111507154535
2092841441,0.12232459959339874
1931028632,0.12227690209855069
1879232961,0.12224190693179847
1933583520,0.12170686397975448
1879794247,0.12157135217787435
2502350611,0.12124410072785835
2502781277,0.11877574942719056
1932596071,0.11872977552158273
2092842021,0.11806553802961108
2093904494,0.11601942340118983
1439541671,0.11517452080377882
1879805851,0.11485350031549751
1930228604,0.11431528406085116
1879831393,0.11361104303948238
2503779085,0.1128063838724254
2501517245,0.11262305363499664
2502339380,0.11251241209972293
2091998693,0.11166025465913339
2092024830,0.11141744660683797
2500334647,0.11128503732835539
2500988907,0.11126972099334245
1933526775,0.11097211200333673
2499718764,0.11068634696728476
1930198433,0.11028798171200808
2499553210,0.10774474445311967
1439369701,0.10720083532730686
2093962317,0.10530439818595426
2094561684,0.10409854944064927
2501195984,0.1034203814193241
2502136912,0.10151123824908975
1427860251,0.10052619655106956
2500280402,0.09948670099784797
2501875722,0.09935831301483532
2502991524,0.09300829192481615
2091258130,0.09228696491074889
2499754113,0.09191839801260439
2500241993,0.08804273336634268
2499224092,0.08026901026433955
1432862417,0.07890761881688595
1930157224,0.07771173898387876
1879834327,0.07581904865161897
2501621927,0.07410793296621364
2093051244,0.060566028452916025
2501855275,0.05496322061757642
1879825677,0.052513574112435076
1879144275,0.050749588181510645
2500672331,0.03949265714062621
1878580627,0.03501804289725935
