user count in community:490
Topic id:6,Representation:0.4513224916745494
userid,score
2503119187,0.27541692183009825
2503127493,0.2754001490964106
2503131707,0.27538412588198863
2502079777,0.26679318627457305
2503595267,0.2627469256210304
2502988502,0.2534360514712195
2092774860,0.2529918231764903
2091998140,0.25181682061880006
1879211747,0.24942745893037183
2093899587,0.249254977401833
2503742561,0.24843932165409935
1930185973,0.24388217470671042
2502953594,0.2425142318141364
2094556274,0.2415514126833419
2502711275,0.2392918628800408
2503617072,0.23668057773502663
1427679360,0.23513071613427844
2499819090,0.23368265408003885
1930215862,0.23328615559955834
2092926037,0.23306678349123722
1880471224,0.23052812260352443
1931003663,0.22994285463137598
2092848203,0.22962409190746436
2093991275,0.22811056938240615
2503718475,0.22775272954617687
1880495234,0.22742578092842583
2501601853,0.22716664053471805
1879845435,0.22530754551111778
1930141335,0.22514361022167587
2093943865,0.22456139155314972
2503583964,0.22435110105050282
1930938675,0.2237624006065809
2503422932,0.2232962185900942
1932513065,0.22180049916618974
1931594502,0.22067377099512667
1932565187,0.220101720419441
2094679125,0.21989924481948137
2092025545,0.2195307951732427
1879167711,0.2187554439416515
1930996373,0.21674061851793552
2092930242,0.21664034882704175
2094655804,0.2150690718418198
2501315432,0.21491744806885718
1933514202,0.21453745077787362
2501706055,0.21440576610242218
2092969524,0.21371471281465024
2094658367,0.21346182148628584
1879214117,0.21328516894490956
2502132763,0.2132437013505594
2092797621,0.21206181642297947
1934318625,0.21140862889343456
2503210194,0.20939384064175415
2502951581,0.20931852099619144
2500276083,0.20909444986951692
1931693192,0.2089549211299226
2092958110,0.20870254741486666
2094657533,0.20741004037765984
2094622895,0.20644390368881382
2093901271,0.2063892475544348
1880436467,0.20629263255944025
2502186100,0.20343643197700587
1879807672,0.20203299244805314
1929306871,0.2013838555453539
2095342411,0.2006428883988298
1879179857,0.20027145514620728
1878600965,0.198805284160781
2502141592,0.1980326336081234
1439649647,0.19788370239543365
2501522141,0.1973736952395492
2501406364,0.19714397030238887
2503158854,0.19627281417822734
2092990863,0.19552349316245513
2095400833,0.19467370423200336
2091975984,0.19419847402504672
1433827742,0.19377543773269007
1930186570,0.19354222843597038
2501206273,0.19339060425166033
2500584133,0.19302656032227242
1434698690,0.19195727946065635
1434273035,0.19194355718156475
2501807717,0.1919012250017743
1930152361,0.19188566365552015
1931644470,0.19176902490750536
2092919360,0.19138087861764932
1434394701,0.1906285945918211
2499650720,0.19052724702372506
2501492734,0.19038407473803884
1934311132,0.1889848246522854
2500567790,0.18885602922978534
2093087820,0.188820977095259
1427828665,0.1887072896656315
1879214721,0.18812601617073874
2499412541,0.18808801916285534
2499414650,0.18767789994837697
1879893354,0.18649470791039083
2094664670,0.1863544534578167
2091993834,0.1856942939574598
2092773100,0.1856226918068085
2093019367,0.18548533580339402
1879896344,0.18545110731507916
2092032314,0.18514675373535092
2503201077,0.1848570349380873
1930235983,0.18464497883784703
2499589844,0.18450810876640783
2092910584,0.18445826528886108
2092017370,0.18440340656450965
1930960724,0.18390464166823153
2501472364,0.1835643617448866
2093072075,0.1833766124321934
1879179653,0.1831224879298999
2501479393,0.18308419353801553
2499283755,0.18292602517639658
2094660043,0.18268919793610913
2503296557,0.1823295790170451
2502028124,0.1822967964388433
2091196300,0.18174077864324392
1930146071,0.1815776686231788
1930236895,0.1813159390056263
1879829837,0.1811205779082367
2501534095,0.18103644114389322
2095399291,0.18071319662696697
2093973217,0.18013577090028576
2092016123,0.1801221277954089
1433287292,0.17979147276232313
1932625125,0.17945885076514917
1879192935,0.1793133248363947
1880459573,0.17918557109203487
1879180713,0.17905545710711376
1879829767,0.178658926603389
1879154265,0.17731893675787033
2092890127,0.1770641457390428
1930214863,0.17678230375433546
2091280821,0.17642634861394904
1879786531,0.17590361312798103
1933503670,0.17498658935491707
1879847753,0.174764757231645
2092858922,0.17303428525415437
2092935932,0.17252375616349977
2501426235,0.17226021631939042
1931622663,0.17225445063637207
1427899751,0.17220112549299427
2500363464,0.1719343260033413
1934299325,0.17091197342195932
2499628723,0.17064232576159347
1879883790,0.16939888294475677
1879809035,0.16929380009513104
2092936351,0.168981127485028
1930234011,0.16880093294084875
2093938124,0.16765610418041144
1879163861,0.16719108693552673
2502541615,0.16644654459239178
1879201637,0.1651344875509055
1439440182,0.16464346769786367
1880509394,0.16444972572964994
1433464033,0.16392123737319525
1930189230,0.16356819857944432
1879158991,0.16346386780745856
2091220224,0.16284571925444474
2091988133,0.16277174151818466
2091959542,0.16224559207786116
2092782055,0.16153743213253877
1427634153,0.16086998354410553
1879146065,0.16068820342734677
2094677502,0.15914091145178585
2502960784,0.1586301041121122
2501544902,0.1584090278744479
1933530970,0.15815767997884447
2091183732,0.15777990877382286
1934300801,0.15770475035081727
2503440444,0.15763038697489123
1930155057,0.15676912719190192
2501825024,0.15555408636830384
2501729401,0.1554097532441765
2500541797,0.15509272251428535
2092075317,0.15460597158298853
1931011424,0.15449427999115395
2499531142,0.1543981544491506
2501664181,0.154245890739678
1879199765,0.15391616526450952
1434560371,0.15313798007069912
2093884592,0.1529447994589249
2499508827,0.15276869664766182
2502956792,0.15264461432072127
2096226943,0.1525761937770026
1433596734,0.15234665533796352
1433191674,0.1521983116645353
1932479042,0.152180221473715
1427592210,0.15182900383027204
2096255124,0.15143002587888035
2500986093,0.15139573067756687
2092928664,0.1510982838624241
2093058397,0.15079089207993288
2500384043,0.15071400057600132
1879232284,0.15021726044567926
2095412055,0.14988730527620825
2503596362,0.14951955689630678
1879136023,0.1492909404744703
2502657644,0.14853634681927055
2503346200,0.1478421060331469
1427583973,0.14736809539731588
2499771952,0.14736079243622247
1879188771,0.1472372043832168
1879158251,0.14688633011894936
2501242995,0.14670858341511164
1932450387,0.1460637000842892
1930929842,0.14498953490796085
1879858742,0.14469097981377152
1879131453,0.14379147552981295
1879128453,0.14352907865655887
1879793064,0.1428220114523261
2500947195,0.14266857553089124
1433057320,0.14225091752234106
1879879570,0.14107740067543512
1932636863,0.14088546164825144
2092872947,0.14082133767563762
1932643402,0.1405224374939991
2503587865,0.14046173766784764
1932533012,0.14015764996276023
2503059394,0.13951570485887202
2500313667,0.1394323650109993
1932571185,0.13942394321526605
2501221147,0.13861079492861483
1879189664,0.13860062017943975
1433185493,0.1384406663382072
1434192330,0.13833543758512729
2092069217,0.13813731841180085
1439318215,0.13716630860035448
2500108472,0.13692243770061424
1879796834,0.1368726087288013
1930988207,0.136733148810816
2503489135,0.1364583285936185
2502030823,0.13630250103870886
1880457634,0.1361442905884068
1930214507,0.1352521224984707
1932648021,0.13519273169449725
2091224802,0.13495762346352264
1879835164,0.1346352955665685
2502416304,0.13424708305270008
2502440317,0.13333283906214785
1880494727,0.13296061100406537
2503767182,0.1329410350662552
1427791747,0.13279763857582969
2501692424,0.1322067739785455
1427593641,0.1319308407034744
1932609990,0.13181303532582989
2501601525,0.1315590384136607
1879125197,0.13144977742267863
2091185220,0.1314223933177124
2094641455,0.1311415717120153
2499334794,0.13112866100098128
1433215263,0.1304373417274306
2501749561,0.13031414554031412
1879813517,0.1300618578724556
2092894567,0.12914787267977834
1930253787,0.12909171744619538
1930163967,0.1289374108291711
2095363683,0.12880591387947382
1932444732,0.12877950283205505
1880425273,0.12861122347589224
1930173631,0.1284901623902332
1880495803,0.12809252304287821
2092801984,0.12705297908197224
2093878380,0.12667973709824382
1930202261,0.12645184638449378
1931609773,0.12580426384509436
2499474805,0.12510662169683104
2501476241,0.12426038176694477
2501573822,0.12422108021419843
1879795645,0.12414438228023554
2501280794,0.12375958356428392
2092876343,0.12306331643038422
2092810844,0.1227456396771017
1434631637,0.12219020604578516
2499546363,0.12171527494717709
2500837732,0.12133060887146827
1879856934,0.12127480786425086
1432634592,0.1209406574569675
1879224385,0.12081045967515121
1933498127,0.1206998319362389
2093078772,0.12060047779675558
1434188551,0.12042771699456685
1931674021,0.12030923201289723
1427722075,0.1201229166900632
1439499065,0.11977232686347189
2501262112,0.11907081232539761
1427790270,0.11903957647670041
1433791590,0.11834942394032696
2092833500,0.11828782216675261
1879860741,0.11827643653311241
1880444560,0.11784209665102106
1879881264,0.1178274414147291
2093885885,0.11780935097432697
2503380130,0.11755460605764467
2501882615,0.11709216162782421
1880470004,0.11669102955399964
1433797363,0.11650979887659516
1433557323,0.11602257592073457
2092766115,0.1160109488516013
1930201220,0.11558816278125182
2091961550,0.11556999757122086
2501896081,0.11552688242258237
1434308324,0.11526375004763484
2499501600,0.11467578811071996
2093908291,0.11435983964162798
2500448414,0.1143098369583884
1880445050,0.11364375125639811
1931641962,0.11364202736770834
1432622982,0.11350720218357979
1932518390,0.11300898723602566
2092022860,0.11236268062598062
1879855174,0.11227097870966164
1432960257,0.11225510030099475
1433725465,0.11210079074305512
1934295297,0.11189742691823266
2092792003,0.11187010900204239
1932468557,0.11138404730349193
1427815721,0.1113593973715015
2501551951,0.11106980185950135
1433804030,0.1108413732560974
1931688451,0.11069964239529421
1933591574,0.10980627180906198
1434320761,0.10946942541191504
1439411150,0.10921495787516783
1934304167,0.10883433556770186
1439368335,0.10868130146852045
2092760642,0.10831806655071617
1433201810,0.10800065848932597
1880507825,0.1074715361080103
1427749581,0.10692177815690856
1879143117,0.10687752924089608
2502075067,0.10677497472975175
1433726045,0.10671778271484542
2499286345,0.10663802888153359
1433940047,0.10638582920985326
2500551200,0.10601841657810011
1879903370,0.10590566315776767
1427587605,0.10586222440916494
1879776463,0.10579190412948478
1879856592,0.10566594714153779
1931616813,0.10538171750802706
2499268953,0.1046101788179487
1879171152,0.10450927105604578
1930182993,0.10450810556023217
1879143033,0.10448252597108756
2093924425,0.10393867480334186
2093923390,0.10388538704407448
1433471552,0.10263145256967073
2499890140,0.10250077244266012
1434429255,0.1024710128421686
1432668761,0.10206390323316615
2503674523,0.10177376306276074
1433063880,0.10159608476173738
1879801145,0.10149823256314201
1879882645,0.10138918350393088
2091244587,0.10100081031678614
1878572677,0.10095799194873498
2501722664,0.10017651751744296
2092783325,0.10009272804992084
1433779494,0.09993864810270313
2094553640,0.09988028830955134
2092770183,0.09959839215408714
1433123075,0.0992343962288539
2092814124,0.098862683422761
2091246440,0.09856984551185172
2502725855,0.09854845621812444
1433105571,0.09836015282686807
2502575951,0.09827125817817269
1439526984,0.09824714376958771
1879199815,0.0980666783891823
2095437083,0.09788749976010551
1434383565,0.09747161585052908
1932506565,0.09709908904857124
2093064587,0.0969613732558359
1879802075,0.09693107165308408
2091218615,0.09689577698390632
2091246713,0.09617173726182233
1434101723,0.09614969082355523
2501430820,0.09614774396514283
2094647985,0.09553549815140375
1879788453,0.0954192988225526
1930154224,0.09534240083424893
1433616141,0.09531988844785315
2501964965,0.09511797570973164
1931645057,0.09496581769645793
1930207455,0.09492575930439001
1433703774,0.09471194119957876
1427894905,0.09425711243084996
2091239674,0.09340393807332276
1930935051,0.09292811008430678
1879896272,0.09210725730690085
1930929097,0.09166263195668053
1879144144,0.0913547511037511
1433336350,0.09131720809134418
2092767931,0.09114871202261779
1433378440,0.09097239564269254
1934307945,0.09082481319186529
2502449081,0.0905749015873263
2502248875,0.09035461156845052
1434682527,0.08984206223662708
1934321753,0.08978210819071418
2093955261,0.08914727848702082
1878587037,0.08891609700551582
2092934223,0.08807569041930294
2501839464,0.08798184483570651
1934323135,0.08788874397503584
1433386572,0.08775069123189791
2503230862,0.08754750549597781
1879864591,0.08718853398846449
2502170977,0.08665479037099633
2092008822,0.08641335171405157
2499854203,0.08640670529282383
1439483001,0.08639938748338612
2092925490,0.0858342939256039
2499526674,0.08515233228879004
2503453451,0.08500496634764221
1933492860,0.08489596109720511
1433800415,0.08482576672382314
2092845117,0.08435578456331555
1439580687,0.08425383792894432
2501819262,0.08421505035955157
1930937742,0.08414890239326739
2501004413,0.08390677518762409
2092953355,0.08361269479214428
2096245027,0.08333362601013869
1932430441,0.08325462561942805
1932518852,0.08311817427340594
1929312651,0.08269585560656302
1432635785,0.08265194892797295
2094687144,0.08263484084099833
2092082117,0.08249991512636556
2502644795,0.08248093640437991
2091288534,0.08243861224084165
1439321142,0.08224256317119996
2503664383,0.08172017051824901
1933520017,0.08171430483339172
1433271214,0.0810524229887953
1929306775,0.0807917883973318
1434222243,0.08064764545885345
2501680833,0.08026298356347383
1879833644,0.0801191061326705
1427755310,0.07993904830373194
2091278492,0.0799315545952771
2092936192,0.0790943575111733
1880437881,0.07885849601604937
1934298875,0.07774231598624215
1427718241,0.07773524749807
1879778774,0.07772823408593695
1879784183,0.0772991435170897
2501797185,0.07665254096797074
1433577781,0.07658750087714554
1879137553,0.07635651729827819
1879774842,0.07618084828446149
1879187112,0.07578913346379743
1434537702,0.07558492762716262
1931621805,0.07545831237385793
2502287237,0.07508003703457371
1878579845,0.07476074702182331
1932627363,0.0747520698479086
2500623814,0.0746214102078472
2502495642,0.07444107787867345
1439486270,0.07438957843830318
2095404921,0.07350290315089802
1930241917,0.07349324214202473
2502476613,0.07308360264775755
2092938634,0.0728997989342559
1932560435,0.07118262502758346
1427733180,0.07107456948259001
1427802851,0.07033741845387644
1434447024,0.06904644434887129
1879776943,0.0685652147661968
1878592051,0.06734925890458515
2502355462,0.06703858047033576
1432684464,0.0668901089715376
1933512482,0.06643213562302637
1433550811,0.06636644993921116
2501594203,0.06492950028515561
2500242072,0.06451178105595284
1433882174,0.06427694919625254
1432847273,0.06343025004347316
1433621275,0.06189612648316437
1434507223,0.06105792959216973
2499739493,0.06043840127207834
1931029102,0.05991567135219535
2093941090,0.058843270669737206
2500852943,0.05744939598347076
1432641281,0.057086504750265374
2503321694,0.05550531380590436
2503349300,0.05493596136974959
2499281044,0.054645053158600826
2501302705,0.05205828824906231
