user count in community:665
Topic id:0,Representation:0.3890147101186777
Topic id:9,Representation:0.3539298930060714
userid,score
2502871610,0.31039664947215817
2502103375,0.3076713268751514
2502255860,0.30644637678382447
2503763283,0.3019287853751609
2500416025,0.30119041954851555
2501277372,0.2957503720868566
2500759554,0.2919141768397707
2095405902,0.29124191919507086
2499276117,0.290291758732626
2502365680,0.29007639491931003
2092062827,0.2894867184131803
2096203175,0.28838234186690054
2499522487,0.28513906627549007
2092067001,0.28403070789180884
2092068657,0.2826231186841892
2091248804,0.28249253424661425
2502994212,0.28076757082708026
1930931277,0.2806038605306703
2499297514,0.278103106814326
1931691634,0.2780071119060811
2094646703,0.2779459960652652
2096273465,0.27684536823346884
2091966230,0.27673322486615265
2091219055,0.27577463259206636
2500319487,0.2755458453113392
1933568613,0.2753040440670729
1931692844,0.2734745731586879
1932470121,0.2734289678064003
1932542115,0.27082626988692676
2499721744,0.2696216896200461
2091278557,0.2688790214534955
2092864520,0.2684567904156795
1933513103,0.26779288922703465
2503431190,0.26740654070332787
1879838980,0.26701238732090726
1932462435,0.26699084167235493
2502269002,0.2665005407488569
2092093181,0.26616710478580957
2503101385,0.2639698353184193
2502367615,0.2628530913930507
2501303174,0.2620592234548039
1931618811,0.2619028014801682
2502934610,0.26172665499914527
2094615401,0.26162352400396444
1433555144,0.2609829604728331
1434624161,0.26053570984643415
2500347237,0.2603209309907923
2499761712,0.259861386634408
1439316504,0.2587584968952451
1930226141,0.25809720495041555
1433147821,0.2580727520096411
2093092390,0.2578734859182238
1879912811,0.2576857265325945
1879141490,0.25725278385167843
1934295907,0.25701429880880494
1879862297,0.2569797349692393
1427747761,0.2567310582104661
1427723110,0.2565768067450555
1434375872,0.25596438240177627
1879171964,0.2558857174188734
1433142511,0.2558753934669841
1931592161,0.2554624532976349
2503380151,0.255145907993184
1931022777,0.25511101648427564
2092915727,0.25456074302973297
1879861867,0.25449558457073845
2092062134,0.2540345288463476
1434728167,0.2539858995098735
1931670620,0.2537624627866589
2092002925,0.25339675721863786
1880466211,0.2533686420650043
1434275153,0.252367293067711
1880483622,0.25235666245035593
2092005470,0.25226821908829467
1433639712,0.2516955162528292
1433355884,0.2516545464746507
1879161390,0.25130198523615316
1439612393,0.25108596397510524
1932497115,0.25062090867860376
1879911341,0.2503233285237903
1432820162,0.25010167245990983
1879210305,0.24911418172259486
1433669217,0.2490940868183232
1931588805,0.248702345359413
1878576610,0.2486552603409835
2092051754,0.24841778019533553
1930170433,0.2474026973140937
2096234531,0.2472897532157245
1879865763,0.24717355466006255
1879244590,0.24708398053678154
1433574121,0.24673513152935578
1930253155,0.24608219757261535
1433125275,0.24574139008859253
1880504970,0.24551105061649295
2501810390,0.24534615174071944
1879136677,0.2448313774139072
1433237377,0.2445654541982736
1434686293,0.24449966256248068
2095401971,0.24393789046838182
2091282032,0.24374429635824102
1933537260,0.24353342182942148
1432681345,0.24273613183527792
2092775787,0.24244865239626745
1434098305,0.24216640448373883
1433953135,0.24142138876161306
1433158862,0.241062941290157
2092770362,0.24098383413506863
2091227401,0.2409126265045505
1433603622,0.24056932673325065
2093986285,0.24009428810862662
1434105404,0.23945595287137383
1929302403,0.2390459918216902
1879237691,0.23851548010558424
1878576942,0.23814175178492564
1932602235,0.23813354154014715
2093857044,0.23795586041799094
1432780360,0.23772208262145064
2092942884,0.23746725817952705
1931664034,0.23718022123520313
1434150537,0.23714113352031052
1879192483,0.23709110689510893
1433105404,0.23682925631252727
2092065834,0.23675854239110727
1432974172,0.23597243724118772
2499819592,0.23579662286517072
2499493190,0.23562872277564512
1434134055,0.2351802677533596
2092018050,0.23501066027641687
2503513380,0.23470718452944617
2503589981,0.23450615817190204
1930993377,0.23432675885406726
1931622005,0.2338045516023906
1879124225,0.2336816731931632
1879160480,0.23291338296015518
1932577857,0.232845659915207
1879812094,0.23245142144183994
2092063477,0.2324140222198981
1433801845,0.2322706749590801
1933585883,0.23194397676753575
2092040310,0.23159844690062953
1880530643,0.23150713954435884
1879823544,0.2313667135345529
2095377207,0.23116271456202803
1933558965,0.23098348684450545
1930182093,0.2306890368258759
1432727987,0.23060769521741792
2499360504,0.22999906542166634
1879788780,0.22990860610683347
2095339303,0.22960099706513665
1933568853,0.22959842527632335
2094609697,0.22899975608668108
1879229867,0.22897384831952178
1934312014,0.22808010735015055
1930165154,0.2280232305557923
1880433195,0.22794508346442055
1427593052,0.22788498708294747
2499494255,0.22784316458720488
2501369984,0.2278192559616794
1434757120,0.22758338169676495
1930247287,0.22711600068981314
1427683122,0.2270470663048207
2501577444,0.22601540391600322
1880498892,0.2259547415874189
1432914911,0.22571197432414647
1879243473,0.22506570877345916
2092944212,0.22452429248366862
1427743413,0.2241128866397349
1880466291,0.22399579052284935
1433472964,0.22385500953385326
1433575607,0.22385408180769417
1432850304,0.22380756777895894
1434682307,0.22337064425756653
1434698981,0.2225301214340255
2092022400,0.2221865172186117
1432921335,0.22207429031952683
1932462110,0.22193255884406815
2092064654,0.22170401824139335
2499544204,0.22156581416358573
2501424261,0.22119628445691492
2093065802,0.22075700119538455
1930930473,0.22046854965330415
1433645242,0.22040978408749465
1434221621,0.22012842916375785
1932508897,0.21995828533661274
1879234225,0.21977652161440664
2091210800,0.21932415487244367
2092832394,0.21887276705919523
1433874220,0.2187954862558395
1930176135,0.21863850516405128
1439606430,0.21842384460224074
2093932195,0.2184140039235165
1879124530,0.21830554728342105
1434595612,0.2182172253997653
1880472962,0.2182124618879471
2501830371,0.21776482702074063
2093019022,0.21661196052616227
2502453430,0.21634607792410926
1439456073,0.21620210978721577
2499247624,0.21611602069850752
1434419811,0.2160129681252445
2501149044,0.21543741488798876
1434307661,0.21523428861178417
1434492110,0.21463027926996425
1879798434,0.21438730826956504
2091968752,0.2143855372246813
1427603034,0.2142937992990247
1931616044,0.2142116729320105
2092925991,0.21408960850394126
1932528487,0.2139771972733946
2095349422,0.21382270009088944
2502465040,0.21373358377389962
1931667907,0.21354834701399608
1929313661,0.2134901144450351
1932434035,0.21297490185743945
1932651784,0.21254488815070896
2503469850,0.21245896653878443
1434025824,0.21235684385976877
2093943487,0.21202878624125832
1930209471,0.21161245481066893
1434056841,0.21078798496085016
2499412972,0.21069667266035053
2502073675,0.21066724433137263
2093942435,0.21056282288242967
1880431174,0.21053646162364836
2499533087,0.21047969167705896
2501165172,0.2103179849391885
1434053521,0.20992616654623408
1879832175,0.20954433254268467
1439558741,0.2092768751973142
2500580865,0.20918776204124231
2501558950,0.2084933701879279
1932499902,0.20777079744637
2502706423,0.20753822524931453
1930950261,0.20738961710028664
1930180307,0.20722284903443583
1931013184,0.20689665789752987
1434681592,0.2068762068068884
2092942010,0.2061510765821791
1880437117,0.20612466346546418
1433817424,0.20609854936790462
2502021250,0.205742088076142
1931646514,0.20537716597159705
1932505922,0.20533032024981368
2092034780,0.20527792894658356
1879823515,0.20512059831498813
1932435117,0.20498995888583216
2092776444,0.20485192475480649
1433653180,0.20471402512451592
1427778110,0.20462789510914148
1879128247,0.20431997444660321
1930994640,0.20420765962612916
2091969220,0.2039547389104142
1879848425,0.2038843117889022
1879859157,0.20377187041765857
2093050347,0.20346080260935095
2093955515,0.20343449808570757
2092057382,0.20331098887434246
2500774780,0.20329890277809165
1427823420,0.20281437809648883
2095344835,0.2025124499449339
2093070470,0.20250651277700643
1880504282,0.2025040402119746
1932584077,0.20226125491474287
1932616481,0.20187270935158594
1434103644,0.20186828812966764
2092986322,0.20184119982412008
1433469242,0.20140430987827776
1433416121,0.20126725714273802
1879148865,0.20117216286243692
1434682201,0.20100557253703089
1433876622,0.20078094658052387
1878592112,0.20051233264238502
2503810090,0.2001718785437379
2094634373,0.20015201223031254
1931024295,0.19997858097780868
2094659371,0.19996472830673673
2501610264,0.19961991357405873
1931655571,0.19937403469830314
1932465310,0.1992167237775333
1434434457,0.1989035438518538
1439625305,0.19857917521874352
1433428644,0.1985351515299374
1433215493,0.19834101778043203
1433135582,0.19818197068873167
1434170697,0.1980400055054582
2502237927,0.19731413223269584
2501849394,0.19724390864194252
1879799467,0.19722887207384987
2094677365,0.1971298506231181
1932603692,0.19709392447521398
1932639421,0.1970640084323244
2092790137,0.19679215756269405
1439375430,0.19661116068939335
1879156962,0.19630482797341342
1880427971,0.1962061507229857
2501698604,0.19587707068749913
1933513673,0.19555228119936263
2092028602,0.19538987429660437
1930249050,0.19504049011756344
1879161394,0.19495459210563998
2499645421,0.19429257889344476
2500161752,0.19384102987979965
1434256870,0.1938249568477975
2092787927,0.1937802226962092
1433545233,0.1936610005266266
2502092437,0.19344198177160818
2499860350,0.1933861598804959
1879811190,0.19332057143323442
1879847140,0.19294766524372728
2093071285,0.1929295578980783
2093895642,0.19261947002454333
1930215645,0.19260118487588312
2093950760,0.19248243094892203
2092817835,0.19191787768472102
1879843121,0.19184059256390362
2503469327,0.19134135277786143
2502089410,0.19122842059145295
2092956663,0.1910617387446732
1434370320,0.19101814214226376
1433091910,0.19094469431631747
2501232520,0.1909011191046968
1930204877,0.190817383130282
1879912515,0.19072854779208023
2096243060,0.190566957381682
2093936937,0.19055914913867888
1931646127,0.19042752115704706
1932653043,0.1904057698195441
2499218462,0.19040048245924288
1933497437,0.18975198929065512
1930944447,0.18921296754924388
2500522135,0.18916409173188964
1930216771,0.1891583063834456
1879903894,0.18910841397751743
2093872135,0.18894221885249293
1879133713,0.1884760134897563
2095476430,0.18842525205477945
2095430460,0.18767635102517832
2095468952,0.18753790461327857
2091236781,0.1873134194955149
2502353873,0.1872557250686726
1427733824,0.18704988030832514
1433453934,0.18704019492970608
1434528151,0.18679379872335236
2092802794,0.18650276700104562
1932543735,0.18644115448055293
2499301170,0.18643478237856087
2095447640,0.18641873482802732
2502022563,0.18617334645593991
2500957827,0.18554880422177172
2501068090,0.18550930894752657
1879881704,0.185305625011246
2095354125,0.184427794733575
1880519952,0.18401730300149682
2092065617,0.18328970144958465
2502026814,0.18311443089867818
2092887923,0.18303693053718623
1878592497,0.1826638718898887
1878587655,0.1824776976085309
2503117425,0.18246551383760717
2096238157,0.18223913702875222
2092902285,0.1821590439603918
2091973345,0.18199815106813338
1878577927,0.18187967277730277
2501075082,0.18130857852072843
2503889531,0.18122071449505472
2500682675,0.18119340021885788
2092002621,0.18095704369148152
1879244523,0.1809560748474684
1432938931,0.18084630402480176
2500514000,0.1807422300073211
2500819390,0.18058383193798616
1879241163,0.18049395371946023
1432655664,0.18032172201242516
1434527732,0.1800284693383037
2094671105,0.17975078918432164
2503815403,0.1796461982631779
2501857814,0.17931862467361198
1879865887,0.1791228532562414
1878578683,0.17905545469429043
2091271812,0.17863315311236286
1879822735,0.17854255128886687
1934313081,0.17842840866009807
2500725931,0.17813691630545547
1432645435,0.17805103569445596
1434223700,0.17797763396063696
1433605720,0.17796443420207975
1879843593,0.1776572614388281
1930190197,0.17764232753676243
2091981394,0.17751638177986184
1879804595,0.17751631784557553
2499674857,0.17734544665473717
2500147711,0.17725880683746875
1929307921,0.1772145926349969
2502567325,0.17698528230031366
1433595587,0.1769143059799929
2503175015,0.17686746120562014
2503769820,0.17685727038608018
2503345752,0.17670538541164973
1932529017,0.1764640230444578
2092847721,0.17630583857861593
2500688014,0.1762492265625995
1933538050,0.17598279396636377
1433210013,0.17556594772842643
1439558282,0.17554972173008168
2500973460,0.17539156170315906
2502024915,0.1751948838820055
1427617877,0.1749458890801882
2092063834,0.17478908276360208
1880497214,0.17461963071062003
1879171703,0.17420926504859427
2092932207,0.1738735115078221
1434490112,0.1737779237901144
1439503732,0.17377208990486798
1433485577,0.17372858241335626
2501529640,0.17363540387267806
1434173303,0.17351751747450167
2092067604,0.17277274115890257
1933574671,0.1719982398413887
2499428540,0.17181268217798906
2093907865,0.17173054990896558
1427772955,0.17147707272616652
2095373041,0.17140328683729522
1433323862,0.1708877898360364
1434475192,0.17055015110412963
2094570007,0.16956032445549743
1879912115,0.16949924709183892
1930137325,0.16932995194622052
2502005027,0.1691834637941183
2093051931,0.16910041842555207
1879172363,0.16905794298917526
2499503285,0.16863017650368353
2503278492,0.16825509610077916
2502148720,0.16814921559761584
1434454671,0.16796855313185977
1434465884,0.1677864934627915
2499269440,0.1674377180930885
1879826137,0.16714912579788216
1434746781,0.16714066608877598
2503719755,0.16709934373776922
2499294700,0.16657259785240405
1433648293,0.16631627880212776
1880540274,0.16570038767750095
1931026877,0.16533777893658452
2095493951,0.1651366411082605
2502547051,0.164694740837061
1879827145,0.16463779291486721
2503187662,0.16435369986514786
1879803764,0.16428190911455956
2096227133,0.16425782840729258
2502368457,0.16377192422473988
2499739313,0.16376536230768166
2503647720,0.1635582328258773
1879905425,0.16335205174333473
2091266807,0.16290306475559643
2501233234,0.16252985240927434
2499289927,0.16236969571937504
1932493667,0.16235152545168213
2502935580,0.16218993379055274
2500487107,0.16217245497351002
1932451642,0.16200291279421514
1433818842,0.16193520742797177
1879876034,0.16098490206528226
1427763725,0.1608987524112958
2501760072,0.16084005363772896
2095389374,0.1606771701390138
2500145240,0.16018835237684687
2502041342,0.16010731053728902
2499463584,0.16006616426246828
2091253160,0.15964439180753034
1432854021,0.15933282660484227
1434409692,0.1593135903640331
1880433261,0.1586364999968772
2499817550,0.15851847819582665
1932493733,0.1580718358729534
1934298784,0.15805761656773482
1427718637,0.15793283144982326
2500910092,0.15715605960632237
2503193011,0.1571401617770827
1880525774,0.15699601623204182
1879842345,0.15568104676181907
2093081852,0.15558860830217247
2501801972,0.1553757209386376
2095337601,0.15477038903201065
2091258865,0.15464272250891561
2499535077,0.15438335029377093
1879217553,0.15433065630088177
1932482165,0.15432234262056777
1427756644,0.15411893443767308
1930152110,0.1540826806721533
2503058232,0.1539555115644504
1432614015,0.1535675318827186
2091200190,0.15337211094152237
1427799307,0.15264122121906412
1879235833,0.15236307434419494
2500876904,0.15227147841612448
2091261752,0.15218274894141492
2092034272,0.1514358386234547
2093092247,0.15127694307699507
2091197675,0.151199083277521
1879829492,0.15107546185866436
2092832314,0.15091435927501884
2502788671,0.15087610798114995
2500585022,0.1504976406112419
2092870905,0.15041737359921392
1434740355,0.15026854440010542
1932516703,0.14971473532043716
2499213580,0.14944797385024014
1433219794,0.1493212799372443
1931689031,0.1491875819981297
2502575757,0.14881863469306292
2500389553,0.14857494607512983
1933598391,0.14818367646841646
2095379051,0.1480546117250267
1930156691,0.14793575793210437
1879884032,0.14773756235773192
2501378220,0.14770482203853869
1934315214,0.14763367404860134
1880518477,0.14743437853784946
2502662673,0.1470058666008442
2500852682,0.14687439253004259
2500767104,0.14676891814223164
2501960571,0.14668305349771307
2501307115,0.14609811036693474
1879209727,0.1460440561845735
2092019887,0.1459673046536856
2500114681,0.14555352699006446
1879138105,0.14544576367786918
1879811951,0.14514154178097427
2095378004,0.14510067235783203
2095448302,0.14487112861635026
1930217913,0.14366630635781155
1931674885,0.143560316547297
2499614332,0.1433633660307509
2499331070,0.14321349912850512
1879132660,0.1430201513069568
1434670014,0.14293067028374318
1931013474,0.14260974250068315
1879857292,0.1424726467168225
1933546200,0.1421074261606099
2502773247,0.14192039357202235
2501091467,0.14190602183101325
2501947111,0.1417879473556456
2502675917,0.14150809436789907
2499577440,0.14115874139208498
2092930844,0.14101265978564476
2092832452,0.14097201331984216
2499806153,0.1408513395397859
2502049552,0.14052212108554496
1434371363,0.14037241157886363
2091229303,0.14016960746906543
2502945472,0.14002688965560162
2503750192,0.13989752676130224
2093089071,0.13979280362677032
2503692124,0.13951893865317327
2091202565,0.1393647479348358
2501497002,0.13882452095284836
2500215957,0.13830249766929603
1434271175,0.138085701754307
2501428564,0.13803523372576143
1879172645,0.13772299343508
2092763127,0.1376764840430313
2096222114,0.13757006042422723
2095391001,0.1367299148457893
1930938195,0.13664536928201032
2096266562,0.13653336293828772
2094642871,0.13560799936229628
2503547500,0.1348983750136997
2500446523,0.13438343657237567
2095348484,0.1338253086210854
2501007541,0.1331223526533313
2092926083,0.13303895037502456
2501446557,0.13296852692072672
1439333891,0.13296584488965502
1932532430,0.1326309953808414
2500139662,0.13238591910193515
2501848827,0.1319912174017474
2503420091,0.13182460592749695
1930245727,0.1315707605085517
2500945574,0.1315584332258029
1931645105,0.13149478340442655
2095395451,0.13128216678288146
2093980440,0.13052761151033987
2094638767,0.12990091580898083
1931643020,0.1295816315641041
1930241761,0.12930483552670632
2503325382,0.12868892219811637
2500234743,0.12847505735463108
1880480387,0.12845306969523165
2094569183,0.12845122371478568
1879126040,0.1280391638893205
2093984407,0.12797619051069187
2502468280,0.12789859498031023
2092882334,0.12772732976976547
2500896810,0.1274269704949465
2501275014,0.12741937400803788
2502914017,0.1268809621718346
2092066125,0.12665113843289033
2502030691,0.12664936201249988
2503110377,0.12615006600352882
1930935654,0.12593518619376978
2092792555,0.12579315530025642
1933515570,0.12563299271782039
2503354812,0.12483888481404097
2095456105,0.12458154571849253
2500922980,0.1241009299702651
1878595455,0.12406400968250099
2092959164,0.12318644983096202
2502154492,0.12263225853335555
2500238875,0.12224407250820664
1932652601,0.12216296172221622
2502430597,0.12163631010142129
2095429191,0.12029224896733297
2500739710,0.11986223306345327
2499565314,0.11966970241201536
2501592432,0.11924828113840782
2092769611,0.1176025423416726
2499258051,0.11740162488534531
2093943435,0.1171341130374138
2502859782,0.11678082453593489
2093040804,0.11542592626612852
2501861542,0.11507135797565862
2502495952,0.114666823630893
2092794291,0.11412688484589315
2500971053,0.11388506026419709
2096220847,0.11313382773781358
2503901890,0.1127997720439148
2503254714,0.11248037351379533
1880451477,0.1121849768963249
2502096164,0.11195655506220228
1880512835,0.11180616255008244
1879905741,0.11169695252775375
2500862077,0.11123001923589387
2503768927,0.11080890495500068
1929310631,0.11068445493695497
2503520814,0.11029075122669216
2092008871,0.10985547747218018
2503056380,0.10983283617513202
2499240954,0.10974818648588906
2500308852,0.10974122116108409
2500224242,0.10944771332345031
2093907945,0.10860219423102606
2500910552,0.10702976661176403
2503186207,0.1060642206603323
1934297917,0.10604453924516717
2501465580,0.10588054386383766
1879201087,0.10452224648299577
2502235563,0.10262079547957163
2503846912,0.1001152644087483
2503671800,0.09996794623076997
2502049053,0.09847143366633085
2500383502,0.0982084696618161
2092892323,0.09813489943690824
2092838991,0.09727597928539718
2501576382,0.0966783754521841
2092953222,0.09537259306083416
2096237952,0.09354496206863731
2091224171,0.09116800918372088
2094609673,0.08686491105229471
2500128913,0.08529698670562999
2500972744,0.08299227825203669
2499785027,0.08288110889902904
2500456320,0.08271118496474858
1931597893,0.08251272203301861
2502372834,0.08203472977324786
2503030154,0.0791101411501937
