user count in community:728
Topic id:7,Representation:0.32597803011253673
Topic id:9,Representation:0.5324340398337757
userid,score
2502850787,0.4410779647615033
2501320521,0.441067322614229
2502280120,0.435701360222558
2502909394,0.4291440204105073
2096246351,0.42876087541711444
2095416123,0.42859926542885163
2500261152,0.4285945804164798
2502125414,0.42565472747902033
2503922437,0.42548842843577384
2503595342,0.42359250151381483
2499678904,0.4229805662908753
2501862952,0.4216605376251641
2500249442,0.42151187498032416
2501869350,0.4194504684664307
2503037367,0.41884406229916066
2502455647,0.41865159595955015
2500112881,0.4186308413847185
2092012817,0.4177619691961485
2501506624,0.41752057054424946
2503697704,0.4162910685340163
2502510552,0.41606723969779486
2096235440,0.4150547053139229
2502018002,0.41449169462614077
2502495632,0.41429732371462397
2502955270,0.41219787135104635
2502248924,0.41141627110394174
2092023305,0.4111443728377187
2501067452,0.41001252950526146
2094643512,0.4083085922638915
2092843623,0.4082651958631751
2499312354,0.40760963387573745
1933543481,0.40546739889344907
2501598005,0.40454688083416884
2503347380,0.4043139025158682
1931692703,0.4033565671933147
2500829892,0.40316809865242065
2502214751,0.40294209220462845
2092843825,0.40216160091689546
2092041250,0.4020006939534808
2499558370,0.4000368487076497
1933551953,0.3986722373539739
2503624493,0.39838146292417953
1931026657,0.3981454995311906
2091196781,0.3978336759495089
1931644244,0.39772742245719367
2093874080,0.39771370061528744
1932521605,0.39729719260225255
1933591622,0.39717303026652434
2096268410,0.3970456112673676
2500192753,0.3963616058191813
2092880315,0.39600975048364156
2094615725,0.3958675687000486
1931681182,0.3954625830828254
1931635160,0.395390019993356
1931007300,0.3950400672452157
2502260182,0.39482517311977827
1933552577,0.3944122288070069
2501647282,0.39381923069258634
2095439577,0.39352572126489493
1930993521,0.39308897794627534
2093058563,0.3927288113237065
2501438970,0.39246197064836025
2501247791,0.3924470237607801
1932512871,0.39208352514567485
1932544055,0.3907828350500564
1931695724,0.38905074190133465
1932528183,0.3889912421465088
1880456851,0.38892663489217155
2501164590,0.38844532541987653
2501639274,0.3882743776555368
1931017850,0.38760837093698164
1930170917,0.3860982460526032
1930245924,0.38534446180794346
1931603433,0.3848693696814032
1932501041,0.3843471030311573
1880435071,0.38376405759606025
1933539125,0.38321702064025737
1931643607,0.38301811384916484
1932481025,0.38262519787183574
2093875080,0.38261156404776875
1931007301,0.38252363896954167
2502212842,0.38219041807336235
1933529773,0.3815789632195963
1933525284,0.3810819703862407
1880505410,0.38074314611149984
1880490382,0.3803294660096049
1930215441,0.3800871099408172
2096226142,0.3799329044753589
1879223355,0.379278960812757
2091963181,0.37919375253407844
1930184464,0.37885214856592575
1879787132,0.37852185736205124
2501397475,0.3778891942472299
2091979883,0.37784523396737046
1933580592,0.37767201264046224
2094693872,0.37738476350812367
1933504941,0.377340135230619
1880482667,0.3772091932703046
2503113282,0.3770476146541521
1879130773,0.37679270732054193
2091955683,0.37635190755637893
1879782177,0.37633805795332165
2499227700,0.3761614296473371
1879791684,0.3758551581400907
2501079954,0.3756938298150587
1933505705,0.37542296617299625
1879167282,0.37535858759915014
1880453730,0.3753406167545633
1932635287,0.37499738932183124
1879145304,0.37495861142415937
1880441747,0.37479299259334964
1880438737,0.37475703945486294
2503721670,0.3745784805526985
1879910222,0.3745508925445923
2093064593,0.37302362698156705
1930999725,0.3727333681011719
2092983305,0.37265041028447665
1933496767,0.3722324942743187
1879232687,0.37190057663913056
1879135063,0.3718189757891439
2500102300,0.3716492796180673
1434067313,0.3715076803893436
1930185800,0.3709212234370442
1879828145,0.37084587795537927
1879810977,0.37081764654793936
2500845182,0.37080942306824516
1933571484,0.37070915463105947
1934319377,0.3705883204384949
1933508182,0.3704438580669788
1930948532,0.37029916556765036
1879191524,0.36987593224546444
1930964107,0.3692800777335977
2093014960,0.3687144175100923
1879124404,0.3686247928181236
1879789243,0.3684894007777136
1930946052,0.3682503138632303
1879132341,0.3680859123459618
2092786855,0.36733466560607175
2091195882,0.3667442888217601
1879867475,0.3666740803319646
1931676901,0.3666692851413931
1879190683,0.3663859421716762
1879821341,0.36630462814064146
2500949670,0.3661312279995386
1930162171,0.3660439072520585
2094632774,0.36572186569333
1933516382,0.3654727282121129
1879152222,0.3654025744672817
2096233354,0.3647995004644843
1930229084,0.36442084658677276
1930182033,0.3643244971662356
1879144040,0.3641136010537228
1930208400,0.3638567752606239
1879866594,0.3637250123632441
2092080231,0.363625179433304
1878600102,0.36343856124752005
1930933862,0.36338697451298807
2499699754,0.3633384261463569
1879861654,0.3619650967121842
2499727654,0.3618402176723598
1878589902,0.36179494597698236
1879216820,0.36168380612533324
1931692911,0.3607185628060941
2499419362,0.36060899934641727
1879132554,0.3603248293828282
2502798614,0.3602976957669503
1880518952,0.36021568367615553
1879184891,0.36007500412925164
2501706190,0.35953070050086927
1879158780,0.3594677159359804
1931608205,0.35945919297837775
1879840390,0.3592103912967459
2499859982,0.3591716087958232
1931612277,0.35916436981443733
2093890502,0.35884727294548857
2503825925,0.3587544161857774
1930228875,0.3586601031406829
1930158577,0.3581373395914673
2092983405,0.35799924287698215
2093048603,0.3577562668648241
1930185404,0.3574912825868005
1879192224,0.35712214918160956
1931022071,0.3569882373248004
2503316200,0.35696642433323017
1879187927,0.3569354476320664
1879142951,0.35673611968721175
1879152354,0.35637507650975286
1880482500,0.3562681475905096
1879884332,0.35622437803070545
2091261983,0.3559171566279289
2092759867,0.35589656257463914
1880441582,0.355890536214501
1879886022,0.3558521587134273
2501332462,0.3558170919100576
2499252610,0.3558156039363974
1879167284,0.3556613716440373
1879217884,0.35497973627690355
1930190333,0.35487753755273477
1878603930,0.35480152038662904
1433536422,0.3543800040297128
1433773952,0.35404744059873655
1879159204,0.3540313632160112
1930962165,0.35398043703619086
2499337394,0.35378709371752565
1879159682,0.35358443449429894
2091217625,0.35350776949785356
1879829814,0.3527823927618774
1930160965,0.3525096892037949
1879819834,0.35227812837224326
1879822043,0.35210524559583395
1932513987,0.3520770063849211
1880455751,0.3520443027506553
1879893372,0.3516661238310403
2503560890,0.3514729157107167
1879879900,0.35130266410121824
1433730670,0.3509984649127034
1879810105,0.35077509659974826
2499852404,0.35070770571642984
1933499583,0.3499788813612985
2092820791,0.34992651250126416
1880438121,0.34926804814687545
1879794433,0.34895118227276634
1439661151,0.34848096592403577
1878581697,0.34841725868334117
1932480673,0.3478986528262458
1880495925,0.3478735178190433
1930939512,0.34772774911845294
1880495581,0.3474740166048897
1931631153,0.34726721387035925
1931007702,0.3470587388290556
1930169233,0.347021372132244
2500990120,0.34699348566078525
2502946162,0.3466991485580717
1930195304,0.3466889026594097
1880515873,0.3464948890165056
1879829054,0.3463345098595421
1930179873,0.34551247396565193
2502172155,0.345473580436334
1433177705,0.34526219958330234
1880437670,0.3448205001787686
2501807622,0.3442527309592806
1878593253,0.34419361251682246
1931695010,0.3438311287733272
1439384105,0.3437293232887267
2092055212,0.34351708478863585
1879131951,0.34321659310620917
2503663570,0.3422411715765407
1879226900,0.34192169721688975
1934298125,0.34182689837901686
2096189110,0.3414422722400906
2091268201,0.34143677143712325
2092836400,0.341414887759389
1878603672,0.3408646870172187
1931645525,0.3406113350073104
2503068864,0.34050177041306423
2501820164,0.34046393401481884
1880472362,0.340389074629646
1879809500,0.34030428128240825
2094589934,0.34024087722891133
2501976375,0.34022451271152737
1932609614,0.3400475244666318
1880447343,0.33970387133602636
2092028927,0.3396288250307379
1930981623,0.3396195144668962
1880476691,0.33947135085419555
2091955927,0.33920309397659154
2093940752,0.33891437120602386
2093976291,0.3389032810003914
2092900830,0.3387138173258297
1930987564,0.33852841689498564
2500134894,0.33852544530274326
1933577854,0.3382584904578549
2502967742,0.33789811960034194
1930985172,0.33757215213649544
1879160037,0.3369585378463866
2091202082,0.33690906066199816
2095353882,0.3368165399832009
2499313470,0.3367318851010401
1930200275,0.33618266465912006
1930213147,0.33600369567817967
1879206624,0.33568220001031257
1931016713,0.33531672790354605
2092781454,0.3352412667873492
1932487255,0.3352410987484562
1880501860,0.33508005538006513
2500864964,0.334745003004099
1930203735,0.334573193976995
1879130027,0.334235762527794
1933514340,0.3340275162727996
2092900257,0.3339241377838239
1930159475,0.3338512945633326
1930184022,0.3336513039642718
2096225232,0.333613981856314
2499571614,0.33338039027580824
2503678080,0.3333436089399888
1879787604,0.33329953996754325
1879203007,0.33293607091059196
1931631517,0.33262160700099286
2092991924,0.33216693617180937
1932493351,0.33192077623607574
1931004287,0.33167729321533623
1932544014,0.3316034470478135
1933524865,0.3311516271824854
1880512234,0.33062196409199346
1931597402,0.3299178760467117
2500961214,0.3298495419423841
2096217024,0.3294948301371012
2095382490,0.3293644899132958
1930178401,0.32900053802863627
1879889292,0.328931026728593
2092042382,0.3287810607696242
1434707841,0.3287662316102869
2094578404,0.3287539076387026
1930963487,0.32874361410217745
2092016344,0.32873137741664843
1879134702,0.3286994434351065
1930955110,0.3285171398770923
1933520211,0.3283605436503906
1879189505,0.3283302455191592
1879868954,0.3276845510435556
1879883554,0.3276798593477799
1433449762,0.32652753796854184
1880495980,0.3262517974439378
2091233253,0.32585407905056535
2499670200,0.32581617496029447
1878600022,0.3256439293461374
2500269110,0.3254112100674575
1880445802,0.32533913337212467
2093954281,0.32525080672243717
2092980850,0.32501329341928265
1931695465,0.3248060719589306
2093881132,0.3246440988816046
1434320270,0.3238922990654521
1879824254,0.3235748372714512
1879807693,0.3235051082253565
1879833773,0.3234613355764615
1931665515,0.3234306145663163
2092797045,0.32338566312849015
1930164563,0.3233754184700702
2503730944,0.32335002157670917
2093016204,0.3231570718972628
1931588945,0.32300037458839664
1930969647,0.3229433069125335
2093875633,0.32289634265274036
2499616520,0.32251633920965594
1932515814,0.322275453030498
1879837335,0.32219570830071204
1932562641,0.3220546107466566
1931013615,0.32195905823202897
1931589911,0.32189824494854224
2095488680,0.321816496371678
1933563930,0.32151896543530895
1930192287,0.3203668825746892
1931686017,0.3200310636881655
1879161364,0.31999843095130437
2092088124,0.3199671756649641
1930955163,0.31975730592489604
1880507192,0.31969257548378804
2499372704,0.31943809403488843
1433350923,0.3193720114472729
1878587424,0.3191702486420979
1933555927,0.318736741859268
1880483383,0.31870495887347994
1930188773,0.31807192800447154
1879870751,0.3177710798355697
2091246095,0.3176911801170862
1932496987,0.3173441690808424
2503387512,0.31661964244393936
2093853430,0.3164252054877941
1879796211,0.31621473165495534
1880479014,0.3159293806473775
1931013371,0.3157782802846456
2094641604,0.3156015581248467
1880445302,0.3153587005608457
1930993201,0.3153364822758198
2501467152,0.31519381068566993
2501387331,0.31506626846495844
1931653711,0.31462814108821197
1879191175,0.3145755083330111
1930981344,0.3145474439806845
2502519273,0.3134406425563273
2092845101,0.3132543726101101
2092079667,0.31307690391898485
1934310327,0.3130499912946778
1931637965,0.3127634143499284
2091980637,0.31274151262807137
1879850912,0.3124754427907781
2502151372,0.31245545808978126
1432615223,0.312361192990412
2093853084,0.31227891222630355
1929308284,0.3115589818257083
1879185201,0.31151406595978504
2092040421,0.31085770403342183
1879135974,0.31072752216619515
1879144233,0.3101022003117407
2503781934,0.3097003262644139
1439559653,0.30913836985289855
1932537842,0.3075875129393445
2092002471,0.3070562169632538
1880476214,0.3063136142486934
1879783334,0.3056241841458093
1931029115,0.30529704367973365
1933536933,0.3051998291837538
1879128485,0.305040438598605
1434027090,0.3048489540069664
1930973615,0.3048330744401576
1879241347,0.3041751493698792
1432717803,0.30416172137118713
1931687151,0.30375478178554965
1879165642,0.30351729298911523
2091190935,0.3034873468449782
2501935887,0.30343342456374706
1879168322,0.3032852410240798
1879788654,0.3031272401532778
1879126680,0.30120410750478416
1434058297,0.30113421470443336
1931682197,0.3003712273086831
1931695922,0.299725948090986
1879128362,0.29960175143240364
2096210800,0.29946489184241876
1879125257,0.2994014886118481
2502655892,0.29907780094114783
1880500922,0.29873838378424844
1880476657,0.2984716642317362
1879906454,0.29575135339053177
1933535043,0.29538794187693385
2092757155,0.2946047493730868
2091251351,0.2945940028073107
1934316595,0.29455221521235114
2091241523,0.2941303172491948
2501573235,0.2927328867882629
1879868464,0.29210333086489276
2501903510,0.2918993154668635
2092799887,0.2916710075288056
2499689910,0.2910912511857976
1434101331,0.2906786930907038
1878576931,0.29040747555754265
2499398920,0.2903988238943692
1879769624,0.290360095346264
1879778165,0.2903085254266493
2095419604,0.29023841210556045
1434644694,0.2898874218784281
1433066175,0.28919334315932865
2500173540,0.28914765017232824
2503801560,0.28882948857327956
2092796927,0.2886035388637242
1930986447,0.2880017518771121
1933572800,0.28773992825472067
1880483890,0.28761378619771805
1931653523,0.28726660804305176
2501192554,0.28694233348776316
2091254467,0.28650313861359017
1879859300,0.28637568636075494
2091288401,0.2863073645403772
1433540682,0.2862713817703685
2500566270,0.2861897983146255
2499627434,0.28612503831582425
2499278381,0.2861163014788747
2499401532,0.28559572601252536
2094628457,0.2850931925173862
1433212563,0.2850277853551063
2500857874,0.2845169643830172
1932602591,0.2842662176742007
2501084820,0.2842544517231385
1880425714,0.28352468088404115
1879222304,0.2832457664514599
1879242840,0.28320718602340034
1933545592,0.2822143072875529
1880439531,0.281712595209776
1427784422,0.2812744052041561
1879163690,0.2812046886378581
1878600095,0.2810450987238203
1879157655,0.28092016615981064
1930986005,0.2799917252905514
1880489170,0.2796930843889809
1934296573,0.2795562420906432
2091961241,0.27934663572200424
1932615813,0.2792156865251835
2092834967,0.27891102936006235
2499762930,0.2782866746395103
1932591132,0.27797926046486243
1879215667,0.2777700233457176
1880448182,0.27604742636951085
1930170175,0.27540419768736757
2092014043,0.2752882701416299
2500108750,0.2746254062102518
2502479894,0.2746193412419751
2093975642,0.27450770392685275
1933516945,0.2743597920201423
2500742460,0.27431429971737525
1879152674,0.2743138837982558
1879784384,0.2730497591920873
1934324004,0.27293326042906985
2092009734,0.2727724355285018
2092766434,0.27221593576618475
1930166017,0.27070861856586986
2091257375,0.27065274912807324
1932451173,0.27020919083425066
1930937163,0.26994452586519535
2093864801,0.2698319560369668
1879177922,0.2695493157541464
1878598662,0.26886124104252196
2092035125,0.2688362465001333
2096192761,0.26879913418500934
2501037764,0.26787084528872196
1433535571,0.2673684132277441
2502580220,0.2671053821598428
2093880161,0.2670711172272937
2501313312,0.2667849874522248
2501492133,0.2665537969882352
1879195522,0.2663463866524778
2503317670,0.2662911466923712
2501771443,0.26551330991432537
1931625193,0.26550493273412645
1879240034,0.26503952277044474
1930983107,0.26502976552147045
2503628434,0.26380445357758653
2500636463,0.2635322361252781
2092035013,0.2629824167817557
2095409990,0.26260237659766894
2091226041,0.262063024724272
2500395267,0.2614163038425078
1930181673,0.261407727194625
1932637481,0.2613795413832433
1933549537,0.26092430601904026
1879202903,0.26078205853199177
1879857592,0.2604255248662128
1879803447,0.2599987027311033
1879858492,0.2591891657502097
2503614080,0.25904815786081103
1933546087,0.25833318022717316
2501733850,0.2576937796878138
2094593862,0.25750595899577106
2094649562,0.25747897280398874
1934307130,0.2558751574054125
1879884063,0.25529204779819675
2502943922,0.25509730123948765
2499331600,0.2550284307966476
2501105680,0.25459136478711863
2091963423,0.25454526056031207
2501822534,0.25413379870932645
1930180411,0.2532472229790499
2501023050,0.25274404802044875
1879235807,0.2516826933961325
2501634180,0.2515338148780158
1439489482,0.2512987473276116
2501097014,0.2512794415245212
1932529424,0.2499171503639497
1933530363,0.24944589645255644
2501332567,0.24933344930351192
2502400832,0.24867521105264873
2500431790,0.2484413231174462
2502329427,0.2482092390701449
1933595357,0.24743769096898022
2093882975,0.24679509699262242
2092956573,0.24672251276762833
1879214934,0.24625797021134493
2092004764,0.24610390028721466
1878598725,0.24572104963471425
2095397854,0.24563063847807926
2092866564,0.24544328210524236
2500289942,0.24497423570927362
2500461237,0.24403128189607654
1930964742,0.24385275388257666
1932495682,0.24251159556916135
2501997684,0.2424210308271763
1930216093,0.24184065557477108
2502485223,0.24168478721832215
2091993497,0.2408806245118654
2500252480,0.24036024085968843
1930974137,0.23761001956031397
1434688680,0.23726590934262445
2499278701,0.236817077261249
1879871287,0.2366841404616855
2501739170,0.23596926483539338
2501313393,0.23580151034571797
2503874871,0.23531961756517794
1879244874,0.23413905095049953
1930166371,0.2340252916346873
1930144851,0.23379721840924628
1879888574,0.2333022130597993
2503181132,0.2331311567737206
1930969745,0.23239552421900472
1879241994,0.23235115910731693
1879141271,0.23228883233227948
1933509027,0.23177103636160198
1879835964,0.23153248020142222
2094692403,0.2314077793507348
2094662201,0.23123002750142002
1930939385,0.2308236846336213
2501600154,0.23064501722943453
1879874324,0.23047829762516808
1933561047,0.22988356545207264
1880464601,0.22873479319308365
2502759577,0.2281114735968773
2501849684,0.22693818112257091
2500981702,0.22691782400345037
2094580687,0.22677719306049415
2093953313,0.22657897848647018
2091971523,0.22463546771979515
2095468692,0.22431851716092938
1930148717,0.2241263989743387
2092054787,0.22336853760641368
1934320245,0.22117729771378147
2501372450,0.22089398992522963
1930170303,0.22050497360194315
2503875614,0.22012925555294013
1930935605,0.2196291584971964
2499617080,0.21892192575965982
2502485307,0.21881224503718735
1879787230,0.2186107987729472
2092848593,0.2174752838862367
2501360132,0.21746839196913936
2500185892,0.21609781320983854
2501396690,0.21598782480405676
1931695603,0.21585948497954166
2499225250,0.2157060702020573
1433560262,0.21501555771463582
2092081557,0.2139479488342141
1932625971,0.2134151251549729
2502026574,0.2121311497036228
1932503285,0.2119183821008716
1879854952,0.21170608357350154
2503480364,0.21146123892894847
2091973917,0.2113777859654511
1930160675,0.21054694648897088
1434276055,0.21025839188908516
2502189602,0.21022309854570076
2092846763,0.21005042941764973
1931670162,0.20970339753963246
2092856491,0.20946869934312712
2092921521,0.2086258011565085
2499598291,0.20853681677183622
2503718362,0.20713750442337586
2092037605,0.20680423585059426
2501208250,0.2067613193665778
2095342650,0.2062989320687691
1930137001,0.20591932579466055
2502559843,0.20583769767638732
2093087693,0.20572088327365867
2502046457,0.20566978394128177
1931644251,0.20500785989805742
2503885802,0.20443397469148056
2095353392,0.20434750574408966
1880485512,0.20358259009982282
1934297453,0.2029221669267717
2095406634,0.2023114095257087
1933539210,0.2009510940609363
1879825792,0.20020919813456844
2502493942,0.20012061196490094
2093023244,0.20000172249108072
2094574934,0.19997491985222
2501984814,0.1995446664470669
1879820652,0.19916234377060466
2094622793,0.19797739656961644
1931594057,0.19763033863420273
2502911064,0.19696027474523525
2502550090,0.19668102488422728
2502420660,0.1965837599134607
1434396997,0.19491262016420563
2096260444,0.194887735585393
2499232910,0.19456873472609032
2095353173,0.19411557637756527
2499886002,0.19401588309727733
2092011654,0.19377137967316158
2501137482,0.19324470034852423
2501972181,0.1928343473916742
2095355493,0.19281556472900052
2499702803,0.19019061977992757
2091260015,0.1893335589326629
1439534114,0.18922956317022677
1879823051,0.1884579578447048
2093045167,0.1880532210988817
2095441474,0.18753009700711043
2093854050,0.18707479839636595
2091222152,0.18697549049252027
2091980411,0.18637350816835907
1880510250,0.18414400957579258
2093093094,0.18292400953686722
1930202531,0.1826522848607144
2092833410,0.1823229631039502
1879806622,0.18052414254150068
1931614960,0.18039771008980648
2499752952,0.17958014500660452
2499416443,0.17888439776396925
1932518294,0.1788318621286647
2095453584,0.178818275692495
2499327250,0.1782965920738624
2499894410,0.17809411398733616
2499593254,0.17763930762367866
1930987015,0.17315939780448183
2095440244,0.17184603999480336
2500594534,0.17165383163160355
2093882642,0.17138266297253096
2501735680,0.1712901775258608
1931688383,0.17124144724862161
2499780760,0.1704179236122253
1931639655,0.1687915285940974
2095376487,0.16394600529600653
2091246527,0.16361614840193062
2500283183,0.1626520805761325
2094565175,0.15863820049056185
2092026823,0.15778267012363573
2503706070,0.15435689436350736
2502091300,0.1523388588755658
2503069673,0.1499137408073612
2093071201,0.14919821457927673
2093897572,0.14527307503898235
2502524632,0.14445136227316238
1879878382,0.14436286367870793
2502736185,0.142188339654795
2499619937,0.14173917420306614
2500597742,0.14074966282254103
2501083502,0.135654504657913
1879231327,0.1355198426910299
1933495237,0.13443472733517053
1880533134,0.13407523954895126
2091231384,0.1323361632480989
2096201335,0.1273086534969442
1933504091,0.11814874148521634
2503471987,0.11639151970032333
2501008625,0.11119247832642272
1930930971,0.10560572420260995
2502718800,0.10529420618973974
2499346223,0.10160503250452421
1934307703,0.1009013104950863
2095365521,0.10074898881797827
2502397640,0.09254978189900125
