user count in community:3009
Topic id:9,Representation:0.7402313108613092
userid,score
2499303891,0.74293175653225
2499212230,0.7227311288856845
2503615694,0.6424896535975065
2503383480,0.6373174312237869
2501655084,0.6352729836271199
2502822742,0.6336007241888144
2502316690,0.6312147976796887
2503738814,0.6287885978640109
2502054835,0.6267725498578299
2503789574,0.6245020580310167
2500212710,0.6185576373131129
2096238664,0.6177073505245625
2501580822,0.6175785460497545
2502972784,0.6158366630768084
2503401552,0.6153372227859356
2096218634,0.6131865571717465
2502668812,0.6129675481543048
2502462454,0.6088342217902977
2501886235,0.6081331481505926
2501353714,0.6065790590483133
2501616304,0.6063251848458211
2501209342,0.6061149659047562
2502438443,0.6061083661440031
2500206542,0.6053500069448197
2500155602,0.6049507574931158
2503846183,0.6047018388088794
2502471393,0.6040998489156473
2502178591,0.6040258959530572
2503847682,0.6035130526114686
2094646635,0.6029329640115834
2094644051,0.6028771490629072
2096207992,0.6024854563704778
2501384551,0.6014970636977689
2501524180,0.6013293642836661
2092824144,0.6009579323292323
2094698452,0.600331242504008
2093900827,0.6001570580391625
2502892431,0.5998324397058296
2096262830,0.5994909789244552
2501037812,0.599260151672062
2092768147,0.5990131652999531
2503131957,0.5985105298247608
2094651713,0.5981244270197423
2499895204,0.5973620194739727
2094641523,0.5965990525198704
2094685961,0.5965726779287769
2095406713,0.5959192074597365
2501783424,0.5947298566113031
2499278570,0.5944524022655062
2501698365,0.5943372949105484
2093967037,0.5937001817421943
2091252947,0.5932751622789537
2091977392,0.5925476234405926
2091191752,0.5923073669088526
2093954513,0.592139415056009
2091984891,0.5916893491717624
2095378413,0.591382776485702
2093967510,0.5912824332316471
2499646840,0.5908855382262893
1933528515,0.5907813013759768
2093853633,0.5899145777080421
2096185777,0.5890284387142981
2501496503,0.5886975852606042
2095424613,0.5880926485967406
2501282453,0.5874775949819012
2499488247,0.5871590785261556
2091963161,0.5870400249131799
2501607020,0.5869695562695894
1933501672,0.5866168841711292
2091237372,0.5864156000179407
1932541573,0.5862520491986644
2094577274,0.5858086284148545
2091204291,0.5856568351160361
2096218723,0.5855477328393799
2092846992,0.5853547656609528
2095406881,0.5851752133424353
2092852901,0.5851585569414226
2096259843,0.5848151557694932
2499601602,0.584675834137723
1932456487,0.584280168214453
2092884813,0.584094274391021
2092775401,0.5838807486264839
2091246714,0.5837472494995212
2092951285,0.5834884723024745
2094639977,0.5832583576066965
1932450391,0.583134013331556
2092995194,0.5826796668462135
1932427615,0.5824580285079909
1931620197,0.582325800393459
1931024783,0.5807185825760286
1933590363,0.5802548262243262
2091962443,0.5794750178925887
2093906730,0.579181762640607
1931008083,0.5791107910824344
1930982315,0.5790375840971674
2499266922,0.5784294066739272
2500178713,0.5784190695997207
2091995703,0.5779864696292195
2091969387,0.5779109126724318
2092780115,0.5778856416559089
2093959901,0.5776433655937612
1930253957,0.5772460323794437
2091256597,0.5771124105685405
2093919727,0.5768523138663447
1933491755,0.5762289011302917
2092775851,0.5761623599609188
1931686391,0.5754290702656835
2092038275,0.5754196312117481
2502503880,0.5751636455336222
1930198160,0.5749521839381881
1933549843,0.5747196439769326
1933560215,0.5745427604829954
1932549361,0.5745017247609798
1932457627,0.5744682441788758
2499718200,0.5743311440793366
2092963791,0.5737106254799557
2091955322,0.5733543586355898
1932568343,0.5731846073009347
1931677815,0.5731319973093737
1931640457,0.5730999967821729
2095463592,0.5724108824723176
2500922010,0.5723321300398737
2502895320,0.5716307949958336
1930138403,0.5713187939968102
1930971255,0.5711377653258288
2499205517,0.5708599954940374
1932556065,0.570773439013549
1932500584,0.5705513888496084
2092083621,0.5705397351293595
2096202780,0.5703997431460828
2502053444,0.5703838414815601
2092995855,0.5699020021177169
2093083712,0.5693462318690526
1933503817,0.569272406136738
2094629835,0.5691981308276596
2501331684,0.568905927568794
1880503622,0.5688150956669041
1933521987,0.5687135546654746
2502232464,0.5684180235860248
1932576647,0.5683596184360206
1932505013,0.5683100046584029
2499578592,0.5679421397087929
1931619101,0.5678139037396979
1932452561,0.5670310051668257
2092033437,0.5668946608806141
2092756274,0.5667426632440872
2096237447,0.5666131698794203
1930978534,0.5664541567543429
1931645227,0.5657160883292707
2092025971,0.5656163635820036
2093079835,0.5655861706706943
1934311923,0.5655378887744884
1932610080,0.5653632211508354
2501793810,0.5651626274112606
2502545140,0.5650803602651226
2091275554,0.5648964037410462
2093091603,0.5648440334520382
1930990001,0.5648392950909846
2092022550,0.5647751564994109
2503716041,0.5644675312928956
2093078171,0.5643434051277623
1933525414,0.5643429596260207
2091984467,0.5641974942460185
1930958281,0.5639486703578585
1931017185,0.5638152853644208
1932578094,0.5637297668470811
1880475223,0.5634974900598118
1930939995,0.5634293929825159
1931002220,0.5632275552507563
1930953733,0.5631358903270413
1879903515,0.5630585389404359
1930217551,0.5627648478473811
2092833354,0.5624284822616187
1880469012,0.5623486557461718
1880476002,0.5620280890705545
1931646343,0.5618478077549701
2095430435,0.5615037774039706
1933572564,0.5610121914827689
1932590544,0.5607489659793881
2092011162,0.560611659742072
2501989382,0.560408529808529
1880479080,0.56027848784239
1931011233,0.5598783492095959
1879908932,0.5596914103354632
1930969773,0.5593265833619094
1932575485,0.5593079508494982
1880440770,0.5592578839702239
1879802911,0.5591593170507937
2502768851,0.5589823090920474
1932449774,0.5588140160429781
2499547555,0.5588117069378037
2092878740,0.5581675696632535
1933601152,0.5581555792935946
1932645275,0.5580154186747881
2499480752,0.5579889665273402
1879861454,0.5579208590460241
2095453367,0.5576855060250417
2501846295,0.5574824811500233
1880521683,0.5574113530672326
2092824721,0.5574096140918293
2092069575,0.5569819526008732
1879202050,0.5566722768638144
1933500367,0.5565728812031516
2499211421,0.5564616591174548
2091988750,0.5564129451648311
2092077323,0.5552325512641964
1931648751,0.5552278483439959
2502383664,0.5548582363684293
2095437317,0.5547150058790468
1879137657,0.5546727663249215
2094610030,0.5545129563710305
2092815833,0.554389457792438
1880491875,0.5543437181041538
2092918875,0.5542967315361736
1930220551,0.5542199319333475
1932542753,0.5541294715996136
2096185780,0.5540872441822343
2499553550,0.553651776385225
1932541935,0.5536101458753828
2502464201,0.5535980856105128
1879241787,0.5534470549601919
1879802041,0.5530236664593322
1879797933,0.552866413386272
1934322373,0.5526977774463874
1879768104,0.5526174498235196
2093027000,0.5525571183959483
2500866724,0.5525275576939916
1932568125,0.5525077586775303
1879174884,0.5524562028362476
1879140324,0.5523223439957062
1932585327,0.5522693056566207
1933517301,0.5521441590697015
1930225351,0.5520845473454131
1880443441,0.5520632859539688
2093858462,0.5519331722398172
1879182765,0.5519293290843983
2503589982,0.5517757294389609
2091216905,0.5514350060787809
2091270821,0.5514195469769869
1931026252,0.5513201094705781
1879248705,0.5510701651188064
1879845963,0.5509733514564192
2503751580,0.550857186704552
1930944562,0.5508234426984517
2095458867,0.5507935624094146
2095367872,0.5506293091459137
1879841492,0.5505713781480418
2092958540,0.5505522958618799
2503516244,0.5504032293576688
1879835433,0.5503928269483004
1930189123,0.5503431438472056
1879191871,0.55013967237517
1880476694,0.5501396071630003
2501749652,0.5500518259405844
1930974695,0.5499251078790385
1879214497,0.5495468582065747
1933565622,0.5492286573994898
1434732715,0.5485891588344808
2091183973,0.5485417159084351
2499534042,0.5484221842830376
1930985463,0.5476983944242657
1932526717,0.5475980472677936
2095391795,0.5475758858291716
1879148700,0.5475706825078035
1931026140,0.5474812481775502
1933521161,0.5472925721828736
1931654123,0.5471744463226885
1934322984,0.5471387075517543
2091195395,0.547104328515475
1439422443,0.5470727628216615
2095413343,0.5463192916202705
1878581001,0.5461387991998052
1880442022,0.5460194461426504
1931691851,0.5458795295161513
1879177731,0.5458522133878032
1879174594,0.5455317768029988
1434419591,0.5454885556353768
1930228511,0.545423752570199
1879872902,0.5454196867748936
1879813020,0.5453921725879365
1880534613,0.5451154316670614
2092067403,0.5449798159338914
2500117303,0.5448375041111775
2095425003,0.5447918411901588
1434559965,0.544634324556392
1879890940,0.5442042835562464
1879790140,0.54417417798782
1880510905,0.5441601943383761
1879774574,0.5441163111587088
1879207284,0.5437754827254995
1439371020,0.5437406212699948
1931012337,0.5437161981226392
1879154851,0.5437035119044551
1933582313,0.5434725468133196
1933505515,0.5432026267401575
1933509284,0.5431706594298377
1433230401,0.5431181118399772
1878584035,0.5429872812648723
1880530875,0.5429507618241081
1930148521,0.5429450319703933
1427869902,0.5426944566779967
1879769734,0.5426530024017452
1879834875,0.5425761098219622
2092029500,0.5424779911500374
1434755755,0.5423433254209705
2093863414,0.5421013060576596
1932496917,0.5419541510168591
1434564737,0.5417640322774406
1879811431,0.541397651196793
1433378471,0.541394113460769
2501343091,0.5413379487306702
1930180122,0.5413105471067546
1879850750,0.5412558566952377
1434732514,0.5412112404933755
1879836662,0.5410731391427668
1433043994,0.5410660037207156
1879886614,0.5410026614288079
1879200961,0.5408707558737581
1434447807,0.540742875118927
2093987277,0.540645779089619
2091197941,0.5405164259762496
1879155530,0.5404044820477367
1879775550,0.5402370687730905
2092799092,0.5396846423467856
1434426213,0.5395448916925591
1879129987,0.5394819528062356
2499565614,0.5394067232159303
1879770454,0.5392984946529014
1931592542,0.5389766279089173
1933519427,0.538844038005686
1880457192,0.5385160950225059
1932489642,0.5385040718555802
1880501980,0.5384787408831863
1932498447,0.5383711940771244
1930158634,0.5382377025912446
1879832410,0.5380624670019664
2091212663,0.5379440729487769
2501810187,0.5377217690150511
1434310311,0.537600016497869
1434421631,0.5373869754380721
1434243861,0.5372505209315158
1433935884,0.536967378127369
1427900227,0.5363869448007821
1879884974,0.5363156724203115
2093049490,0.5362765179172148
1433417231,0.5362502529693477
1880451887,0.5361392605628388
1878582655,0.5361040191526906
1879162233,0.5360657428812878
1931590410,0.535989562485857
1434419542,0.5357723398010185
1930225993,0.5357355093961774
1931666694,0.5356425092715457
1931670622,0.5355340566021601
1930251763,0.5352928715505592
1879794964,0.5350610248200214
1879158530,0.5347806548467522
1439532923,0.5347582809669867
1930245992,0.5347072660318246
1932499721,0.5343937555089342
1880538780,0.5343709786415725
2091209730,0.534268918044977
2093968013,0.5340506199828842
2093050194,0.533899128929773
1879126995,0.5338921840814673
1933511781,0.5338394357214942
1434424964,0.5335046168602113
1879145580,0.5334745125357964
1930248343,0.533292950930452
2503351750,0.5332910632453266
1434557285,0.5332465132372964
1434263584,0.5332127638391982
2094568234,0.5330952724534346
2503819115,0.5330458206852499
1434351692,0.5330398726401129
1931627153,0.5329061426225056
1933549441,0.5327707929942569
1879128591,0.5326753256321081
1433606504,0.5326035726631307
1879213093,0.5324930363299745
1879884724,0.5323371013234569
1879793421,0.5323094924222529
1878586385,0.5321064469678944
1879145080,0.5320863335680488
2502294542,0.5319830847363488
2503739834,0.5318582382565789
1879785245,0.5318395795541835
1934304382,0.5316409990450365
1879192453,0.5314134513587959
1932526457,0.5313815921637616
1880518521,0.5313750342180089
1879784077,0.5313421759935507
1933531492,0.5312648588417268
1879133002,0.5311378626932092
1879901255,0.531087817822431
1879813224,0.5310445595618595
1433138330,0.5309724679542908
1433751803,0.5309211503736257
1879843151,0.5308999758884254
1880535191,0.53087474411518
1931607770,0.530761126079441
1434642151,0.530726067300919
1880427535,0.5307056818392696
2091181713,0.5306754940965199
1427785057,0.5306573803040304
2093978042,0.5305403148532638
2091986543,0.5304730772425491
1432691295,0.5303026289823094
2500809501,0.5301849194881015
1879204481,0.5301560101910803
1930943243,0.5301445334210864
2092864580,0.5300813371476528
1878604512,0.5299857948638022
1434771544,0.5299185993221727
1879908332,0.5296838529967484
1439551730,0.5295843680754031
1427592300,0.5293544569240763
2503414640,0.5292973485861505
1879903355,0.5292005100859436
1931022651,0.5292004474063533
1434566994,0.5291146569021821
1427682987,0.5290710180087317
1434198271,0.5290375609256797
2502472000,0.5290134579930506
1934307022,0.528699296566674
2501751000,0.5285259259906679
1434345395,0.5284826704097842
1434541951,0.5284721560709968
1879176392,0.5283858242943474
1433310914,0.5283574967736245
1934307724,0.5280728654593749
1879876820,0.5280164954816193
1434199081,0.5279504974179009
2503735491,0.527820222987233
1427590831,0.5277877801039815
1930940283,0.5277213187718077
2095485922,0.5272536357695374
2093066435,0.5269115496958138
1427848567,0.5267268847868781
2092021465,0.5266665636201155
1433518063,0.5265616560405503
1880522272,0.5265025920028744
1433933491,0.5262509639918398
1439331640,0.5261460846847982
2092991893,0.5261078311965467
1878604481,0.5259863021191903
2501745235,0.5252959635871112
1930222465,0.5251173514454308
1880476793,0.5250381037014281
1879167280,0.5249278550848142
2094582245,0.5248491298251414
1932584891,0.5248334543181487
1929307083,0.5248204538409452
2092030383,0.5247455006060223
1930994834,0.5247349250614834
2501578225,0.5244092846381587
1432805264,0.5244014013770156
2093935072,0.5243085946036944
2092756995,0.5239132104750972
1930955494,0.5237650183917282
2091993037,0.5237602785654183
2499496530,0.5237117610118763
1880442072,0.5236468524298515
1879797891,0.5235673972408224
1880466742,0.5234935612951491
2092939483,0.5232017270720629
1433305461,0.5231835540336857
1930148975,0.5230952236762224
1434424903,0.5229855021694845
1879143957,0.5227315713334428
1434766840,0.5226653371050145
1934315867,0.5226616704040856
1433833077,0.5226346154390478
1930188835,0.522632976919368
2091181502,0.5221952838665745
2502636873,0.5221560247882648
1879908067,0.5219923775844085
2501004621,0.521772557185804
1427616882,0.521553147596766
1433653314,0.5215494089860057
2091288237,0.521173513598714
1880520570,0.5211591626138977
1433345865,0.5210906492647704
1433478450,0.5210129210086261
1880476042,0.5209170471834388
1434228821,0.5207916150554024
2502643273,0.5207412125862791
1433866004,0.5204654666758117
1932470601,0.5204554924454522
1879828401,0.5203714146896764
1434282604,0.5203269067815709
1879184517,0.520313693247471
1433088241,0.5202525545146679
1931671902,0.5200775675159738
1879220321,0.5200658955821671
1931665431,0.5200312979070937
2503731217,0.5199220802207632
1931594170,0.5199156168804635
1433228560,0.5198903073442919
2499540550,0.5197967782292956
1879792962,0.5197400376542314
1434747404,0.5193150838170236
2502160832,0.5193099575037874
1880434252,0.5191239241670405
1879145085,0.5190794567964533
1434420081,0.5188537291658896
1433368312,0.5187249701749279
1879230850,0.5187061679306547
1931633462,0.5183577067585555
2499670265,0.518288942316041
1434190202,0.5180826883480069
1933491244,0.5179459251720938
1880455814,0.517774409285171
2095464127,0.5177395584709071
1934320697,0.5176992440039478
1433218652,0.5175361516426555
2092022200,0.5169840960404831
2091282502,0.5168146821633477
1880450772,0.5168024439684727
1931638773,0.5167500575153532
1434137012,0.5166394745308789
1433714461,0.5163588700890981
1878577960,0.5163332592181086
1432785024,0.5163253473679363
1878593964,0.5162538067519885
2093029673,0.5157927428458288
1930154233,0.5156480961568624
2092926110,0.5153662657903207
1879174047,0.5153499419979715
2502835711,0.5152444626539994
1879824034,0.5152359961198639
1879243234,0.5150912545758823
1434564321,0.5150084738776632
2500991562,0.5149999332796027
2092883925,0.5149374265710389
1879130233,0.5143705974890218
1879134031,0.5143695031497528
2503185300,0.5143645780813987
1879849895,0.5143243302646205
1931658307,0.5139561488805194
1433506392,0.5139491657629838
2503199797,0.5138846396184549
1878597082,0.5137630756071558
1879167022,0.5137305661367678
1434114220,0.5137170797386884
1880447342,0.513701444904785
1880491662,0.5136247418869496
1432674253,0.5135870210297833
1879804230,0.5135701646833104
2093031417,0.5132628476192159
1879187595,0.5129705016076591
2094619862,0.5129672888730545
1434203610,0.5128987638020169
2091191900,0.512808058691132
1879805097,0.5127810103283579
1879183244,0.5127588608773745
1879806462,0.5125520047696825
1880519011,0.512123752349307
1432735085,0.5120346395429857
1434465751,0.5120161430725974
1880544807,0.5119589007369937
1879166904,0.5118000882126131
1879149511,0.5117486631649824
2502349134,0.5117333829552422
1434348073,0.5116745842838291
1433899854,0.5116571687417599
1879156402,0.5116165022467277
2501353045,0.511593246084441
2502885197,0.5113032948847007
1930940544,0.5111060685471536
1434559737,0.5110378750072406
1930211315,0.5110013574805514
1879159590,0.5108884405851667
1930950300,0.5108818892481012
2093888471,0.5107021990295557
1433305747,0.5106082690427057
2500643587,0.5105258870853903
2500103512,0.510520176502597
1439362620,0.5105191486074732
1433428820,0.510422332114667
1433647611,0.510373170363473
1879894420,0.5100934027097059
1933526635,0.5099559828262042
1434000117,0.5094506307980917
1433057603,0.5094007592358055
2502294870,0.5093311033809702
1433496540,0.509320531890569
1934313423,0.5091339565435423
1427716985,0.5090104801577731
1931606564,0.5087172975019062
1433341422,0.5086946997633187
2093018750,0.5086444251214768
1930969033,0.5086267658847843
1434730644,0.5084535503206452
1879840172,0.5084181481497763
2092837295,0.5083969493006537
2095363141,0.5083553140008049
1880503964,0.5083234381342704
1434504367,0.5080179164373967
1932459477,0.5079765857756373
1879847300,0.5079315481384169
1433265597,0.5079205659381466
2093941700,0.5079007074361694
1433668703,0.5078633594893392
1880459165,0.5078293349855745
1434000397,0.5077699082205186
1879777673,0.5074873528957771
1879135361,0.5074573856352471
1879197002,0.5074559099757129
2094632757,0.5073554663663407
2502647937,0.5072574534064638
1434643147,0.5070477319939924
2096187871,0.5070009392747651
1433962915,0.5068534318574169
1930183927,0.5067162707291784
2502742444,0.5067089151411913
2093011980,0.5067060639332833
1433801405,0.5065164191009411
1434721137,0.5063722889268466
1434182501,0.5060907010891917
1879134130,0.5059359568912056
2093867161,0.5055103512857998
1433764400,0.5055050526787191
1434510764,0.5053713993424702
1931657053,0.5052557053028511
1879200502,0.5052334298578421
1434498742,0.5052034418561521
1930140375,0.5050938332770317
1879154083,0.5046166811879041
1880534213,0.5046159244690698
1878596574,0.5045079044257682
1878592927,0.5044933821257152
2092914461,0.5043891794453725
1879806221,0.504342223375517
1929317197,0.5037698856885476
1879134392,0.5037439002146862
1880451182,0.5037232529598132
1433481133,0.5034737736603977
1433596983,0.5033920937262458
1879165097,0.5033444850748423
2503749404,0.5033342713073331
1879213375,0.5031018264328434
1434711685,0.5030348918439863
2502160831,0.5030208205366968
1880429174,0.5029094558522922
1879773981,0.502785926110357
1931015301,0.5027070419828453
2500953563,0.5027064342823699
2094562911,0.5025214946143118
2094630197,0.5025066752215255
1879837111,0.5023940802229347
1878586877,0.5023849115224662
2502174845,0.5020283227006423
2500845293,0.5019921332146469
2091248795,0.5019482015664237
1880506252,0.5015570236635376
1433631280,0.5015131549876211
1930970327,0.5014214802280321
2092943774,0.5014162334048253
1434224753,0.5013252042773951
1879170940,0.5013088886645702
1930239843,0.5011972724281086
1434544513,0.5011735694918537
1433277800,0.5010617082437671
1434066772,0.5009920259291385
1879204733,0.5008685627546812
1879808471,0.500846502674054
1879861982,0.5007693454871036
1427701864,0.5006933123555168
2091261215,0.5006071749834338
2499290194,0.5005971007123224
1930981985,0.500576163294528
1878583115,0.5004962688229281
1879770050,0.5002255774730121
1880518065,0.5000715215258342
1931008920,0.500053237658694
2092866067,0.500020466887429
2503066912,0.49971292431274683
1879843533,0.49956105923007615
1933514114,0.49949681773566895
1434701294,0.4994930719650783
2091966895,0.49949296300181706
1930193667,0.49901116446930277
2096191451,0.498919621650217
1931626407,0.49889037453042095
2092823411,0.4988808013854063
2094655364,0.49887689726423184
2093978254,0.49886451106869284
1930246545,0.4988048288551552
1879193925,0.49859400312606234
1879130405,0.49857114178509027
1439385562,0.4984615885128698
1427758353,0.49829879093376567
1879880354,0.49818541935717797
1879194601,0.49818433435057663
1878580667,0.4981785461102926
1879198502,0.49804973804258423
1427860691,0.49755011264384236
1932459383,0.4973748471075865
2091201194,0.4973223698428593
1433637537,0.4972782623902967
1931634564,0.49721378308739866
1931588261,0.4971328087216134
1879838192,0.49710091121579664
1879139004,0.4970806510948512
1433341277,0.4970736700828981
1434460071,0.49701218308189765
2502445640,0.4968935144970503
1879839551,0.49689117355939355
1931639725,0.4968150002385554
1879203637,0.4968105903815802
1880507755,0.4966932791692336
1879184040,0.4966735343764352
1879150034,0.4965999000404145
2501582641,0.49655662536977496
2503079482,0.4965507989746518
2096186462,0.49650949121480376
1879810073,0.49596463878376545
1434177157,0.4959570230709908
1427837635,0.4958836933517094
1879161730,0.4958357431037012
1434747630,0.49572307520139025
2502235304,0.49568552549642225
2091241342,0.49568343846429225
2093003253,0.4956294121448558
2503567480,0.4955860475558758
1433554382,0.49539077056441294
1433286642,0.49537442768872386
1439482777,0.4953589837335715
1878602162,0.4952960375330544
1879804590,0.49523510652554475
1434251832,0.49516489217678356
1433229632,0.49504532427263465
1879856853,0.49497313130620635
1439595414,0.4949327298469604
2093022531,0.49478802496800944
1433668467,0.4946938737134899
1931592705,0.49464953896677244
2092789061,0.4942442552174333
1433521667,0.49418286653272914
2499575284,0.4938226813525657
1434718541,0.49347879973671144
1432947320,0.4933836338344217
1878579107,0.4933630877116164
1433560783,0.49330556867511743
1880495045,0.4930663011137342
1434502651,0.49304328392483643
2092091702,0.4928918378859097
1434595863,0.4926868347975617
1931688311,0.49266623123917735
1427854112,0.49252397439661494
1879199295,0.4921034130995779
1930963823,0.49203564266062605
1878594043,0.49194547920710063
1427834320,0.4917310626828441
1434510235,0.4915205498317495
1427890455,0.49144208037589665
2091239712,0.4911932332086883
1933516095,0.4909866349565285
1932554282,0.4909433355082435
1879160491,0.49090377914285915
1933568354,0.49083642680812223
1433134215,0.4906314259468116
1427751511,0.4905692941549815
1931010914,0.4904958731340057
2091204184,0.4903159179624408
1879835622,0.4902271779746561
1932468252,0.49015717555090477
1879169997,0.49012661901548266
2499846657,0.4900417441050681
2091973893,0.48990635292441387
1930965767,0.48978825336825327
1879807004,0.48970575248455
1432725760,0.4895674359033301
1879168733,0.489531973462472
1434118543,0.48932194605584745
1439386423,0.4893142811574268
1433070232,0.4892079779509369
2499573814,0.4891941385362105
1930229825,0.48915929903319844
1879768804,0.48915209986276836
1880494383,0.48876721944499146
1434531735,0.4887562908970487
1879129565,0.48859436753359464
2095467563,0.48834099806565945
1433575465,0.4883058728659879
2093991530,0.48820717236037114
1432724711,0.48816554977797993
1930137013,0.4881214120703012
1930174345,0.4878590082375322
2092066705,0.4877338600376823
1433691375,0.4876433198932372
1930149725,0.48757499255371906
1434536551,0.4875014225930107
1879139463,0.4874578970143039
2503515913,0.4874346386828703
1932522361,0.48731228792025066
1879823630,0.4871874135549604
1433646237,0.48697162255224974
1879132835,0.48696407328832686
2502081387,0.48695606225750815
1433852991,0.48689274857316306
1930177004,0.48688356233007596
1433864152,0.4866425108522653
1930149441,0.48652214298212054
1434566265,0.48643872807769906
1433032790,0.48643512671800077
1434717217,0.48640344261998747
1434420062,0.48636403438319376
1879911024,0.486314163665433
1879193544,0.48620214675227647
1879126244,0.4860702551435429
1931028585,0.4860075698789593
1879216587,0.4859926133644834
1879837990,0.4859832457295818
1930196420,0.4858121494027157
1434456800,0.4857582182987921
1439387340,0.48575443069594965
1879797051,0.4857260555921565
2096244891,0.48520221567796196
1931622151,0.48505160982094986
1433219737,0.48461564054821205
2499476163,0.4845525669722195
1880474951,0.48452149624447977
1930160684,0.48448799155012445
1880512414,0.4841065692229627
1879857984,0.48407417378682127
1878581232,0.4840636774896308
1879781792,0.4839296271400873
1930155762,0.48385733309945184
1933522340,0.48379096966315704
2091998194,0.4837346149743876
1879187742,0.4836048618733734
1879786732,0.4835897839100267
2500185220,0.4835269900074813
2503002652,0.48350284876487937
2095349894,0.48341270991852386
1433959054,0.4832837158847142
2500496697,0.4830587059519425
1879142160,0.4830529486715942
2093014723,0.48289320218212667
1434307681,0.4828682252425234
1880536125,0.48283404672008745
1433636373,0.4827081444096181
2502509532,0.482585878099301
2092806983,0.48256505689639745
1433999665,0.48241131192601316
1434750034,0.4822457720877465
1878587233,0.4821500870128344
1434081092,0.4820286962509611
2096257452,0.4818620735478885
2091214637,0.4818363455738284
1880494774,0.48181018022589706
1932645644,0.48168185090040894
1433205823,0.4816620302809699
1879847921,0.4816065674567653
2093084625,0.4811706589872721
1439451013,0.4811539891248601
2094602937,0.48093455109014605
1433965811,0.48078664026125784
1880512827,0.4807311960824633
1433872087,0.4805229060558931
1933540517,0.48043021459346025
1879234880,0.4802719348814576
1879864903,0.4801828990613201
2092000735,0.4800311225749664
2092883075,0.479542576310534
1434634922,0.4795190827217685
1433758735,0.4794640948966228
1879215861,0.47937938612391506
1879783072,0.47912164487105896
1880532555,0.4788803357985287
2501605592,0.47886386669549685
1930175220,0.4787705286526155
2502443574,0.47873751107857687
1434769525,0.47873692462493117
2092063751,0.4787168724310165
1439462111,0.47866086715876344
1931656571,0.4786255556735007
2503478215,0.47848301268899424
2092045355,0.47840632560324875
2500406050,0.4782664698410498
1433059564,0.4782323815912872
1879882765,0.47812249211131735
2095477823,0.47806931633793937
1931602441,0.47801157120729754
1880456120,0.47799242094186833
1932603082,0.477878826650196
2499595081,0.4778609651725867
1433304605,0.47778626887630343
2091198994,0.4777674313462347
2092996530,0.4775645755355942
1880501330,0.4774769511713569
1880449090,0.47737119282263046
2502850823,0.47726600891071397
2501851064,0.4772630061310893
2501762335,0.47717438009481405
1930948044,0.47700092867878974
1879146051,0.4769099744876203
1434341077,0.4768595448029598
1434660360,0.47653255358245583
2502530682,0.4764817555040089
1434660721,0.47647037448858526
1930237825,0.47634151077673764
1879194432,0.4761651648923618
2499448075,0.47613906663917505
1434763932,0.47610269705479197
1879868534,0.47608400921451066
1934312607,0.4758221695723648
1934300967,0.4755462240267961
1439626837,0.47550590710604673
1931687261,0.4754705806229918
1879188362,0.47546168370403774
1879179924,0.47545364410108015
1879241531,0.47536290093414596
1879875315,0.4753607828046815
1932453091,0.4752287681372972
2503112265,0.4751946845280464
1880512672,0.4750112242088736
1880450407,0.4750031726662676
1427830533,0.4748354239415056
1930195211,0.4748144346743749
1880459891,0.47469370295820007
1880505975,0.47464911340240534
2503183434,0.4745765091570298
1880521572,0.47453488103002217
1930244925,0.47452728865096894
1934309274,0.47442480247930735
2502948892,0.4743388687837553
2499585702,0.47432021007222563
1930209777,0.4742749509163422
1433595894,0.47421077035229375
1433657347,0.4738216146072577
1879140633,0.47379430838197173
1879145194,0.47370055549689427
1879912241,0.4736992689810071
1434338352,0.4736247799962817
1880425094,0.47361742659260253
1933567755,0.47360603327670014
1433845555,0.47359622287205133
2503862422,0.47358118846761554
1934302332,0.4735709797082721
2093026454,0.473512960862943
1433063440,0.47333757877783345
2092000505,0.47323457208892106
1930956663,0.4732174309596797
1879224264,0.4731892596132131
2502498080,0.47318187568147463
2501439933,0.47311515481358507
1433393804,0.4729517237467388
1879828032,0.4729336674653243
1434289237,0.47286305128567374
1932432055,0.47281281694851923
2503462055,0.4727166792273792
1879211305,0.47257057766453664
1930207255,0.47249188644768214
2091954005,0.4724591128316936
1879903004,0.4724041360279472
2502577127,0.47231762791110476
1427672811,0.4720825243136874
2500192650,0.4720519326855019
1930936075,0.4719097688708632
1879794900,0.4717099950870294
1434593852,0.4716101350653591
1933497425,0.4713104491681979
1439521832,0.47121896844253275
2502597690,0.47107983642958856
1879902534,0.4710236314090908
1427864260,0.47095296039875717
1931010185,0.47058906313473464
1433163723,0.47058502660366386
1434180100,0.47053491981929535
1879128395,0.4703426028877474
1434184805,0.47019506439230124
1433483257,0.470151876504061
1930149945,0.46988707119875733
1930983443,0.4698706683422288
1879200053,0.4698513164023732
1930947445,0.4696584778846885
2501950561,0.46965581075324403
1433638020,0.4694156948633144
1433730470,0.4693739404404042
1931618645,0.4692268108969774
1931638380,0.4691929077777289
1930202785,0.4691144320471348
2092895693,0.4691079764399116
2091221131,0.4690986500292671
2092998852,0.469086571623397
2501518671,0.4687707308052975
1434639643,0.4687426837148512
1931691605,0.4686799548206894
2091208623,0.4684958418641304
1932517774,0.4683641646005984
1879171053,0.46834328918119994
2091978871,0.46832366674075077
1930997573,0.4682342747666841
1433368557,0.4678839006233808
1930141241,0.4678176820825866
2502240043,0.4678070780718634
1879867287,0.46774826418692594
1433665610,0.46746744908027243
1878576484,0.46744230081312393
1879189522,0.4674067430392204
1434768663,0.46739535869815124
2092876215,0.46733527737448877
2092967043,0.4671728295208981
1878577443,0.4666614430394843
2502452763,0.4666441179043183
1433996671,0.4664469107678155
1933501687,0.46634401049782015
2499646710,0.46631585544217
1879150955,0.466236969531169
1433447874,0.46619338565865687
1934323725,0.4661894759413523
1433447725,0.4661178131020029
1879900374,0.4660856083151486
2092043947,0.4659983588083919
2095489837,0.4659133508543212
1432616984,0.46587419945659164
2092938840,0.46585485607803295
1433646922,0.4658108438532218
1880466722,0.4656997706806273
1880456420,0.4655820130652924
2502168854,0.4655759827385197
1880478602,0.4655722461547228
1880504060,0.46534309517151407
2503623450,0.4653121158460181
2502723563,0.46525193397903886
2093870940,0.46517754702821906
2091986131,0.4651652101635039
1434642131,0.4650817193298464
1434392503,0.46501509562482274
2501321532,0.46496628421576486
1433594093,0.46481398678074576
1879876312,0.4648042212622341
1434704997,0.4647958661989939
1934319687,0.46458563540336917
1427699837,0.4645689787801326
1434029707,0.46443918604580375
1930984960,0.4643834417598741
1434717900,0.4642098124175071
1878585421,0.46409247405136617
1933502173,0.463972266323877
1879151193,0.4639161706523909
1879135614,0.46391006596959644
2499600715,0.4638267179625625
1933543465,0.4636574291056723
1427616842,0.46347951291872086
1879791110,0.46342035982667795
2091989041,0.4634067870385184
1880537700,0.4632822850960439
1880452731,0.463242318923868
1439591115,0.46321369332233087
1880532025,0.462957830470974
1878578191,0.46285695773085395
1880457402,0.4627952611998058
2502859053,0.46273515705718016
1433578515,0.4624996575516409
1931602815,0.4621910654633285
1432702001,0.46214890143620474
1879189555,0.462111692116529
1932459814,0.4620894917227606
2501743761,0.46201850256096166
1434119177,0.46183807365051466
1930172921,0.4618179664305551
1432785783,0.46180606731736307
1934297260,0.4617264712075082
1933562353,0.4616525720427193
1879151935,0.4616121862031141
1930178262,0.46158190808949584
1434544810,0.4615663695294441
1879173071,0.4614421298512235
2501792972,0.46138509430026214
1879796033,0.46125738762949914
1879813484,0.4609855947693391
1931615354,0.4608925463203507
1878588667,0.46086839926409195
1439506484,0.4608619522021186
1878596054,0.4608192239934907
2500109674,0.46068138544567866
1880424747,0.4606510808516352
2503803340,0.46044073147649844
1879768342,0.4604088073621256
2091252791,0.46037522729180874
1879882810,0.46037365286877624
1880543295,0.4603557198126243
2093877881,0.46024673739010363
1433072795,0.4600275098874561
1879860222,0.4600232350534096
1434143190,0.4600137445272412
1434585263,0.45991592159051076
2092815185,0.45978985354330953
1878601113,0.4597898437485241
1434282653,0.4595166163158615
1879139245,0.45947345734788203
1931641951,0.4594548373722663
2094676837,0.4594513980701718
1878578202,0.45934986005876205
1879901992,0.4592562202717414
2092769347,0.45924825484166176
1880531513,0.4592251401421066
1930932124,0.45919605169827726
1434744771,0.4591758524033117
1433830194,0.45917440097500295
1879156641,0.4591665544514558
2501244310,0.4591412273221755
2092873110,0.45912687698281035
1879841224,0.4590826521115079
2093911634,0.4590772370319208
1432663931,0.4589793991213085
1931683174,0.4589597837923765
1933532702,0.4586653349777715
1931685907,0.45864042703964253
2502401707,0.45855094800022617
2499664711,0.45831901223227767
2093971127,0.4582971229135159
1433552760,0.45819084803034116
1439502590,0.45799936430181326
2092073525,0.4579750825444477
1929308057,0.4578037627499898
1879212093,0.4576685330692307
1439430370,0.45759674256750743
1879199610,0.45746931479305464
1439434345,0.4574557125429812
1879838747,0.45740909871955626
2500293390,0.457115779926299
1433727052,0.4570503369342574
2502140135,0.4570472085603769
2094626040,0.4567329585399185
2502933294,0.45664928356947787
1879844885,0.456568789895162
1930165571,0.45638821414495556
1934311760,0.45622370292367215
2500114310,0.45611806070860017
1434483330,0.4560204314270077
1434083793,0.45601174948987094
1879221370,0.4560022517783975
1434426421,0.4559677249862801
2091968363,0.45590245830795784
2092914524,0.45584305662964214
1880528621,0.45562931366971937
1934322781,0.45561691784580166
1427716044,0.45531614191178477
2091184465,0.45516922762090123
1931599557,0.4551509905996932
1930988275,0.45470133363244425
1879812904,0.4546803734235645
1879777331,0.45461148426437203
1880494010,0.45457277807242974
1932495905,0.4544400281596984
2096257231,0.4543201590756026
2503931324,0.4542558744331881
1880428513,0.45420007284280217
2091969695,0.45410381915340375
1878577095,0.45390043318390405
1433210537,0.45377816385670594
1880521735,0.4534373883466137
1880502731,0.45334317783434575
2501726952,0.4533203113840582
1432645403,0.45329000165771266
2095348250,0.4532605689620724
1879169402,0.4531743622642174
1880453697,0.45299685870882134
1439377027,0.4527838037187322
1879144844,0.4527579069176534
1930954471,0.45274854925878777
1427778630,0.4527398676164861
1433032465,0.4524822458177131
2093046393,0.4524623440928768
1879191701,0.4523886645601676
1931633151,0.452343921310796
1433609564,0.45233707971097836
2093987732,0.45233303798487823
1930939505,0.4523227210948168
1878582551,0.4522379109329413
2502198263,0.4521596560497722
2500904052,0.45212012996743023
1433943210,0.4520840589962161
1433810817,0.4519954402500801
1434654963,0.4519274712638884
1931002392,0.4516900564142295
1930201521,0.4516792309604622
1930139031,0.4512344275449179
1932566162,0.4509562725966404
2503539557,0.4509287300653422
2093867111,0.4508973257409665
2499449840,0.4508073790375109
1930196863,0.45076774868866526
1433502264,0.45071278173711693
1930187431,0.45070361551297583
1930229561,0.45054209866816713
1434425714,0.4502514694805645
1434720022,0.450236451199413
1933502477,0.4501431669756723
1930252473,0.4501036191872456
1930945923,0.45005249916307144
1433385627,0.45003933968634735
1879189547,0.4500188197948462
2502950784,0.44999519200890653
1933578004,0.4499918906079498
2501907501,0.44998982729877424
1879894654,0.44997614765619304
1880435202,0.44974514938823673
1879904025,0.44972327671678963
1439497600,0.4496367129206836
2091224645,0.44960790685723995
1933575493,0.44957760785741263
1931660912,0.44901883035516754
1433158597,0.4490147440601463
1434088937,0.4489933564262574
1930978814,0.4489020679017111
1930927003,0.44886456002675296
1930154655,0.44874588099328033
1930164227,0.4485061653365343
2093905824,0.448481284746343
1433685875,0.44846502411991485
2092880551,0.4484581646123977
1434231522,0.44845531533763106
2092785067,0.44836894219842716
2091997843,0.4483229503580491
1932618683,0.4482461275491778
1879176622,0.4480614830460029
1879813564,0.44769512591024047
1879232854,0.4474538353642887
1932589155,0.4474497794564767
1433003152,0.44744584425686423
1880517107,0.44738365695919674
1930172525,0.44735651122880205
1433128943,0.44731551215114973
1878595062,0.4473027558143022
1433385411,0.4472547957458326
1433390473,0.44716560830970464
2499477321,0.4471169693567291
2502322064,0.44706191600777767
2502919853,0.4470447750368607
1879788732,0.44700450145925597
1434515530,0.44689453284418057
2503865540,0.44682387961673214
1880544771,0.44667619136755654
1879146780,0.44654990865591665
2499805230,0.44648848225700416
1931610907,0.44615641908025105
2501585892,0.44609444912975366
2091976587,0.4460840259793537
1932634004,0.44598720474239356
2092822234,0.44596541059224903
1434410281,0.44595698747454093
1434273737,0.44590548816878584
1879168323,0.44571200723712034
1930227733,0.4456464446796281
1427864321,0.4452115295380851
1427605041,0.44520974967849397
2095433595,0.44489246726733206
2092776450,0.44469720286245723
1880443285,0.44460940623158773
1930248475,0.44459503252538285
2095346027,0.4445132695180148
1880501890,0.44441490102855963
2499281561,0.4443193570695433
1434022643,0.4443047569796706
2094574507,0.4440175856037866
1930966837,0.44398561377844414
1879802107,0.4437975380885538
1879840542,0.44378817683481236
2094675562,0.44368913039373753
1433298592,0.4436870741248209
1879190741,0.44333797235684375
2503385734,0.44310428215357783
1434078367,0.4429341832484568
2092038660,0.4428008359386494
2093922244,0.4425816513362444
2502401514,0.4425126084215463
2093007033,0.44250545002383274
1930987565,0.4423966946785744
1932591893,0.44231439058033123
1879898995,0.44230904172888313
1879803475,0.44228002260079036
2092825207,0.44214032709787
1880526935,0.44203947630649676
1879816440,0.44193347369159286
1931635527,0.4417942004866846
1427862181,0.4417322875704132
2091968342,0.44171009885929297
1880513130,0.4416699053814444
1933513035,0.4415357260083124
1880532087,0.4415292240857617
1434283474,0.4412319379956951
1878584127,0.44116582935889137
2092790224,0.44112736816108944
2093962151,0.4410633724428489
1931013757,0.44097624112370093
2092903852,0.44085056681374774
2503498813,0.44078199113795846
1880451044,0.4407753614709583
1930188871,0.440738636981557
1434125854,0.44059937964860224
1878584581,0.4405880111173712
1439370650,0.4404994332636568
1433325045,0.44035473299240413
2503911060,0.4402282950330098
1880439182,0.4401422438985553
2094549637,0.4401287555578842
1880477453,0.4400803156791338
1930196033,0.4397849296684204
1879789757,0.43956610716453864
1427616657,0.43941846568115855
2093864421,0.43940381088260944
1931693170,0.4392289293774305
2092003205,0.43902975613796
2092971103,0.4389335162546015
2500183222,0.4388235669447513
2499394864,0.43880842226146527
1879901644,0.43844970462893756
2500413904,0.4384143463501418
1930145635,0.43832930195870295
1930214073,0.43831176086208196
2499220427,0.4383002276081729
2501716040,0.4381297375158075
1879168340,0.43807453851011113
2092087977,0.4380613920264751
2501819795,0.4380516641436189
1930948903,0.4380352182103696
2501965674,0.4378107028253288
2094555297,0.43775539424094045
2095370230,0.4377548329327033
2093960491,0.437676091407165
2096226313,0.4375555634975736
1879911894,0.4374861991028085
1433302311,0.4373945194545123
1931694330,0.4373944262349119
2500941035,0.43738927167020947
1931655655,0.43737706999801307
1879195004,0.43694686333005384
1879152041,0.43687771326451
2095425921,0.43682948707942043
2094604510,0.43679944314243313
1880483405,0.43671241478845735
1931658070,0.43649234306678497
2093860037,0.4364194658792884
2093915881,0.4363404529248235
1879141351,0.43587489774446403
2095464937,0.4358174149584525
1931673484,0.43579396049706
2095404687,0.4357879223938675
1879862424,0.4357128271170961
1427855105,0.43551940452829135
1933577791,0.435395620296158
2095474875,0.4353313922614168
1879812695,0.435281451964449
1879172017,0.43527923846044386
1930175471,0.43525590573911904
1434440064,0.43516576873680474
2095336533,0.43499852049773635
1879890220,0.4348910505688769
1930243203,0.43487116026697453
1879176385,0.4348246786704335
1933580580,0.4347731346490515
2503564502,0.43477146131801825
2500268340,0.4347467551638576
1439358541,0.43472092722990296
1930212491,0.4345577723063859
1439320732,0.43453381999133445
2503549720,0.43452221516865874
1434552554,0.4344403055199439
1933585211,0.4343988890951189
1879820723,0.4342836961510742
1434040484,0.43427923148024533
1434463354,0.43404226873493973
1434517001,0.4340293541919456
1427656354,0.43396828285795797
1933561393,0.4339606398690357
2094640780,0.4337981414871268
1434139611,0.4337888105090308
2092756964,0.43378856945104777
1930981352,0.43378216717667556
1427871170,0.4337155624306008
1930950260,0.43361275791726706
1932505485,0.43353243148386844
1932494700,0.4334570718053113
1879894060,0.4331096587385541
1434767884,0.4329862164425535
1879235277,0.4328970921598859
1931617721,0.4328291352917147
2503628165,0.43275714011517175
1879887034,0.43244020332247085
2502047610,0.43237386282139084
2499590433,0.43233849400651936
1880506000,0.4323041478894026
2092858925,0.43229779341063596
1879227784,0.4322403640213062
1432612955,0.4322284422131658
1931672847,0.4321951100914673
1434489412,0.43166015920796347
1931013913,0.43154833766183887
1879841305,0.4313626227769178
1879795537,0.43125406462879273
1433571440,0.43119775761135554
2503630092,0.43112750671174643
1932499622,0.43091177726653257
2502307687,0.4308866456801958
1879157282,0.43074093548100667
2092050097,0.43061558009092205
1879187432,0.43055878051682606
1880472723,0.43044794455322005
2500916822,0.43015605925721906
2092796333,0.43009268289748276
2500706622,0.43007995468857213
1433466462,0.4298701590765283
1930191663,0.42984084222023233
2091230723,0.42980005234775975
2501503710,0.4297642048981901
1433562093,0.42976113316418024
1427608695,0.4296601655471712
1434642433,0.42951052528440714
1880511843,0.4294780947446069
1880516174,0.4294605179308856
2094673571,0.4294219245016405
1930200011,0.42939860892812803
1879159893,0.42915858883931884
1880488485,0.4290497444761732
1879856112,0.4290118417266965
1932448024,0.4289374484807336
2093931387,0.4286980557104063
1879183200,0.4284173594081376
2094560147,0.4282672508709143
2500476697,0.4281968739488706
1878585281,0.42802127658872013
2500299700,0.42796568703378435
1878591313,0.42794811831539853
2094679910,0.42783332766465004
1931592151,0.4276537925785373
1434539925,0.4276382918538726
1880448245,0.4276187501646122
2092815062,0.42755033351287053
1879892092,0.42748929764791216
1930148957,0.42747141611758954
1879155071,0.4274704029801371
1432725934,0.4273179395674736
1879225737,0.4273031436899773
2499491461,0.4272821733446752
1933526915,0.42719183526191074
1930949627,0.42717721461924485
1434333017,0.42714712730519905
1879231743,0.4269429443394606
1932513320,0.42682877742914627
2091288993,0.4266615244496723
1930943263,0.42639267978192485
1879815392,0.4259038871973759
1879224927,0.4258548140482096
2501248034,0.42580703410628334
1433039047,0.42577000328848247
1433713134,0.4256987127058014
1879223875,0.42568920584950853
2501473964,0.4256845571480103
1930162215,0.42562627056598273
2091204570,0.4255124774626843
1880497114,0.42539735612809515
1879856344,0.42533692033574677
2500850970,0.42509752155406444
2499282211,0.42499421464824244
1930953171,0.4249165472976218
1930199167,0.4247190284148152
2502731893,0.42459655581431155
2500203413,0.4244530797272786
2092013871,0.4241184624335086
2502007812,0.4240834763418849
1433135800,0.42403329257189937
1434193271,0.4238624540202877
1879227964,0.4237988775771641
2500289390,0.42378067756223936
1879146695,0.4237728607623656
2093048151,0.4236328025209965
2502245897,0.4235684145408287
1880497102,0.4234660744552083
2095399021,0.4234153265678022
1931662031,0.42337532284975027
1432791601,0.4233493671746182
2091989561,0.4233411206079683
1929309203,0.42324156156575776
1932453615,0.42322538560135337
1879225765,0.4231703343328647
1879207801,0.42287959120629803
2092811361,0.422867448876321
2095382730,0.4228312808556855
1879841014,0.42266194844426336
2499226087,0.4226213247845472
1879771370,0.42259882602982796
1933592057,0.422597754686374
2093883525,0.4224561549591506
1880502085,0.42245554426297743
1879137674,0.42239317274086413
1931614801,0.4223679760939093
2094605064,0.42234065731713877
1434418352,0.42227098322227363
2499230872,0.4222277125333622
1880500567,0.42208975267600124
1930219773,0.4219580015701128
1427757742,0.42194003199280417
1427662425,0.4218759407604834
2094650971,0.42181871228801554
2092092917,0.42173746371495724
1434675640,0.4217100820766145
2095453897,0.42163848825487865
1880496345,0.42147662533649066
1434477690,0.4214160044834813
1879840867,0.4213024213136905
1933547367,0.4212969521127289
2091950140,0.42124479960398714
1931003013,0.4210741450403605
1933561427,0.4209425411399592
1439545701,0.4207895408266109
1932548213,0.42060066414241837
1880496205,0.4200591254257609
2092917647,0.42001804641923907
1879896024,0.4200003403168833
2501975543,0.4199547400655401
1433424017,0.41989116461708953
2095450235,0.41988763981124216
1432866452,0.4198471062215362
1878603547,0.41979824838478763
1930172281,0.41969392110371767
1930215614,0.41964828763946815
1879878010,0.4196060394139184
1879852660,0.4194733848749856
1933509675,0.41921938503906325
2503245234,0.41901079849227807
1433857384,0.418987409582511
2092803667,0.41893079007572653
1934322553,0.4187822294414689
2091289171,0.41857246830891637
1879838604,0.41854773862237726
1879148511,0.4185324692019577
1434461050,0.41836190037088217
1879890827,0.41835465336508926
1433875892,0.41814471706172
1434491204,0.41793284022692956
2499433780,0.4178902897986713
1930951603,0.41786046794813664
1878578874,0.41780172017071715
1427836754,0.4177964411544361
2092933560,0.41758755189333724
2095400730,0.41756452927096077
1427770475,0.4172473594012823
2500168913,0.41712555057022177
1932477583,0.4171095724260272
1931679971,0.41690825237181606
2092944627,0.4167935482248313
1931626655,0.4167289759940349
1880426505,0.416545336025576
1427803060,0.41644427559577546
2095404001,0.41632775700477653
1930960975,0.4162909970852263
1439518811,0.41622725053835574
1434002060,0.4161738085572989
1434542493,0.4161364311829855
1930238760,0.4159281649642821
1879789970,0.41592080782280305
1932512560,0.4156745768604135
1879894863,0.4153463529210722
2502731733,0.4150431970896274
2094624710,0.41492374938521054
1433504873,0.41483314714413516
2503629030,0.4146462921324298
1879196597,0.4146112154086249
1880507394,0.4145480260062393
2499241432,0.4144092815861029
2091250017,0.4142814568675936
2096199951,0.4142253437239963
1930999350,0.41417143578455917
1934304085,0.4139321020265405
1879871217,0.4139019575804509
1930949072,0.41386036643042484
1932552691,0.4137647455696267
1879854537,0.41371977623729767
2501670285,0.41371637059349364
1878601672,0.41369094255874767
1434711242,0.41327468557801034
2093945821,0.4131679963054581
2092763133,0.41300936058987986
1931644995,0.4130050502760019
2092089121,0.4129340954694498
2092794371,0.41287331664313215
1434682553,0.41287204132035643
2092842581,0.412847432129896
1439414042,0.4127128057361046
1434301931,0.41267615849654826
2094594120,0.41240199259001104
1434559071,0.4122244477066067
1930156640,0.4121927822836654
2502823810,0.4121304138853011
1932622561,0.4120085471247964
2500162972,0.4119939679114022
1879882734,0.4119165874521553
1433960787,0.41190975136815333
1433601890,0.411885097657086
1879160514,0.4117522634019702
1932534394,0.41170635722350996
2499848593,0.4116083851138864
1879208353,0.4114462468642236
1878599187,0.41128618346999374
2503056460,0.4111920844927991
2501670035,0.41111586601488415
2502453835,0.4111146606802001
2502265414,0.4107874315679624
2091250091,0.4107260257448142
1434388940,0.4106794096304449
1434715795,0.410599056976955
1879793210,0.4104879087915415
2500167733,0.4104264884977631
2093047690,0.4104136966719431
2095377410,0.4103220738981328
1432981687,0.410312661388729
1934313973,0.4100921971260222
1932638224,0.41001915174404036
1880472232,0.4099202518259319
2094690957,0.4098158304215365
1931629247,0.40978319941578184
1930183377,0.40978000304212914
2501179443,0.40959074156613656
1879240773,0.4094966809231784
2500266107,0.4093589683293689
1427841315,0.40934492126530164
1931666521,0.40918576332730433
1434268952,0.40914150499798846
1880445213,0.4091005958538255
1933529521,0.40881011759933567
1434093435,0.4086820220091078
1930970873,0.40866903206202837
2501161275,0.4084928372583901
1434145857,0.408486266762877
1931654175,0.40848343430615297
2501257510,0.40838812859202817
1434604293,0.4083009051284631
1439498664,0.4081516974262559
1879790333,0.40805669748303564
2093959933,0.40805357102286793
1434226220,0.4079472521816969
1879161247,0.40765624051809896
2502336984,0.40756825570045835
1879909450,0.40739440231159274
1434532894,0.40737729197728584
1427827570,0.40736013173482927
1879146667,0.40724147846690767
1934322437,0.4071858630337193
2503130940,0.4071370085771355
2503441821,0.4070385940059014
1880541425,0.4070278456863293
1879136302,0.4070146385913264
2092790393,0.4069550827554085
1434002732,0.4068428640648827
2094633823,0.40674267472723385
1933518853,0.4066816914119499
1931646317,0.40659167852942996
1880500342,0.4064669445812224
1434669562,0.40636689039362467
2503303150,0.40619409445613064
2093086902,0.40608954495262445
1930993477,0.4060649851071567
2093917370,0.40605734929787185
2092957237,0.4060328075653555
1433141692,0.4059013276268689
1439345361,0.4055304041350058
1879153037,0.40549224243690024
2502824085,0.4051657807427456
2500354917,0.40513830809971246
1432622324,0.4050708699494458
1879888805,0.4050476551905898
2095391671,0.40496253279009226
2092907515,0.404847021509522
1434555724,0.4048391862667455
2503041264,0.40475412787807596
1433518354,0.4047121179730174
2093956093,0.4043886132738842
2095363637,0.4043472599809688
2501913505,0.40434026101049664
1879154217,0.4042003354962623
2502085930,0.4040360210146067
1930969505,0.4038648079431806
2091184117,0.40379680588451694
1433903955,0.4037936092080672
2091182424,0.4036654128881898
1434430871,0.4036531225246374
1432895575,0.40363207208351454
1880471021,0.4035728723795428
1879844887,0.40337166299302074
1880461842,0.4033128745055522
2499208964,0.40314877977551633
2091237521,0.40310158291065123
1432947450,0.40297055332103643
1931653431,0.4028885891106966
1932455594,0.40280301928854817
2501045992,0.40263647135233216
1433596194,0.40256699659657624
1932446255,0.40250069565376534
1433758267,0.4025003074872014
2091253535,0.4024427465329276
2092058795,0.40242245418969186
1879878740,0.40216446010572615
1434551585,0.4020380778219889
1931595353,0.4019275213211346
2501430114,0.40184493655521664
1433710540,0.4017617572216394
1434641584,0.401625096320326
2503202880,0.4016195163823003
2092908945,0.4015328230206993
1930958424,0.40146340729965974
1879899142,0.4011464147584481
1879912771,0.401132245099158
2502078922,0.40110715638028116
1878573973,0.4010874428704134
1879831662,0.4009177684208
1434596923,0.4008401576840465
2092897401,0.4006554931673862
1880475155,0.4005863403111262
2093881290,0.4005359317475348
1931639737,0.400275211221283
1879214020,0.40008941712685303
1439619540,0.40008253278725875
2500174005,0.40000792396075524
2091982014,0.3997519945588671
2091950920,0.3996866043632904
1934314961,0.39965337177750676
1930965995,0.39963079875326013
2503620760,0.3994001431172529
1878603625,0.3992413958520508
1930183113,0.39920270786719525
2502314732,0.3989484708318302
2092066853,0.398895812944026
2093000957,0.39870566724935125
2092054937,0.3986675153875812
1433242512,0.39854324277483566
1434720681,0.39851949298350364
1433392064,0.3984386274796752
2092857115,0.3984213838649351
1879159552,0.39815162640527585
2092984265,0.3981288479705871
2092842911,0.3980403877217569
1934324777,0.39791585311676736
2502468340,0.39779439629479996
1879814304,0.39775665258351484
2095384362,0.39764964562624816
1879162604,0.3975730220525092
1433658445,0.39755263918077605
1427840352,0.397402352892278
2091982001,0.3972959203340099
1930226962,0.3970848051236341
1439584702,0.3970455981578882
1930148371,0.396953020781838
1930994552,0.39685829164954084
1434104447,0.3968110740277874
1930166385,0.39678213258504347
2092922295,0.3966363163056025
1433496890,0.3965592309826136
2502175770,0.3964184611068351
1427733671,0.39627080333025166
1933500587,0.39609154786088235
1931693722,0.3956589221015392
2502668945,0.3956561265783355
2093882415,0.39561921385286974
1434362572,0.39550700619843276
1433803721,0.39540181591504137
2091954860,0.39533515564053484
1880495271,0.39532399033468235
2091964525,0.395307335104726
2502511822,0.3952319528165246
2500217594,0.3952176493978037
2095410027,0.3951564692533286
1879184551,0.3951327994283305
1433119823,0.39508326235977903
2501833491,0.3950509541622064
1879202681,0.395035595463793
2499818804,0.39489648496350865
2501797422,0.39480185133649465
1934301905,0.3947508376737953
1879872130,0.39470519044653546
2092814872,0.39454070915575423
1931609357,0.3944776537084957
1931631663,0.3942781320445414
1879809534,0.39415129480835187
1880530547,0.39412664441405
2095405365,0.3940930734475707
2092848075,0.39396799707958746
1880527400,0.39346799320949843
2094634580,0.39331496781014136
1439459871,0.3931491713876093
1880438183,0.3931366040698232
2094616277,0.3929625099473002
1930211141,0.392872294790982
2502026802,0.3927503420447929
1879865350,0.3926729750652747
2092903445,0.3925955004596119
1930186197,0.39254502692508514
2503251084,0.3925019160165963
1879883812,0.392407057642138
1879234001,0.3922441459487901
1880514311,0.39219723756346436
1433144245,0.3921501221777424
2092020053,0.3921108532673826
1433168190,0.3920868924230174
2091963164,0.3920747957152574
2091277421,0.3919564840347249
1931639727,0.39185979072825106
1879829462,0.3917477490901298
1930982635,0.39156305590626495
2500199512,0.39153207537533247
1880526592,0.3912963338830379
1879836024,0.3912882570210809
1434645745,0.3911462074197445
1930162164,0.3911175095603388
1933546391,0.3910858601476743
1879803624,0.39103473051834997
2503473880,0.3909650445063116
1879836104,0.3908314709893415
1433742643,0.3907354113765884
1879133105,0.3907337032550875
1433300397,0.3905467002393162
1931604093,0.3905062657542897
1433639300,0.3904559335124093
2095402500,0.39033267335994
2092808473,0.3903140116988712
2501943412,0.3902250768238227
1878574921,0.3900276909577918
2095368283,0.3900215645300116
1879900004,0.3897653556223401
2092919455,0.38975666834942246
2093089093,0.3897249910631429
1879154673,0.3897059530715522
2499701434,0.3894863629218158
1933510195,0.38944738462548445
2503381431,0.38930702419635027
1932642990,0.3893067140105997
1933516660,0.3892858802273094
1933511405,0.38910201238347614
1433673030,0.3888484017590212
1930228834,0.38883493107745437
2095456702,0.388792712739743
1878584853,0.3885741993571027
1879878690,0.38850434926078425
2094582137,0.3883519320443379
1434386065,0.38830315799516174
1933521051,0.38829049683452593
2095489587,0.3882183667479957
1879905101,0.38816008183768574
1880443695,0.38797152204814606
1879802454,0.3879510083302357
1427602503,0.38794181114208987
1878575471,0.3879027460474586
1930958893,0.38773713121385456
2501715910,0.38771452592560907
2502421872,0.38770288151525323
1931012665,0.3876955279808085
1427875813,0.3876637284644659
1433539910,0.3874037908679955
1879771057,0.38728845017878655
2503473304,0.387277901264628
2502909364,0.38724771749044123
1932590597,0.38705197653514567
2502181702,0.38701874727510577
2499498142,0.3869309658928321
1932481550,0.38686217186121036
1879810662,0.38634341374220343
2092076261,0.3860231920007951
1879233882,0.3859334484089208
2093937191,0.38588870318472
1880476943,0.38566896193815625
2501868731,0.3856431353069157
1434675543,0.3856406361776643
1433245247,0.3854812748125216
1933491181,0.38547953537669966
2092841470,0.3853697711042686
1933536361,0.3852309737366414
2092818393,0.3851587542729867
1932527695,0.3850763587093953
2092043787,0.38507383018255825
1432936420,0.38484273098103094
2094604053,0.3848166576803409
2502656582,0.38470347226159574
1930938422,0.38469918840977196
2094597582,0.38435515700045253
2501626682,0.3842472668939935
1879902965,0.38422856662261945
1931692594,0.384078802856596
2091235064,0.3838468228436958
2502231512,0.3836928769172336
1880518192,0.3836058965010002
2499511530,0.3834790636481096
1427612513,0.38341164386092375
1929305261,0.38321278966889444
1879138273,0.3831707269580138
1930141311,0.38310992091740215
2499329804,0.3830275635040252
2502746283,0.3828980451925866
1931673274,0.3828481716681915
1433430875,0.38280011838114186
1432954130,0.38249197597481166
1434029531,0.3823498186016283
1433503065,0.38226847042981377
1879132813,0.3821814407846059
2092039132,0.3821004379729685
1931641727,0.3820888512283692
2500509887,0.38207635421038866
1434507202,0.3817429496674805
1879151930,0.3817333405638691
1879801550,0.38169217887388823
1932548365,0.3816155869866375
1930236085,0.3815671083771083
1930996643,0.3815404861966762
1930152335,0.38152228710747166
1879231355,0.38132284701681324
1880511241,0.3809949907863836
2092892851,0.380979365062993
2092022164,0.38087155715704124
2091181103,0.38080563167977166
1433551501,0.3807371361150522
1879808512,0.3806569547213639
2499764350,0.3806549186934444
2501385830,0.3806433518807915
1879815304,0.3805083670473599
1439596052,0.38048070895805
1439520395,0.38032191197475895
1878594980,0.3802786237089729
1879169925,0.3802679779249184
1878602370,0.3798869811247251
1933565513,0.37985320585288246
1880531821,0.37981546443732345
2501252461,0.3797188935544715
1427751365,0.37971418870243917
2093869002,0.37952288307093035
2094656850,0.37928369135569207
2092872953,0.37926942202271663
1434508174,0.37914369391951414
1879835940,0.37888799931916567
1879899837,0.3787978974168676
1930963421,0.3786265538455372
1934322592,0.3785525501252959
2091955353,0.37841962617849845
1880509377,0.3784119607954455
2096252117,0.3783538141540568
2502691713,0.37820574282700836
2500342980,0.37808171441226823
2502106120,0.378001018081281
1879167552,0.37787737668465665
2499453160,0.37784444660596866
2499524970,0.37776654992435277
2502139984,0.3776686283890709
2096245121,0.3776306795625567
1879855724,0.37762954201214505
1439398441,0.3774914049988811
1931688484,0.37742351023891246
1433294943,0.3773536129922113
2502304210,0.37732905281275775
1933553492,0.3772423173521791
2501392185,0.3770761234610398
2499232403,0.3769269847988212
2503380480,0.376901799565209
1434117060,0.37669807725209586
1879203352,0.37663072767761463
2501789540,0.376589495747142
2092836355,0.37655584527817054
2092775241,0.3765202054537616
2091998937,0.37649943207701286
2093867465,0.37645787740968895
2502955872,0.37634277290283163
2499701364,0.37630813189798623
1879811904,0.3762467413598842
1879235340,0.37610469886283415
1933506795,0.3758771474312111
1433027131,0.37585967142228666
1434605320,0.37570691600189693
2091269851,0.37562029323418883
1879831075,0.37561596033103734
1434138737,0.37551631420465115
1879855071,0.3754199053949383
2503318490,0.3754064481764828
2503587200,0.3752810734023651
1433014400,0.37518705399342445
1931635213,0.37500150400176857
1931695150,0.37494749192307575
1433193614,0.37482570738999443
1879137984,0.37459937331384435
1930222534,0.3741006692696885
1879155935,0.37407112890819993
1932461857,0.37373390197623346
2499874662,0.3737283339589156
2093085513,0.373658728272994
1879167103,0.3736201215005901
1930928551,0.3735296824249112
2499486765,0.373429598805564
2095453721,0.3734083334125826
2093884365,0.3733023139084226
2501669253,0.3732390058561605
2503324842,0.37319124646124885
2093865801,0.3731310932769843
1930196795,0.37308348333054453
2501439690,0.3730383779793381
1929308107,0.37292371336880775
1434618582,0.37286323704505886
2502168522,0.37268521685999867
1434162980,0.3726329331437029
1434178744,0.3725980752982714
1879208142,0.37257047498271156
1433397405,0.37233155154002406
2094676253,0.3722251239397276
1439475123,0.37221570504880985
1433650865,0.37219389265018565
2500857540,0.3720935935012181
1427603313,0.37201663776334953
1433162625,0.3718684859056102
1879230497,0.37184024145866335
2093947391,0.37163666572623727
1879203193,0.3715620567832012
1930251057,0.3715283474163597
1930951374,0.37146093008222253
2092886751,0.37138917000618005
1439442072,0.371342160021531
1930180117,0.37131942626308506
2094670014,0.3712886301214832
1930212753,0.3710992085617677
1879217103,0.37106118553216705
1879241701,0.3709390224681007
1930140941,0.3708719098628847
1433583043,0.3708548269865644
1427893767,0.3708158043836879
2091998895,0.37081278021574
2499446312,0.3706083612610477
1879870794,0.3705876735610357
1427688265,0.37013109833889285
1930203011,0.37008635800485334
2092903047,0.37006598378294897
1880495633,0.3700354837434385
2096252547,0.3700343347903196
1433075185,0.3699584011647677
2499494677,0.36993195116320604
1434635635,0.36987799253180476
1880540874,0.36986187559334294
2092053755,0.3697635678881575
2094584300,0.36965382998623003
1439597407,0.36956583974860363
1880511327,0.3692117286886517
2091265383,0.3691465092965595
1433311821,0.3689636806854241
1434533667,0.36888689591859414
1879223590,0.3688832943308083
2503233495,0.368871718085962
1879147780,0.36882924174978954
1933593281,0.3688170597369871
2092861690,0.3688118832660669
2092994290,0.3683113188080088
1879234602,0.36821702448843485
2502729377,0.36810615190575496
1930226754,0.36807389888839737
1433144307,0.36773330969801554
2503652512,0.36772499844283446
1434476397,0.36756369612234707
1931018977,0.367547225411552
1433472412,0.36754600247905367
2500424603,0.36745324168287985
1439578930,0.36737194986760974
2092913191,0.3673432649158134
2092844735,0.36726337618384775
1879838455,0.36723334365541654
1433353080,0.3672319663818647
1932538882,0.36717312420457887
2500232233,0.36706644174040703
2500340490,0.36698027252041204
1433228373,0.3666680713806168
2092049037,0.3664641496124701
2094623895,0.3662783593675902
1879162870,0.3661462241362839
2499732414,0.3660396994979844
1932441291,0.365993773396853
1433711954,0.3659666484092877
2092893880,0.3658664325919182
1434731981,0.3657816570031047
2502546630,0.3656898054067292
1931021683,0.3656259763726332
1879147112,0.3655884738942581
1932620974,0.3655410617385531
1878578405,0.36535575398973935
2502237647,0.36513730030846875
2093061554,0.3650938217643557
1434734410,0.3650622012462135
1930145571,0.36506067917517676
2501852257,0.36475933773589675
1879135213,0.36460439409582707
1427731845,0.364553243599864
1879165430,0.36445583863917375
1432602970,0.36433879012567016
1434339064,0.3641641852685108
2095403241,0.3641523284078045
1880542581,0.36412552031811674
1879238341,0.364087168482319
1879232271,0.36405211578100655
1434758281,0.3640456040890399
2500383762,0.36401007072567537
2500243043,0.3639579684075934
1880507171,0.36391017206355764
1880457553,0.3635419890939685
2502478215,0.36349530657605394
1879812475,0.3633446439762256
1879770063,0.3630753115448284
1880500124,0.3630611421828475
2500645250,0.3629477868184603
1433582030,0.3628279547243401
1433068453,0.362626433371432
1880530810,0.36256030711034304
2093083860,0.3624934547020017
2503415980,0.3624517354643087
1427851377,0.3623488687377099
2500421450,0.3623455522963881
2095391242,0.36221995648080846
2502073210,0.3621702289399539
2503823792,0.3621349234770508
2502092911,0.3620734456749261
1433207191,0.36206981205445044
2500730630,0.36200814287743627
1879823803,0.36198996017190394
1930253297,0.36191405579346464
2092922035,0.3619115551467455
1427880974,0.36154361353214676
1879217593,0.36132079147556245
1433264242,0.36130013436454933
2092017483,0.3612517357631816
2499329290,0.36120562493171804
1434015837,0.361052374987692
1879155302,0.3610383434378039
1879779583,0.36092531153488405
1434527361,0.3609106302815072
1434452853,0.36089569315638204
1932648625,0.360881135879392
1879135231,0.3604155035793785
2502068934,0.36037216345966716
1432761741,0.36036237299206136
1933543885,0.36008465799450123
2091276944,0.359820084832679
2499826160,0.35976861639187285
2091198004,0.35954813662674084
2502193122,0.3595427848740454
1433219630,0.35951202620766265
1879866563,0.3593346744412735
2500552377,0.35924003361924256
1879861984,0.3592316298522773
1930207641,0.3589360716783453
2091974085,0.3588925750274372
2502015954,0.3588111755286756
1879870634,0.3587471009928088
2499655780,0.35869906544179886
2094552514,0.35869350318656584
2502927371,0.358214548517064
1930207171,0.35794207282682994
2094594650,0.3579385298346844
2094620071,0.35760662102560253
2095489284,0.3575716279603772
1930992041,0.357553782560877
2092922662,0.35755255603274966
1930966635,0.3574375094565485
1434190651,0.3573027211745263
1879153543,0.35709967094914796
1931622735,0.35689053591119513
2499257310,0.35678895695509255
2092920133,0.35662545550170244
2499742414,0.3565716584800994
1434197324,0.3565664465088
2503561852,0.35641790924029443
2503851520,0.35635071478440916
2499680703,0.356178309243806
2501965344,0.3561479210926075
1879220504,0.3561071868315873
2503074832,0.3560298806069546
1434538050,0.35597645291277974
2501573462,0.35586285750294533
2091260101,0.35581412369716925
2093863210,0.35572775949754976
2092821731,0.3556922586843702
1879183555,0.35548457584268456
1880456647,0.35517558216590606
1932629414,0.35499871305643715
2092813173,0.35498865653302564
1880529157,0.3547848973942541
2501690592,0.3547848712001135
1433130224,0.354666110793583
1433739244,0.3546510049157087
1880511060,0.3545866172783937
1930976787,0.35458244870088534
1432805790,0.354578843741723
2501217920,0.35454341538579115
1930190805,0.35449988345934164
1930198071,0.3544747039238941
1879775944,0.3543538108289337
1433855575,0.35423231487708173
2095393265,0.3541256508152507
1930976177,0.3539325474108046
1433399264,0.3538685465926301
1879149213,0.3538515626677303
1931636617,0.3538450195010155
1930165005,0.3538192438671853
1879843600,0.353542614821526
1931670540,0.35353958162989907
2092091527,0.3534982143985647
2500438354,0.35346922332412195
1880490507,0.3533756824554104
1931696723,0.3530087105542964
2499288012,0.3529782783104441
1879232197,0.35286422840767223
2501894420,0.352815968349387
1434573703,0.3527712955972378
1880436792,0.3526215560927853
2502895124,0.35255671224280166
2091955361,0.3523371325952477
1434503647,0.35232107755052017
1931664441,0.35216684882670257
2092892404,0.352097644393444
1433726903,0.35200063352576355
1931638127,0.3519543735574056
2499517262,0.3517991324342449
1434495821,0.3516200545472086
2093002063,0.351602027602245
2095362597,0.3515664001168189
2502371533,0.35152542168584755
1880441331,0.3514710657601192
1879816730,0.35141766387884016
1933514214,0.35119830567310056
1931017420,0.351184819120348
2093971667,0.3511847204863774
1932633181,0.3511764109217795
1434366115,0.3510859510571598
2499245945,0.3507207931770682
2500527117,0.3506331933048787
1434032063,0.3505482546774837
2499399392,0.3502464817850064
1879204533,0.35015233912447946
1433684545,0.35014460250911184
2092053641,0.34991379968172465
1879893423,0.34966065457294554
1933597263,0.3496038315089622
2499300257,0.34949840547547945
1434054744,0.34946919014265243
1933529375,0.3494629445456515
2499311944,0.34936949260285816
1880488502,0.3493358547937546
1434452683,0.34909357550513526
2503210297,0.3490601753419986
2096244485,0.3489833647874721
1879871012,0.34895764360779324
2502985532,0.3488945684358759
1931016063,0.34884409044112813
2095391501,0.34868652250397825
1879189223,0.34854042930208246
1879890132,0.3484900500769851
1930233401,0.348360702137104
1879824454,0.34826505584795436
1930137101,0.3482583833564006
2095383675,0.3481133496160439
1930228001,0.34806788614704964
1930164047,0.3478689611557733
1930955204,0.34781675849669913
1931608247,0.34774975668422864
2096269170,0.3476023592314899
1933589542,0.3475992458893096
2500104713,0.34757622562389406
2502599653,0.3475040152151007
1931674083,0.34726062202806846
2095368143,0.34724706642341413
2501491620,0.3468364624272582
1432836790,0.3467248824019047
2093889262,0.3466666875693588
1878582611,0.346535461875254
1879201371,0.3464811684524214
2093050600,0.34638254048352995
2093978867,0.3463558911303663
1931009541,0.3463399785245389
1931588647,0.3462224754449512
1439374924,0.3461583144226919
2096274065,0.3461135208458143
2503066120,0.346100001170508
1879818790,0.3460915481185746
2502586772,0.34596920116365953
1880438927,0.3458428999212899
2499703585,0.345653978629533
2500148685,0.3456368065548106
2501965622,0.34545506184346864
2500362537,0.34544543511747133
2093028210,0.34530264617787026
1932521001,0.3450539906695101
2501962860,0.3450299093149575
2501520672,0.344928231035033
1434599762,0.34483417474681843
1879774441,0.3447629567587022
1930148211,0.34469713142225494
1879131197,0.3444074935118274
1930226091,0.3443297956270108
1427876533,0.3442455630198405
1931681844,0.34415798314195867
2502611431,0.34413294931288235
1880507833,0.3441237243139468
2093946195,0.344003105062974
2503675931,0.3439992733836337
1434428723,0.3438992307436507
1879858787,0.343454278458168
1439393620,0.34288600571069916
2092794503,0.34267821797624504
1931658225,0.3426096506608526
2091247067,0.3425116524365505
2502841033,0.3425047824826663
1931619820,0.34232365645667584
1879130384,0.3421748540130142
1930187851,0.3419594592627213
2502260154,0.3418727346458787
1434096183,0.34170702860260543
2503692245,0.3416782823957952
2093962644,0.34135039604697825
1932500973,0.34127740571943527
2503762072,0.341085958369433
1879848224,0.3410845608664587
1878574214,0.3407706606024026
2096191577,0.3405795091969638
1879214581,0.34057912658360584
1879878254,0.3404004371598371
1930179875,0.34036859342730186
1879870332,0.34020098583114095
1434448551,0.3400885906262219
1930982357,0.33990676525966684
1931667255,0.3397156960280142
2502514097,0.33964062406266776
1930222963,0.3395463584078961
1427714217,0.3394775306954223
1427626355,0.3394250700147433
1434037477,0.33939882030032653
1433800261,0.3390790839052484
1932631533,0.33899320339040157
1880535341,0.33895490402817113
1434544483,0.3387332920536372
1880433130,0.33854448041782337
1433781027,0.3384093676621937
2092960034,0.33839645569225585
2092979117,0.33838886655052114
1931590945,0.33807070152038476
2096184423,0.3380692825277202
2092972025,0.33793585549817207
1879800564,0.33790049605556516
1427654367,0.33789463066581105
1439407052,0.33779397218283846
1879826700,0.33772167703302997
1880426713,0.3376670343233855
2503005447,0.3375756969478222
1439369912,0.3374515080999397
1427835531,0.33721013449213116
2499360415,0.3371236975611455
1439615295,0.33693975327030906
1880438257,0.33687532271568915
1933548690,0.3368734142986619
2501390215,0.33681097426976603
2091228570,0.33680954903231897
2093919124,0.3367754608945326
2092951364,0.33663081799185895
1879886464,0.3365788804346099
2503412784,0.3365145710346265
1433579144,0.3363653503786536
1933591323,0.3363375921114144
1879210993,0.336166025029236
1879801771,0.3358661018473051
2092877773,0.3358051215045071
2500415904,0.3357744776367931
1433535591,0.3356742430638597
1433399202,0.3356227406059927
1879887305,0.33519826180553364
1931664044,0.33506515303508333
1439545115,0.33480437293565035
1433472793,0.33462502852196796
1931669875,0.33451078572187243
2092951443,0.33445993734290824
2499722571,0.3344446729152054
1879840017,0.334353769530676
2502022884,0.33430117306217677
2500200731,0.33422094903842003
2500895977,0.334173543252851
2093990220,0.33411326906996647
1930162385,0.3339815998601982
1933564873,0.3338555419246623
1880470582,0.3336670806817837
1879131770,0.3335023081649941
2501550442,0.3334946240432319
1439599741,0.3333210435443303
2503772045,0.33331732439653733
1930973967,0.3332043060273692
1930203374,0.3330425192235145
1434476591,0.33270845777102287
2499368071,0.332652795209697
2092088127,0.3326009704924031
2095434091,0.3325908319747231
2095488793,0.33227923924444824
1931028313,0.33212851429708407
2094639653,0.33198189600346667
1933514080,0.33197437089093257
1879844673,0.33173677311297584
2501356707,0.3316380587929813
2092882120,0.33144615206579703
1880434772,0.33143854877560647
1878583483,0.3314099330602561
2092804167,0.3312285815909302
1879846724,0.331180809762378
2499573570,0.331069727157522
1930197052,0.3310331214612406
1432662141,0.3309432861297495
2500277503,0.3308328830978307
2499664302,0.330817072333215
1439563882,0.33057591989868396
2095461623,0.33051215587355215
2501440053,0.33050727797936846
2092787267,0.33047407728696077
2092793435,0.3304257665419097
1432633995,0.33011000485034175
2500506442,0.32974665915171136
2091250994,0.3296740798679767
1930944465,0.32950376413025306
2501295122,0.329488466922727
1880463174,0.3294882726652127
2499388704,0.3294676714524181
2501468972,0.3294176795052586
2092954573,0.32892212779378627
2092863863,0.32879576798980203
2096273181,0.32856397729196923
2499843982,0.3285360277124586
2096247543,0.32835824186349505
1879220197,0.3282852012174519
2501950102,0.3280284025089679
1929311842,0.32792431239529085
1879899610,0.32787198298082104
1930241967,0.32779563372243614
1932640877,0.3275439314069897
2092072103,0.32741651502349034
2091276091,0.3273875387288649
2093972881,0.3273537378861954
1931009925,0.3267343239933381
1879151823,0.32648044315680996
2096243505,0.3262814533364984
1879178187,0.3262809366478036
1879128653,0.32625602635862855
1434052213,0.3259720651745032
2499711222,0.3258822133931714
1880427695,0.325779388851374
2092890315,0.3257584157623337
1879883942,0.32563887546305553
1879902582,0.3255673721728277
1439332734,0.325474958123881
2094694375,0.3253937797393233
2503275533,0.3253411812252272
2503492265,0.32498920645786894
1931611361,0.32494934200150616
1930999183,0.3248728977939431
2501963084,0.3248232886184011
1932517893,0.32455305818785624
2091216573,0.3244706791748858
2503916172,0.3241513929279538
2095437153,0.32414540157650257
2503261990,0.3240008332551327
1434618061,0.3237412642411565
1933521107,0.3235817956780213
2503583390,0.3235482557640471
2499563234,0.32343437593912483
2500973963,0.32322334737366937
2092871577,0.3232211988996403
2500156195,0.3231254653468061
2092053352,0.32298828488385367
2094679580,0.322980376643822
2092970917,0.3227783630156885
2095414645,0.3227007480347416
1929317141,0.3226411926348604
2092882304,0.32262401519585276
1930242275,0.3224982186855811
2499360782,0.322219693421824
2092031893,0.3220708607779161
2094696493,0.32206284143821406
2095350585,0.32197844951863847
2091198831,0.32197354465974204
2502638572,0.32185635414421865
1932637202,0.321805847505117
2503588042,0.321374079485375
1933493623,0.32134236313208187
2092000993,0.3213306112963219
1879166127,0.3212417754344951
1433128597,0.32114419513716963
2095448855,0.32082172727270863
1879812770,0.3207787899472839
1433467250,0.3204510300855136
2095368054,0.3202036146133223
1929305951,0.3200629846615969
2501012173,0.31998688380834966
1433718850,0.31993459978117506
2501166762,0.31982819623689557
1434558484,0.31971289659939717
2096252302,0.31949280737743246
2503365995,0.3194559884684771
2095366027,0.31935113643825097
1931639002,0.31927383124184083
2096203591,0.3192635312632418
2092868741,0.3189935249285216
2502128382,0.3185616574440803
1433060821,0.3183421012224088
2502479774,0.31833033582577486
2501038712,0.318118301413036
1880483995,0.31781627153149944
2093962521,0.3175909244354889
2096203173,0.3174550336869114
1879190432,0.31742852708797176
1433386395,0.3171949295271072
2500991640,0.31713897677381586
2499246984,0.31712302886112304
2092072415,0.31704168662577403
2499445673,0.3168576669497746
1879155643,0.31676709021553195
2501819030,0.3163998204013692
1932643682,0.316396764820249
2500477995,0.3161443887346262
1433329774,0.31603468763829495
1931688225,0.31597600070594956
2092803773,0.3159303915347552
2503535262,0.3156904227631103
2499634662,0.315327642504645
1931008345,0.3152775770357724
2499760460,0.31491417493618573
2093948907,0.31482682055742706
1879168807,0.3146662386268605
1434258574,0.3145494324621532
1434482170,0.314469295611798
1932428662,0.31443694845028825
1434655804,0.31408449060774035
1880451972,0.31404755990325367
1879824354,0.31400113482894826
2091948333,0.3135938127378562
1427798572,0.3135563109161001
2094671381,0.31355077720870966
2502640310,0.3133989976434173
1933511611,0.31339115710979676
1432660452,0.31336820142945215
1930973831,0.3133656036257396
2502378464,0.31333242246963156
2092084755,0.31329758193006724
2499373222,0.313031920856886
1930164693,0.3128348633698816
2092058925,0.3128076063162864
1439464677,0.3127436871105243
2095400011,0.3126952382509057
1432804503,0.31263440108200385
1427591573,0.3125524710448448
2503768020,0.3124592546456005
1879793953,0.3124552289455549
2499238152,0.31244341050826346
1930170022,0.3123056221500884
2502441550,0.3121602835859023
2093030757,0.31215942750021247
1932517464,0.3121363426382655
2499215295,0.3120100636378432
2502861624,0.31192811948294885
2499631330,0.3114538571574574
2502365924,0.3111911087734351
2502535787,0.3109524534690396
1432684130,0.3107955512779586
2095431923,0.31071769365667384
2499590492,0.31060981056440734
2500265754,0.31037288884654346
1932468067,0.3103014255227374
1879223413,0.3102480111063207
2501954140,0.31007203516642884
1932507002,0.3099742534395857
1930216252,0.30948952907718486
1880481251,0.3094145134750701
1439332807,0.3093472737629568
1879848010,0.30926909449176854
1931661997,0.3092482347370347
2502366982,0.30898914847145903
1932620137,0.30895921056544434
2499729510,0.3088639608061451
1880476520,0.30875950645455985
2091956291,0.30831097296663934
1880529565,0.3081613039280615
2092960804,0.3079505527367732
1930224192,0.3078770421835249
1880482604,0.30780882191879855
2502231393,0.3077511805332829
2502250022,0.3076870171454765
1879853932,0.3072417126136661
2092826704,0.3070734036103156
2093076580,0.30689616259653757
2092052657,0.30681822546094484
2503708290,0.3063030278887435
1879822001,0.3062813467402391
1433621423,0.30579635910560565
1930930292,0.30554989541861055
2499236320,0.3054368552116845
2500110331,0.30536011814176495
1433558991,0.30515660336722833
1930201665,0.30505495228153595
2500501663,0.30490611599545014
1933570794,0.3045961155211492
1433246401,0.304491122043614
2092867693,0.3042707497215056
1932495843,0.30414946170176277
2499557423,0.3041341949183314
1932641025,0.3038337780739115
2502447274,0.3037373986828901
1933496913,0.3036152723318316
1933496003,0.3035789214122382
2093919637,0.30351228143396497
2091972360,0.30343579852208685
2500398013,0.30336907488671877
1880518163,0.3032115258815974
2501282543,0.3031936789790881
2094559220,0.3029895769243078
2095355697,0.3027603141755531
2503892540,0.30273691321246005
2502351772,0.3026670193353593
1933536517,0.3026280071166703
2501957302,0.30253604868659784
1930994542,0.302289853431236
1932519405,0.3021975241030002
2096272905,0.3021649903328324
2500119065,0.30190125274087287
2094662377,0.3018254012271789
2501465292,0.301712561338697
2502891367,0.3016847946863823
2095376597,0.3016113234485467
2092958825,0.3014731401570088
2096216827,0.30141506283056446
2502282002,0.3014086867889527
2502056104,0.30139490908108096
2500211607,0.30103568708458717
1439427684,0.30101344167735655
2092018555,0.3008478207434682
1879769781,0.30046307887571605
2092064013,0.3004406731168604
2502339590,0.3001938155568537
2503180127,0.30007049111535844
1880526357,0.2999391320470542
1434650910,0.29928218832138626
2503490933,0.29920595699041636
2500824484,0.2988615457691911
2502781687,0.2986902526337338
1932474873,0.29852940268258604
1432659015,0.29849821740769167
1433003823,0.2983199267896133
1931026637,0.29811408345557994
1933525430,0.29793587792154913
2091237704,0.29763546311734584
2092896924,0.29758247482261274
2501159280,0.2973412268870889
2503841962,0.2973372484447608
2091199825,0.2971473465087289
2499497915,0.2971308925476179
2502352790,0.29708168124248774
2503922934,0.29703306030749244
1878597327,0.2969563850952651
1879174481,0.2964246419047119
1434339604,0.29638519920045403
1931690637,0.2963694083913909
1933579024,0.2962773208877424
1433346527,0.2962700591180733
2092857993,0.29614865540198726
2091999621,0.296042104906638
2499339590,0.2959413914787484
1879146145,0.295681847780192
1427620683,0.29544569309766877
1930153433,0.29528272882098694
2502496910,0.29527045644480365
1932578071,0.29525059447138224
2501955804,0.29438456904847843
1933516683,0.2942546767180047
2092029267,0.294178094822908
1878583133,0.2941533558368495
2095461514,0.2939094677512429
1433951991,0.29385548152223123
2501137434,0.29381767498249683
1933498845,0.2933067394986248
1934301070,0.29316886405817844
1432702731,0.2929768085107251
1930249087,0.29254128024427667
2095434001,0.29197894431996047
1932581550,0.2917837478922033
1439414435,0.2913797167631498
1931629201,0.291332469748347
1930186090,0.2911812574669508
2502212212,0.2910504209968903
2096248911,0.2910414041853975
2502545480,0.29080365123089996
2094584252,0.29055990051305397
2501953781,0.29017744867496065
2091953365,0.2900573342799101
1880514180,0.2899863586935813
1879194397,0.28917181874061954
2499314952,0.288606245044493
1930220847,0.2886050722283119
2501094995,0.28789899927086476
2503084312,0.28789644169438094
2499688291,0.28762009538666744
1932466341,0.2874915318095497
2503868812,0.28745961135527426
2502822723,0.28742290442411866
2092879621,0.2873657665284679
2503819547,0.2872828860268621
2095428873,0.28724242127556066
1879194917,0.28724005071732966
1879791924,0.2871662090252283
2092010880,0.28715693463928493
2502488273,0.2869677401988396
2093053971,0.2866139938938323
2092876611,0.28635584558874155
1930172151,0.2863042843830959
1878600987,0.28573497338056536
2091255017,0.28573410666047466
2503134067,0.2855675675771279
1931691981,0.28536698927539283
1880511160,0.284981279626912
2092857535,0.28486699150364814
1931026347,0.2838461733747591
2502167824,0.28368205672478247
2094575812,0.283490726586924
2503760761,0.2833837562268716
1933580604,0.28329462723279836
2502317682,0.2832742818715682
1434186564,0.2828134631629962
2500801210,0.2826107939108282
2095451857,0.2821820116177774
2501140600,0.2816804728269028
2092879253,0.2814343149935769
2501859655,0.28136418824843795
2095432621,0.28108536631632414
2503035440,0.2810625229164726
2503390892,0.28083287969652393
1933541191,0.28076602943675094
1932448843,0.28071397279683685
2094669121,0.2803575137072278
2092904945,0.28014796375612505
1931603865,0.27998143129525194
2499815750,0.27957391598913434
2094653980,0.2792422922362899
2501005770,0.27853014182633373
2096212252,0.27848699836229873
1880446442,0.278383191075093
2499883642,0.27820629825423343
1879155741,0.2777413256700206
1931006322,0.27765267044234304
1932563453,0.2776021064363152
2499417155,0.27756498301700555
2501174514,0.2770588099140548
1434694457,0.27693835805480216
2501011200,0.27687558354958774
2499529310,0.2768500445754043
2091264891,0.2768206802227034
2502648425,0.2767197797826682
2502492342,0.27671275214462276
2501717110,0.2766907908692437
2501899404,0.27665536438183547
2501517224,0.2766380616608517
2502778782,0.27632785977737906
1932521945,0.2762181082231118
1434269131,0.2758957863950055
1930215635,0.27509798280064346
2503761563,0.2750698078091503
2501969262,0.27458762365508554
1880544120,0.27427161600076094
1931668791,0.27411478007908824
2502974982,0.27397770350891965
2091201847,0.27394828336318666
1434314877,0.2739196721347269
1932625944,0.2729979736721325
2501972392,0.27295843481855886
2503873401,0.2727053463338849
2501734602,0.2726638634066952
1933565760,0.2724616815276965
2501272335,0.2723557979359383
1930229253,0.2716779492470639
2499585657,0.271447652990483
2094697551,0.27135545123223875
2500146585,0.2712230923763166
2091996213,0.2712186069070049
2092834487,0.27119289513584577
2502635747,0.27116705398940216
2499596977,0.271123487508279
1934295335,0.27092171936947607
2501296983,0.2708525813935196
1878587204,0.27067891812771994
2501262454,0.2705309470078475
2501308223,0.2700339229880341
1933511965,0.2696458039721496
2502913592,0.26956570537600444
2500298964,0.26949794376000763
2502274783,0.26922267185186644
2095346133,0.26859031987012383
2501376780,0.2681779383264375
2092959707,0.2681613641968513
1880532903,0.2675144209375946
1931646933,0.26714079349575937
1931028312,0.2666213277044572
2502561930,0.26661849563665463
1930947453,0.2663857159594394
2499759602,0.2660219080375376
2091285697,0.2659006677057847
1434044670,0.26556245112596216
1880485342,0.2652954533811362
2501417297,0.265070181059659
2500953042,0.26459970881612543
2092999530,0.2645712590111972
1879150325,0.2641344591476987
2501738297,0.2639570464983262
2502930653,0.2635822641237868
2094667025,0.263226823374262
2500514233,0.26291795431571796
2500127067,0.26291481848608866
1879224677,0.26272645762732555
2502692472,0.262720453198584
2501023030,0.26249357219922426
2501680722,0.26241311626377056
2501923811,0.26239566268742304
2502346602,0.26211522618270855
2093876511,0.2620540067627758
2500600360,0.2618047620442441
1879888392,0.26152063428947
2093876592,0.26123082068979847
1930155393,0.2607474749353788
2092771202,0.2606121574144948
2502086472,0.26052370937795843
2503717070,0.25989440767341965
2503626845,0.25968955934131593
2501895521,0.25936520865836404
2095475884,0.2590723227070319
1880505813,0.25903859360499165
2092041122,0.2587270038682015
2502828810,0.2587251130765468
1879773321,0.25860849464029256
2500775855,0.258346445683395
1931593950,0.2577756856897457
1932482801,0.2573420611719384
1932542262,0.25721540482470684
2094669205,0.2572010270270672
2502923162,0.25700849010708027
1934324023,0.2568170205596754
2093867494,0.2559938623101247
2499768852,0.2558502554291299
1930211501,0.25546487446754984
1880523237,0.25496742864699684
2501665382,0.25459300142748004
1434764827,0.25450869992674396
1931642852,0.2544756401425063
2095392360,0.25231850583991455
2095375077,0.2521957337624406
2093891965,0.2519079404004571
1933524122,0.25179836229255576
2501604322,0.2517828754854535
1434533641,0.2516800839691878
2091963553,0.2516586126776822
1932563445,0.25137185529341866
2499486102,0.2510701719331467
1930174177,0.25003132663802613
1932617447,0.2498723059583341
2501703010,0.24975778736329152
2092885581,0.24974427321798912
2499651060,0.24872314892210856
1878601291,0.2485354305056525
2499560500,0.24806977243351644
1930175854,0.24782157140926783
2503575883,0.2477914885753233
1879853647,0.2466746231164841
2094696577,0.24617428842130115
2499412165,0.24596302279630394
1879768393,0.24453992678069703
2096207725,0.24450455738837018
2093966457,0.24417995611984616
2503018191,0.24382978425894872
2501254685,0.24375297989366673
2500922755,0.24301162308194493
2096247613,0.2428498558950707
2093937187,0.2424025846303407
2092087163,0.24239856312206604
2092825935,0.24217879140392617
2095372073,0.24211309044679544
2501567841,0.24144515515588466
2502970410,0.2412688363071914
2501844605,0.2403225250115333
2500161243,0.24029192718900733
2503365964,0.24017066373722676
2503626602,0.2400577263386397
1879908023,0.24003375714409725
2499491592,0.23927168793903092
2501234240,0.2387392678970134
2500295797,0.23867367230668782
2501052660,0.2386683326473546
2499317145,0.23856831887715094
2501508910,0.23846187022538096
1931622455,0.23790190859154978
2499865192,0.23758159854036404
2503120331,0.23736131252758425
2501003480,0.23627284771147722
2503711534,0.23492134856230806
1931022017,0.23476655473035796
1880538765,0.23476273708303905
2500932124,0.2346006114746398
1931633071,0.2345017451753751
1879166473,0.23429533104131545
2503472983,0.23407319066817284
2502124515,0.23403897186256978
2502701741,0.2337581882286086
2503134564,0.2329380077599727
1434235581,0.2328276043283491
1933510183,0.2322838702596721
1930150663,0.2317867247299918
1879183745,0.23156981349386505
2499441700,0.23156210093724805
2501286622,0.2314726592757463
2502850240,0.23134522061988397
2499218784,0.23090170910204272
2501135384,0.23052577736306373
2093089700,0.23006463436603178
2502393684,0.22994576289288432
2501034280,0.22853680952074057
2096200262,0.2284341539132847
2503797092,0.22749505657854524
2499427594,0.22747778832847632
1879893545,0.22731231274286107
2499426904,0.22686748548494667
2499459190,0.22525456023313825
2092849515,0.22483536752520936
2503767942,0.2240047294341965
2501336704,0.22379575514828204
2500726004,0.2236977471128726
2501908385,0.22354025468796873
2501410023,0.22346580045372993
2095364133,0.22339414084913803
2503329080,0.2232183431358289
1932576255,0.2228478152718473
1930970155,0.22252364899069965
2503605640,0.22102469107250383
2093970330,0.2208058638054865
2502215800,0.22047850971351227
2500984840,0.2197784581661814
2503759152,0.2197433295319691
2500561363,0.2197037918204212
2502852091,0.219421098992787
1934324887,0.21933465249254738
2499448502,0.21862861120579316
2501416164,0.21849529135442217
2094610225,0.2184354861040915
1934324013,0.2184210280422056
2499346242,0.2182812235106154
2500933895,0.2181689671371223
2092921401,0.21777772139388618
2500851610,0.21747413084913977
2500856790,0.21743681493243314
2501977282,0.21687594546056865
2093966992,0.21593106425312114
2502502294,0.21542707347154555
2500479077,0.21515024612237924
1434402060,0.21499102445558874
2095362260,0.21446895095723728
2503094822,0.213728637857316
2502076602,0.21148211479184312
2502263730,0.21144479066481048
2500996171,0.21113226849594155
2499584480,0.2100942306010371
2500655062,0.20955260420381114
2499677377,0.20919639816359453
2499783320,0.20918405422278596
2091984675,0.20851348900201344
1934319431,0.2081274516475727
2499318605,0.2069275417465231
2499506874,0.20631107661478462
2503618484,0.2057460932829412
2499323777,0.2055344904604514
2502082510,0.2055134348972465
2501284670,0.20460340725872359
2501536430,0.20436675780503458
2501763224,0.20399465922772494
2503292310,0.20375665144496996
2503702802,0.20373850975953042
2503191945,0.2017272840174932
2499652350,0.20130918174283202
2501955052,0.20108007598620983
2502694877,0.19894445432955077
2501016302,0.19894274767505005
2092055271,0.19892169796855425
2499859435,0.19706027598410059
2502756675,0.19692696129345327
2500895150,0.19670148742358173
2502099493,0.1950519759667395
2501219622,0.19442265241239418
2500959423,0.19437507061058895
2502985382,0.19376697158383077
2502453420,0.19305090949693135
2499206154,0.19281075908463782
2095419411,0.1927506018576814
2500270590,0.19262627392704582
2501069352,0.19124214459697422
2503060941,0.19036760033818503
2502695253,0.18660138678045676
2502433147,0.18555741295755807
2501130577,0.1831324246837935
2500881744,0.18189941695156153
2500151964,0.1797931312503164
2501931757,0.17962544084648335
1434066280,0.17939768698172584
2503895143,0.17792328222172904
2501597622,0.1767241380255488
2502571032,0.1705639257887837
2500961500,0.1614903877790633
1879863990,0.13476390778785427
2092847577,0.09872472379128004
2092863767,0.09735455891127107
1934298503,0.09733523809629706
1930138130,0.017209867474931567
1934312535,-0.004000950269070123
