user count in community:290
Topic id:3,Representation:0.4518949353691644
userid,score
2501764160,0.2894454050188651
2093075872,0.2709056095501683
1930227184,0.25933311138011395
2094670997,0.2589958176800549
1879236991,0.2581502183255754
1930186825,0.25728866735510986
1930150954,0.25574762936625467
2091961202,0.2521509136461943
2501478571,0.251095273731261
2092783520,0.24546300807840923
1933592775,0.24209732354046623
2093086990,0.23970458638088946
2501643441,0.23940137487178376
1880425502,0.23658352301816588
2499720697,0.2346891010562017
2093023170,0.23404018469757723
1930993645,0.2335546671463629
2500133562,0.2316905798649913
2503272264,0.22927216349491733
2499342081,0.22901795900631297
2500213593,0.22806016123508807
2503528500,0.22567809431989677
2092006114,0.22555086352970005
1930210082,0.22506194780881383
2499615414,0.22493074871672905
2499226970,0.2239879169910592
2092873123,0.2221402344774617
2093863125,0.22145429752233847
1879152325,0.22135538683122075
2503148300,0.21786869649127583
2501599092,0.2175397486023058
2503118924,0.21473930522394657
2095369707,0.2145263142986963
2093026527,0.21372955796369747
2093029484,0.21343918813831775
2502040583,0.21253091071947675
2503531854,0.21167645621379744
2502885067,0.21128862283635086
2093088532,0.21127415727570445
1879217541,0.20964676015713402
1930938322,0.20904648124383354
2092013684,0.208806437095663
2094587154,0.20740416501971148
2499344254,0.20660970075351748
2501401463,0.20539428705902713
2499316972,0.2049868772273079
2499414084,0.2044313273830302
2499393440,0.2042204271068166
2092864617,0.20412010523655832
2093028187,0.20319538109319296
2093898101,0.2022959784479418
2092948480,0.2022166766503689
2500635473,0.20075373321033108
1879126043,0.2003204461462577
2502451370,0.19996987977754146
2094622710,0.1999562767668285
2503766167,0.19832833422353113
2501867474,0.1978733971959332
2092815477,0.19552523600351704
2500484523,0.19486331826442368
2094668761,0.19191821540893378
2501892500,0.19143639192015371
1880440000,0.19086841624290798
2501731774,0.19081558848951355
2501907660,0.19024383774893117
2501109061,0.18934465505506565
2503045734,0.18930102181554284
1930162875,0.18912495901259238
2499310494,0.1882321453383426
2091209265,0.1881927715112179
2501316021,0.1879569020253103
1934313531,0.18694034593033423
2503381524,0.18662695485975253
1879788582,0.18442701921747695
1929316091,0.18420375983001708
2093065220,0.18313589340955558
2501156425,0.18258484951285173
1434004434,0.18147081683288513
1930968163,0.17975208239967927
2502171990,0.17963370602889472
2092882033,0.17937042350984753
2094599573,0.1793243311796527
2501279374,0.1782163466376376
2092880697,0.17735649227431308
2094672994,0.17672126859683357
2091991225,0.17605037961383976
2503181727,0.1743422613934973
2092771564,0.1730180387743346
1880503662,0.17160299878683857
2499456874,0.1712047272378546
2500246047,0.1680396380421726
2092872161,0.1664236064670451
2501965535,0.1636583637548655
2092856594,0.15959578173491962
1878599031,0.15863290966021426
2503153094,0.15841380192703114
2502998941,0.15835142057429816
2499319227,0.157310275835994
2095391127,0.15661088129139802
1879779900,0.15417344101640026
2501326697,0.1510736890420537
2092888355,0.15046811636395946
2092768680,0.14918876253476976
1930227130,0.14908111524258572
1879801480,0.14876483841399893
1879844964,0.14719820130879355
2501499422,0.1471675757782844
2502915650,0.14582987833876165
2092779621,0.14516780299516327
1879905001,0.14405618361335137
2502552852,0.1433227559118706
1931661027,0.14126040443506346
2501294401,0.14029622824470794
2501761580,0.14023101550713066
1930224904,0.14016543096082076
1432924181,0.1388146725937525
2502682142,0.13740223584858785
2093023272,0.137044572835541
1879833574,0.13559079987077294
1931005652,0.13448296933664775
1879826575,0.13375786096938908
1434199920,0.1325536907487009
1434669560,0.13250031055303502
1427659827,0.13203889005190278
2500710612,0.13111298084620748
2091189351,0.12962121324087164
2502515742,0.12867302153460397
1932525581,0.127839285828027
1930182094,0.1278196321208987
1433174390,0.12563119253450733
1930153455,0.12329611722467465
2501906010,0.12313038293015521
1932438440,0.12202313441355765
2501901683,0.12014524299238456
2502492422,0.11991077585312514
2091180495,0.11990798384312211
2092082593,0.11987592326047367
2500774710,0.11963439538169388
2503582314,0.11942084286829917
1932646293,0.11889277906006816
2503742070,0.11862536198485084
1930991543,0.11842502959547914
2502450323,0.11786877279740356
2094550217,0.11767110608308651
1434710283,0.11727123535956073
1434596990,0.11694776411388803
2503026234,0.11573946682556621
2499639367,0.11549349364601108
2501665430,0.11416963785660404
1433107491,0.11392092845449546
2092040984,0.1130383324600362
2500106844,0.11257888118504375
1434618870,0.11251384990213463
1932564172,0.1123663248491551
2091952831,0.11197346302041415
2501905410,0.11180293448639182
1879791831,0.1116801085786844
2501898923,0.11155138568139071
2503215500,0.11065612886102558
2500157893,0.11065441929533494
2092035373,0.1098795866231026
2095450512,0.10952925557441114
1432651341,0.1092559274742994
2092970334,0.10885571565748915
2499735083,0.10860134354656747
1427648447,0.10815664279743495
2502356982,0.10776259790285259
1930160470,0.10668478944948143
1427842945,0.10635719816309332
1933501874,0.10600157971765004
2091253151,0.10585066969244823
1931643635,0.10523979522072799
1934311812,0.1022129949957436
1879801654,0.10197094179965425
1879238355,0.1005866540445446
2499718954,0.09947171091417802
1929309083,0.0990135368056864
1879124215,0.09768758713561058
2499858797,0.0971465133910771
1878592084,0.09688685167747102
2094608093,0.09616854075139479
2499606560,0.09474989664985715
1932610242,0.09438422231175639
2501479774,0.09409280301936564
2499682364,0.09374479189328695
2501598150,0.09344040721347463
1427808664,0.09315412239168187
2500157837,0.09312467858835571
2499389062,0.09269979209184284
2502054707,0.0926678646816424
2500414825,0.0918995161639474
2500440344,0.09184183322831486
2502314702,0.09180689567995529
2501853565,0.09125326350289131
2502217292,0.09096354425208682
1880519110,0.09053292695284366
2499704044,0.08944811651888697
2499357373,0.0888444608379632
2501414641,0.08881311711935899
2499345390,0.08849712234200634
2499552123,0.08786162757369395
2503346140,0.08769356541831433
2502425540,0.08725497115060558
2503031734,0.0871448365588779
2502590442,0.08646503050549922
2503638252,0.08645566541555072
2501721060,0.08598047359672774
1879784700,0.08596323619426446
2502844741,0.08593217333399426
2499885794,0.08587085401160732
1433485943,0.08578018601891141
1879167575,0.08567715360936429
2499270867,0.08508220385839213
2093025897,0.0848060821961381
2501207730,0.083763136690452
2502188240,0.08344325892053198
2503636432,0.08338841810302515
2499530091,0.08330821355952746
1433228131,0.0831094888325504
2499802202,0.08306468626406631
1930937671,0.08204713202596826
2501252125,0.0820341293157427
1433710197,0.08122874609841331
2502238784,0.08099345631008704
2502320960,0.08090189824082782
2501791630,0.08081419547337262
2095425472,0.08056021623429248
2501726255,0.07989876986262345
2502219574,0.0798342590548285
1433531634,0.07981039509164761
2499470951,0.07970590694913163
2501235352,0.07893992983881565
2501305902,0.07878986329258647
2093930581,0.07812620500515133
2501049334,0.0779203671749286
1933512572,0.0775036980738688
2503725854,0.07729599656791027
2503924824,0.07728065883858051
2502114942,0.07720022741107406
2499470433,0.07716483179037623
1434155354,0.07708540435036765
1933517253,0.07698256327186458
2502698673,0.07658272506787445
2499671352,0.07604700730043601
1432716392,0.07552184473228737
2502243282,0.07518064667311768
1439545517,0.07410877385787346
2501268972,0.0737966241154416
2502987530,0.07370183477828086
2092020535,0.07356930330185413
2503792674,0.07334940675883493
2501971577,0.07314597106584173
2503779132,0.07301009680978324
2501387574,0.07245785715248046
2503465050,0.07244019107562927
2093951330,0.07236868491827099
2499282703,0.07194878410821594
2501904833,0.07182894483662836
2094604503,0.07082731972058265
2502849382,0.0705515717796667
2092826257,0.07040123601828711
2499393542,0.07020928063009456
2502634473,0.06975700441741381
2500342187,0.06918992698040313
2092832282,0.06917938961117848
2500410693,0.06914982952478876
1933510842,0.06902167052145275
2503215820,0.06836104753563027
2502802233,0.06770092208905927
2503260092,0.06698094191527482
2499633757,0.06665821617219023
1433119840,0.06597780836256929
2499223904,0.06319232948815619
2503257965,0.06273384170552505
2501512930,0.0627312962863151
2500304223,0.06269640916901319
2095397813,0.060913236428975545
2093965473,0.060325858295229406
2093042013,0.06007623940243781
2501198700,0.059690746163051235
2500409523,0.05953996189059886
2503451410,0.05951743723295334
2502875953,0.05651285884395856
2503172652,0.053833294608961045
2095468603,0.05351600244272575
2503472355,0.05313935600587425
2502881181,0.052148741545472804
1933521190,0.05030730165291194
2499252035,0.04871933186068242
2093958040,0.040105429692692394
