user count in community:1029
Topic id:4,Representation:0.5152056829479283
userid,score
2502887135,0.35718956012058767
2501573705,0.35615089980340625
2502096030,0.35339652164650565
2500371823,0.35012073204240707
2502159035,0.34870654610777074
2502367164,0.3471387716460644
2500102190,0.3470085040150379
2500399293,0.34381356291550974
2500296344,0.3428101067287127
2500219720,0.3400602912430933
2502582172,0.3399064992028392
2093943574,0.33972918633217664
2093969754,0.3382917437888389
2095340617,0.3341743505197234
2501969041,0.3302691170102694
2503404540,0.32963344875963413
2502386213,0.32888651532488355
2092060795,0.3277891697792337
2503743230,0.3276344013174887
2092080070,0.3272537326079393
2092064384,0.3269290474430738
2499284220,0.32688085557430513
2091186867,0.3254228099355055
2093943622,0.3252834110855985
2503034700,0.3247792430210041
2095409650,0.3244056813995459
2091981662,0.32292145294752284
2501149074,0.3228944915836019
2503626107,0.3228456245891754
2502146201,0.3228288312703967
1930939857,0.3225569571063873
2094684312,0.3222686312210166
1933501107,0.3209185763648871
2502838235,0.32026988712485815
2503778574,0.3190495850331979
2502432240,0.3186037398014664
1932608894,0.31743651172697374
1880518571,0.3174303705875785
2499833534,0.3142254828547637
2503922830,0.31372724454957407
2092080571,0.3136560835830522
2500453793,0.3129629614064021
2092799007,0.3122853561938356
2502581142,0.3118655697287819
2502932442,0.3112961962410962
1930968441,0.31082697208167387
1931643017,0.3102358074429148
2501643600,0.3090282011542409
2502035962,0.3084625819445821
2499283287,0.30756331064291886
2500102042,0.3068524159615098
2503768161,0.30646696160864156
2502292901,0.3063830962989708
1879150732,0.30563251318763845
1930136852,0.30496152307420094
2092918933,0.3041907182374829
1932531327,0.30311315858214
2095352591,0.3029085693426127
2091180663,0.30208698827675173
1879822264,0.3019294783236662
1930212161,0.30080401728401396
1932555224,0.30075863868353053
1427611500,0.3005907840036989
2500103064,0.2980538362951036
1931610084,0.29717383451518553
2503006452,0.29702068625921413
2502332847,0.29687823725659934
2499624740,0.2966560375388723
1931003510,0.29498504819241966
2502676583,0.2949251139990994
1879178394,0.29355071409541506
1930200207,0.2922608818173603
1930180330,0.29057861589977274
1930216045,0.2904689458594659
1931608607,0.2904663886625299
2499645960,0.2900341521579089
2095433443,0.2894732080843395
1880533182,0.289428123116548
2503362361,0.28904380262529666
1930991267,0.2872410916797526
1880439310,0.28601799792623245
2503056204,0.2851250330955961
2501937211,0.2843244335461906
1879176952,0.2842954267122116
2499605735,0.2841184543887745
1433523485,0.2832148604824121
1932510763,0.2827670080211957
1932514924,0.2827486165987071
2499296120,0.282313014346048
2499772990,0.28230760626908996
2092817663,0.28215109073266903
2096253487,0.2812164264500496
1432715841,0.27963109468415737
2094616831,0.27962169433561557
2500202283,0.2790411087013242
2503100674,0.27876812468486284
2092896782,0.27876115268527696
2499223451,0.2787522799558146
2092895213,0.2786041999123413
2499308242,0.2783163060586238
1932563855,0.2776326771285607
2092026415,0.2773836110157964
2502617454,0.27732418558513106
2501729072,0.27731785264884606
2499255770,0.27727550563554676
2093946140,0.2771946171601464
2503564650,0.276269319541339
2503793365,0.27581893336217744
1933555542,0.2752833874930583
1879243184,0.2749260127490519
1932505457,0.2747417287987261
2093060064,0.2740653480913409
2502858837,0.27327612958834774
1932600585,0.27296945391912386
2503382911,0.27274403561410343
2093001787,0.27264237833317806
2095444641,0.2721451017581924
1879169507,0.27207631557962053
2499244132,0.27165424456093046
1879831903,0.27165116536515826
1933549545,0.2709240141839397
1930203205,0.2707335959106782
2092912684,0.2707289852094306
2091947402,0.26986498691141286
1932489561,0.26882955652838697
2092965332,0.26853080748826214
1930168374,0.26830998338194256
2499588640,0.26808011728502046
1879895723,0.2677189849709108
1930961914,0.2676056064558711
1930148543,0.2664360100052884
1933561165,0.26641655076090537
2502723321,0.2659345520122821
2499543057,0.2648200169836729
2093911237,0.26478241180622714
2092853552,0.26394022790041527
1880468610,0.2637125759106917
2502617040,0.26356549008427016
1432959657,0.26345343097296553
2501987473,0.26312822890848303
2500433831,0.2627680144472646
2503187830,0.26217410861673485
2093856124,0.26115486339836214
2500212595,0.2603873427115152
1879149390,0.26031106522927905
2093967565,0.2601926045430508
1879222605,0.2601525911179247
1930949107,0.2598718953127725
1433199633,0.25943817394101154
2093960557,0.25940247029306207
2502397084,0.2591654239363388
1879815904,0.2591432355161724
2093866991,0.2588704524929223
2503125171,0.2587406275761824
2501169814,0.25857724540465793
2093072843,0.2581593800994745
2091201120,0.2579969918102629
2094623015,0.25779346772125517
1934298653,0.2570424709780612
1933564375,0.2566566620810234
2502217212,0.25660960537128996
2092990864,0.256450646806142
2499499890,0.2564026430050188
2092761487,0.2560790018315066
1879794502,0.25602673904819767
2095392243,0.25593519365438966
2501499373,0.2558181461437228
2092019875,0.254827582636317
2502246510,0.2546727636152219
1434094101,0.25455446616044064
1930195303,0.2544082942574817
1931020402,0.2540339479365516
2502286981,0.25282774040601064
1880481975,0.2528079160721432
1930973980,0.25164228881771034
1879207954,0.2505964062334436
2091982721,0.2505890203498506
2499249480,0.2502399750349665
1879211333,0.24999338619468875
2094634993,0.24964880351121785
2092058544,0.2495824333734561
1433352803,0.24947954501923222
2503506700,0.2493262367329301
2092032733,0.24927940763642784
1933493590,0.24924898343027727
1879888110,0.24882885497970672
1879881134,0.24874618903270315
2503887320,0.24869472524016806
2500640503,0.24836130471217832
2503747972,0.24747955982541014
1879807244,0.24680643124455418
2501040175,0.24667181468058785
2500848271,0.24604514168225952
1931689215,0.24590442007740668
1879237145,0.2453025265922628
1434432584,0.24502180490371783
2503371853,0.2448191101269833
2503872484,0.24406190214640366
1878595471,0.24405591560369883
1934319970,0.24394257247446363
1934297007,0.24335737678970426
2091950073,0.24329078526298226
2499667832,0.2429676675474963
2499576032,0.24267499218001312
1433101515,0.24254715894928594
1439377233,0.24250426905581568
2092776380,0.24234733286250745
2092992673,0.24159599281320102
2499259942,0.2411591869143878
1930979633,0.24060871460331257
1880490001,0.24020232108201067
2499826432,0.2390417813697901
2092856014,0.2390245004442531
2501690062,0.2389648548976869
1929303183,0.23891572933718447
1932556122,0.23809419291302003
2095394617,0.23802679345294986
1879811890,0.2377466258624757
1931607622,0.23752066876135472
1879859474,0.23748939848411627
2500900994,0.23723636812958998
1931001297,0.2370062582163887
2094632982,0.236952827694868
2500150361,0.23656138436569393
2502183104,0.2363599697292514
2499371070,0.23624561169532093
1930197437,0.2362318443028079
2501199145,0.23614426840463884
2499382070,0.23591586320373076
2499712482,0.23577497986502813
1434350237,0.2357554668179143
2091186947,0.23540734159888677
1879248523,0.23523246392236274
2092885952,0.23490346089076872
2502636654,0.23413354639418404
1432640924,0.23412099165072006
2499299800,0.23384370834252302
1879791133,0.23383217461427205
2503774534,0.23345664489548465
2501745474,0.2331964124283054
1433991732,0.23310996330368813
2096279842,0.23270941055059094
2095352311,0.2325594744988299
2501008205,0.23240146083270408
2091210382,0.23234779426239677
1879208903,0.2322999080486381
2093053935,0.23204000011592482
1931633804,0.23203697164718237
2093056471,0.23186515647476671
1933521451,0.23137015439392583
2503707324,0.23095432832912297
2092800062,0.2306758209227727
1930174271,0.23061796467022927
1932582351,0.23046392048583514
1933569752,0.23037161625156297
2499581512,0.23000514602161773
2501120651,0.2298685109177409
1879792694,0.22955615411912608
2502481820,0.22896561941054147
1434452880,0.2289149007109884
1879836814,0.22890338664625948
1932476351,0.22821073641046724
1930934351,0.22814514977809458
2093049863,0.22803645634055758
1879866257,0.22737993270454096
1879202085,0.22730903772830946
1879823660,0.227278831476429
2501197010,0.22659135143618586
2501652962,0.22658851270102456
2499828202,0.2262832557656285
1930940280,0.2262391364865569
1933494805,0.22599820851207797
2092082737,0.22515143718652803
1879796645,0.2250358768617398
2096236307,0.22489511283751992
2501886724,0.2246587866374011
1434293665,0.22425455185842377
2092993380,0.22417097262923927
1880508490,0.22415479609350134
1880511635,0.22410745746047064
2499488215,0.22408546127659562
2095492575,0.22367932624330675
1879811465,0.22353420178102268
2095350227,0.2234234553832672
1931616884,0.22335905868946002
2499762194,0.22333347308736914
1930954477,0.22294924998431917
2502107004,0.2225512609098201
2094643294,0.22250443103104503
2501621443,0.22245635904664032
1879207707,0.22227701817132242
2503396477,0.2221943340528926
1931649310,0.22217686297819192
1934319462,0.22215077842256764
1879811650,0.22211277108691518
1879224101,0.22208488015624087
2501098453,0.2220280432133228
1931679390,0.22188379540410932
2500362523,0.22167945326794383
2503700332,0.22113884609212117
1879244284,0.22040445410335682
2095434701,0.2203962274201107
1932614251,0.22027773299921785
1931656005,0.2201788161820349
2502980641,0.22005968435852674
2503826374,0.21967858854024547
1933518550,0.21962452459604612
2091997783,0.2196227587508187
2093862715,0.2194684053185926
1930937403,0.21941064840465063
2502208634,0.2190705831928317
1931686503,0.21905731576932222
1879786804,0.21870835799720206
2502781272,0.21859456616509976
1879802412,0.21854984857514936
1879214501,0.21837755709425066
1934303325,0.21828880041931012
2092858435,0.21807326922266793
1932651147,0.21800688462000778
1879836837,0.2179553985604189
2091975120,0.2178691335213889
2499552207,0.21745047486262895
2503692947,0.2173613527707731
2502245990,0.21725989454607736
1932566195,0.21629750393768388
1879152944,0.21616727029365296
1880507674,0.21600385474894832
1879161280,0.21570419850361414
1932457174,0.21529705693138354
1879840945,0.21520812159567185
1879157904,0.21517405364892872
1878584235,0.21515165523310298
1880536181,0.21484390247792853
1880479131,0.214533795347124
2502277934,0.2145335502343945
1433467521,0.21424113596534522
1931001041,0.21411625953137986
1880443787,0.21408432887661377
1434474163,0.21386905381422544
2092973252,0.21381869448234256
2092922897,0.21366520789641874
2501471075,0.21329995987723785
1930989237,0.21272229047404043
1931664417,0.21248246955619737
1427732714,0.2123252163980441
2503427920,0.2122276336664315
1880527951,0.21211853232385536
2094597364,0.21201707403801598
1879177281,0.2116962520289263
2094669691,0.21154730691518217
1880495650,0.21094753257431198
2091188353,0.2103178136637287
2503573112,0.21014815653673424
1930966252,0.20991795784617395
1932653744,0.2096710570206465
1930998551,0.20930553599951413
1930964653,0.20924101134448597
2502636050,0.2084341115537132
1879143971,0.20842284316480178
2503719523,0.20834912477720147
2501230707,0.20800494928092586
2091961791,0.2079492128937914
2093929672,0.2077221189943601
2092021475,0.2072377288904258
2503523992,0.20715074211880705
2503373132,0.2071424565665756
2091957401,0.20666191936566844
2095392045,0.20654336190614506
2092007703,0.20652882187243465
2502528323,0.20628982183155256
1931012001,0.2062659091103102
2091186777,0.2060524040836663
1879909085,0.20570625606701823
1933570641,0.20544209016243792
1932472671,0.2053452124545145
1931636420,0.2053042296436454
1432823653,0.20525850675777
2093064853,0.20523800560733657
2093946341,0.20486690659988988
1433589300,0.20478650967005818
2501820991,0.20471308622931728
1931679275,0.20445425853719695
1879800233,0.20444030529349225
2092894141,0.20435196610009235
1930973711,0.20422323952131877
1930992352,0.20403305784737774
1880526177,0.2039208386913254
2092931571,0.20376927931577982
1879906943,0.20357656736760826
1879889037,0.20351872826661935
2501089503,0.20350245019018517
2503380831,0.2033087476321355
1879808712,0.20293037708807338
1878582487,0.20265464206947378
1427652811,0.20231330635685466
1932460174,0.20226956397621065
1878580747,0.2021245109410573
2094576674,0.20179281632662946
1880483700,0.2010154282446953
1930950830,0.20086436981268144
1879787050,0.2003812647705484
1439334713,0.2003471625069299
2095368807,0.2003235732983887
1930152301,0.19987345170604046
2096271540,0.1998653438353134
1931006080,0.1998294891656828
2092934154,0.19981915529588012
2094686062,0.19976308951437358
1879855563,0.19976007571338666
2096222302,0.1997130640043254
2502775600,0.1994341591074111
2502376575,0.19921000103245703
1930986841,0.1991546683156289
1879206022,0.19879568224311198
1879853294,0.19873569358242102
2502792727,0.19864652426321613
1930249271,0.1984829836273995
2503419273,0.1984684208361248
1930192312,0.1984342562493082
1930993880,0.1982416617636442
2499205031,0.19803639633652206
1931617462,0.19798109399237598
1878601002,0.19759851216207494
2092766250,0.1975538300240931
2094649620,0.19724716213330698
2095398655,0.19723134000821643
1878587053,0.19717802918059196
2501599404,0.1969916430254137
1427864823,0.19684406745055122
1933516751,0.1968018036279524
1433603200,0.19650863334185842
2095352751,0.1964104268779341
1880454443,0.19597808068517963
1433936424,0.19585249938999727
2501800415,0.19578764805144874
1878603877,0.19572198076065808
2499531205,0.19562649223154072
2503605217,0.1953175922335137
2499230603,0.19500623109368073
2093088457,0.19498010369657748
1434068273,0.1949511809597901
2092860551,0.1948833603732328
1879839430,0.1948041174342743
2503320787,0.19470687303103335
2094564307,0.1946187820286534
2501404785,0.1945887789867783
2499729902,0.194556759356457
2093981553,0.19439229044414305
1930150194,0.19412031105814373
1879179333,0.1939953212641267
1931589363,0.19365581545341107
1433697001,0.1934346871352855
1880478483,0.1933124268806831
2501456512,0.19321367972461398
1933555950,0.19306348343195354
1933530140,0.1929742414554147
2501780115,0.19282632650610243
2502042364,0.19276433317630387
2500793294,0.1926564991230138
2096227567,0.19244157595565833
2091988012,0.191909177106719
1931025780,0.19177390137176648
2502459502,0.19165606599556925
1932506461,0.19142294721361935
1433546934,0.19131516628031106
2092786760,0.19098100287146474
1879891071,0.19090093837010463
1878586150,0.1907933128153614
2502318014,0.1906285211860888
1434760937,0.19055640762444787
1879154971,0.19041236658207347
1427772923,0.1902478970128856
1879175273,0.1902034807749952
1934300257,0.19001186409163875
1434250440,0.18985902967947177
2500221872,0.18976035865994426
1879172691,0.1897484770167002
1879829071,0.18943589679011638
1930928765,0.18913123777501692
2092928521,0.1891281509922699
1930201942,0.18891175789558706
2095429141,0.18853461915788053
1932483774,0.18851769461156231
1427602581,0.18849984060388822
1930940603,0.1883339945822654
1931588940,0.18815444976131865
1880504634,0.1880388384474037
1879125695,0.18801559155945172
2501226367,0.18756900717455105
1879176623,0.18744802178367673
2091262507,0.18730571591603898
2501651352,0.18710884310993742
2500972741,0.1867947099007143
2501409150,0.18673755219535154
1880536880,0.18607681909139098
2091199193,0.18606301270629064
2501355724,0.18583634911408528
2095412565,0.18488161012841803
2093080013,0.1846614044594881
2503921877,0.18461157714763793
1434384562,0.18444440034949822
1933523414,0.18403554174003095
2499500162,0.18383376784263916
2093086613,0.18380103764302094
1433177945,0.18370439710143657
1434383341,0.18329856094196922
2093085411,0.18288886631318918
1880473641,0.18288715479821488
1879156917,0.1825606983718309
1879237643,0.1823963352556239
2092925813,0.1820236217995365
2502129845,0.1816394858202234
1879847252,0.1815543369734596
1930940712,0.18155084490545706
2092752310,0.18132628878816276
1879889052,0.18123934160679864
1931630260,0.1811058892490815
1879224335,0.18084630360998968
1879138233,0.180747660355792
1879780590,0.18036393689279767
2092937533,0.18035659962489464
2501311230,0.1797354348392642
1932479880,0.17960878522332505
1427820455,0.1795253109422388
2092902047,0.1793149507666128
1434636037,0.17911766601331466
2093057597,0.1787315188062356
2092840745,0.17870717091285243
1434471061,0.17869966653982877
2094558563,0.1786663110702731
2501209115,0.178554921247884
2499798530,0.17847559407434826
1930172982,0.1783582592339069
1931672455,0.17832571512082468
1879154335,0.17822833333025467
2499458864,0.17810247243966906
1434304104,0.17787472359545373
2503638610,0.17779420919488237
1433859440,0.17709481498203894
2499238983,0.1770172151948768
1879238252,0.17695387907480584
1879147434,0.17672364393972134
1434235361,0.17660311063426096
2501163810,0.17636422640463084
1879835704,0.1761296328492445
1434204871,0.1756966551380095
1932582531,0.17549351909259908
1879782824,0.17540699158035983
1930933573,0.1754027330100934
2093011210,0.17530906638772756
1930169244,0.17525219236469633
1879182725,0.1751604976699861
1932627120,0.17509987481197165
1878592094,0.17480232432768084
1880427754,0.1745971997827217
2500253524,0.1745384688869842
2095485540,0.1740129037050213
2503315264,0.17394785316921005
2502313740,0.17348294096630082
1879825524,0.17345359371574684
2499291103,0.17309610050067134
2501854321,0.1730937541377799
2093945075,0.1728609397412041
1931600081,0.17285477702835386
1878603172,0.17266366326897215
1879894710,0.17240226144567938
1879164957,0.17209790632977323
1434278044,0.17193528633638644
1434531197,0.17185435631389975
2503554092,0.1718135034422844
2501409181,0.17178328824868927
2499225637,0.171462645814497
1879877182,0.17138653361438427
1434339160,0.17119726900888568
1879887370,0.1709777055309152
2092777021,0.17081245105937615
2502130954,0.1700350908227975
1932440190,0.16995336353042112
1433177313,0.1698475542791659
2095365654,0.16957604074516902
2499259304,0.1691652071640053
1879850674,0.1689819490162907
2501016970,0.16871242964719704
1879843095,0.1685816043269651
1932634055,0.16851736955011976
2095341063,0.16841618902982658
1934306281,0.16829340097709378
1427595804,0.16826532780068623
1439482372,0.1679846573212462
1880531015,0.16791298617772057
1929315913,0.16785457363570191
2095336380,0.16767339603937
1932611027,0.16756161632465325
1932639853,0.16754530850157523
2501728871,0.16717432560050455
1879214795,0.16709919408462112
2503025170,0.16702192557893883
1879163794,0.16687233649638297
1931658935,0.16676008684049512
2093074877,0.16648162286691928
2503570454,0.1661985577992634
2092848397,0.1661889980114241
2501320055,0.16594325028019086
2095399191,0.16593365225988702
2502510802,0.16578101081365668
2502291050,0.16575931828144647
2499489561,0.16569163335864454
1879795681,0.16562779382546083
2092895481,0.16557226556268298
1930960880,0.16554684518331225
1879773570,0.1654756596850656
2503076984,0.16496879860247826
2096208345,0.16495029841970119
2502505582,0.16484975646509867
2503273580,0.16462812535380797
1880526614,0.16425895394992726
2501095202,0.1642562637842904
2499434797,0.1642502335500328
2500948187,0.1640709289988625
2500243340,0.16378605101148888
1930246051,0.16378112347960985
1432845141,0.16373617222618347
1879842813,0.1634395044897086
2093977123,0.1633927956862291
1879243697,0.16329658264518074
2091278312,0.16308939686371815
1432707775,0.16278011448658208
2502296224,0.16246388398246953
2500746960,0.16227766438885008
1930954015,0.16218166787495178
1930231971,0.16147021758091698
1879813337,0.16141283864702324
2503534702,0.16091513208798947
1439375154,0.1603229843239745
1432633344,0.15965935116635765
1930945727,0.1591561021220274
2503160971,0.15893643441384234
1879776741,0.15872582778765257
1879130510,0.15870772535688243
1932438022,0.1586643105844832
1932545561,0.15863362923429677
2092886003,0.15862763419221457
2502403510,0.15853234354727777
2503757252,0.15849404566297978
2092878885,0.15839864909024243
2091990522,0.1582779187541033
1932540173,0.158196834153084
1433871525,0.1581568068754619
2501661824,0.15776004983681716
1433442071,0.15775163821100452
2503632677,0.15772378832445444
2501447114,0.15771047783775158
2499689664,0.15761081666557042
2501722000,0.15752916483336304
1433733834,0.15733893843622923
2500744904,0.15727430598290873
2092922107,0.15714158582707677
1434687635,0.1568224685781348
1880533831,0.15608686103211253
2092948962,0.15573146663946735
1878597701,0.1549650597268527
2092954843,0.15494549542007444
2502282840,0.15471386456354513
1931642065,0.15455660181934097
2093042637,0.1544001768487219
2501802401,0.15420903259705862
1879149283,0.15412084771723325
2094612804,0.15409896991260452
1427705930,0.15395349067411776
2096271871,0.15394552885226642
2092080263,0.15377745011496086
2502358664,0.1536845932895918
1433302445,0.15342088390728312
1932488225,0.15323910906569727
1932568195,0.15316972642347143
1439659294,0.15292488107424562
1433061381,0.1528069929823288
2094633064,0.1525977902465825
2499655397,0.15241155291250458
2499257222,0.15239973531633086
1932629821,0.15194733614607034
2502542662,0.1518155191507741
1930939077,0.15171866519838093
1434206133,0.15166703680721233
1931691327,0.1516350043713746
1932541354,0.15155685259094406
2501761493,0.15153757948604196
2502110792,0.15123625688464112
2501155181,0.151177780508674
1433263520,0.15111489579953083
1930975947,0.15098287513921754
1880488002,0.15081567600638052
1879863864,0.1507527279286276
2092926813,0.15066501198896667
2092866367,0.15059364010139756
2499247044,0.15044695490585833
2501686583,0.15043223019826574
1432603415,0.15037818662945893
1427839717,0.15035941078125925
1933600554,0.14971905873967692
1433630363,0.14960944732360248
2091253857,0.14957298913506487
2094584945,0.1492041542787254
2502125320,0.14907160156365235
1433313887,0.1490367450569758
1434601634,0.14903580497890248
1932499717,0.14903013912027965
2093009913,0.14891310118171186
2094563407,0.14853829444708253
2501843601,0.1484983351941659
1879156897,0.14840769574401985
1433755423,0.1483474354318129
1879227840,0.148192821134445
1433025417,0.14792932846668372
2500612951,0.14775443238600133
1930927987,0.14772730516660337
2093858032,0.14769450099389597
2095422875,0.1476083283014166
2501240590,0.14760087248507264
1878589562,0.14751263498887807
1934302351,0.14747113102617745
2091951267,0.14744286194085557
2501835781,0.14739751357091085
1433452523,0.14731269297910407
2503456083,0.1472946459358335
2499396915,0.1472097824163331
2499302703,0.14712360767271848
2501503601,0.14680121166623256
2499330552,0.14673000680331968
1879826951,0.14667902762838422
1879795914,0.14655818451478922
1879902430,0.1464797866761318
2091230624,0.1463291697155661
2091949710,0.14619793954729435
1930984701,0.14615036045166302
2503665651,0.14594210714312075
2500838150,0.14585363739412846
1879791237,0.14567951777536292
2503275000,0.14542867978328422
2503869741,0.14538689662007348
2092932582,0.14532821702622362
1879847007,0.1453057436386252
1931588942,0.1451972436935773
2092773853,0.14516300864837958
1930247677,0.14511605847964146
2093940160,0.14491455378272902
2092860614,0.14478575332926405
2501276130,0.14472731984944412
2091268024,0.1446218902743946
1880452565,0.1445107564806058
2095451137,0.1444926022336469
2091973117,0.14444886654078537
2092997547,0.1443130302833995
2091223811,0.1442223862506696
2095413893,0.14377540632248664
2502326242,0.1436357064889362
1931617017,0.14359751585936767
1879858124,0.14354129704585722
1931006451,0.1432456356551137
1932591405,0.14322576132856543
1932567225,0.14304457793303516
2502469740,0.14272846423951227
1932606413,0.14257959687081156
1879911255,0.1424807017769245
2501979142,0.1424061250168045
2095358872,0.1423010539941474
2093011495,0.14212890485277022
1434731783,0.1421282532487236
2503374124,0.14206821179062684
2093005667,0.14157081680476405
2499206293,0.1413984938161995
2503862154,0.14130036976009738
2091237282,0.14113265436762562
2500869874,0.14103260223388886
2502802372,0.1409231804110681
1932623811,0.14091389014994227
1879773543,0.14079629447885345
2503744012,0.1407653856992527
1427722133,0.14073966280689512
1934303255,0.14073868406972387
1432637681,0.14072558492636145
2093960770,0.14068815412860222
2499305347,0.14067517312062283
1878601460,0.1405528527784207
2500390413,0.14023933907288066
1880545253,0.14006727194584284
1439358383,0.13993849998215413
1879833267,0.1399266620664945
1930946377,0.1398909665305016
2501143594,0.13964285141815283
1879832213,0.13917838497572063
2501450034,0.13891036844421575
2093956967,0.13878357435720592
1879149223,0.1386836637874106
2095467261,0.13866216587420713
1933575795,0.13847617789838645
2499257907,0.13840286536529825
1932611685,0.13839356468459843
1433570441,0.13828756359076794
1931640135,0.13774882793465829
1879146547,0.13767699909777467
2501575212,0.13763463236768905
2500829670,0.13752891755963384
2501015290,0.1373664058131216
1879903312,0.1372917569650957
2095482085,0.13727459561333835
2091273977,0.13705016158470662
2499441582,0.13704861428453288
2503151560,0.1369945705884229
2091194191,0.13694500409960902
1930954185,0.13687187605340118
1439514351,0.13657428943036642
2502105703,0.13636550339191225
2095416015,0.13636158452867828
2094668963,0.1363542723934482
1933494711,0.1363322668743617
1932490153,0.1361728417864581
2094672883,0.1357288511846295
1933587081,0.1356706991285938
1433466075,0.13565518693803427
1930969434,0.13538978312809885
1879247017,0.13498152839254182
1427689630,0.13467390867686402
2091197315,0.1346413524797287
1879800210,0.13437354398517204
2095439572,0.13381236464689633
2501296824,0.13378044929786198
2501063052,0.1337420049007614
2501418171,0.13368519241458632
1932576243,0.1336253995977423
1878596164,0.13357936283753138
2095422180,0.13357275097984128
2500465907,0.13346199514286122
2093905673,0.1334499990322846
1427816602,0.13320780102741242
2499416981,0.13271404054269456
2503439794,0.13221081451145905
1433593472,0.1321071670849105
2502636935,0.1319530135755185
2500916855,0.13165899179222665
1879181184,0.13140391845391208
2500736950,0.13093884802851083
2096268040,0.130793077987128
2502339012,0.13050920135993277
2500289660,0.13041478823385882
2501677534,0.13037710089547638
1879171031,0.13020881451931735
1433881343,0.1302052381506826
1930959933,0.1300296102212172
1879159263,0.1300210415454524
2095426867,0.12998952466314517
2501241902,0.12959788784697487
2503009400,0.12957296402248428
2500327027,0.12956567097301835
1433277003,0.12912552984515072
1879780801,0.12905864306122344
2499802124,0.12900184959550437
1931594537,0.1289338751015903
2093088981,0.1287887581673661
1879845685,0.12852440214614277
1878584871,0.1285134228229988
2502113181,0.12847998051119758
2501244800,0.12801924377506643
2502267454,0.12758310019065944
2503442302,0.12738375700384144
1932573783,0.12731347092690762
1930156457,0.12711169652702423
2501412210,0.1268311427433349
2092939025,0.12676736087039678
1931665035,0.12644276389768153
1432682854,0.12589617648420742
1879881144,0.12560173690856502
2503588050,0.1255403944215456
2501876944,0.12500477607209148
1879802973,0.1249718398369775
2501326262,0.12476750398583226
1879798201,0.12469389608011186
1932461261,0.12445310447744401
2502529801,0.12442019914198289
1434043830,0.12431003218223691
2499591744,0.12418906375753008
1433714624,0.12409466394283733
2093042550,0.1236816518177588
1930241843,0.12338364885859127
1434476403,0.12331460818151727
2503786723,0.12322126741525269
2501220240,0.12309351460094832
1434597257,0.12282558186477462
1879814690,0.12274458187256472
2094656613,0.12253568978009446
2094687982,0.12211739680289428
2501981947,0.12145940572174854
2093010643,0.11962807846473986
2500809400,0.11944642199359926
2500293600,0.11922396950749388
2503096674,0.11914768223209647
2499313540,0.11907362346799431
2503261852,0.11903904280242543
2499405205,0.11901472667319206
1880517807,0.11890572190745591
1930142043,0.11832666225375267
2502267942,0.11821309676831525
2501044013,0.1172033102236314
2502943682,0.11691751413922867
2092076503,0.11687379626608521
1434130427,0.11681457239522357
1932612563,0.11671236151292985
2503833490,0.11660599812657386
1439478962,0.11635203720646067
2502308657,0.11633005286194369
2503722825,0.11585414313069976
2501957217,0.11583289852605938
2503244174,0.11571946321200895
2502490110,0.11551573466683566
2500980572,0.11532599454782501
2501065732,0.11520295839782414
1931608954,0.11518944814716359
2501052531,0.11472487763074422
2501590787,0.11424589529185003
1930147935,0.11417335802066093
2500266087,0.11362938571045582
1433706647,0.11361180013145895
2503876297,0.11355457500222096
2500325924,0.1133404794266225
1880513295,0.11285319915154389
1932535815,0.11278660288750912
1434342830,0.11266244179939339
2502319740,0.112616153622101
1880488220,0.11247139012560564
2093922924,0.11204784411862699
1933581352,0.11179038641586955
2503197992,0.1117569676454516
2503718010,0.11172520707975689
1879823771,0.1113975522044944
1932601025,0.11109716846961433
1434095305,0.11077051720031274
1434470915,0.11052101387398282
1434221201,0.11012811051703039
2091225392,0.1099007636911707
1931022664,0.10923340458407656
1879771185,0.10896034877144958
2092038522,0.10883508647194641
1879782090,0.10881140363834972
2091271224,0.10870196010620363
2503892845,0.10782010273629455
2499716555,0.10781856137858
2503584952,0.10767504011256199
2502123624,0.1070370019379266
2501573564,0.10682630200154028
2503819890,0.10653139867144464
1880520612,0.10636940911608413
2501183215,0.10605711240504777
2503048671,0.10528962902323141
2092836372,0.10521654110298076
2093019674,0.10509974377292056
1879151463,0.1045664391345831
2501532360,0.10424628162658599
1880483660,0.10410480882240535
2093866724,0.10380619471449322
2092806583,0.10362145779893703
2502520590,0.10355769110811644
2501409934,0.10311281485301232
2091188577,0.10275898719613441
2499462271,0.10258415939231444
2503368450,0.10252929842701006
1931658407,0.10227539145238042
2503242567,0.10133547302233342
2502260081,0.10119351440398432
2501287882,0.10043717678566795
2095382143,0.10041625942928273
2503052112,0.09948900562296034
2503655660,0.09931217312166672
2503608270,0.09915326696779224
1433133782,0.09914615268576832
2501775000,0.09871605862551479
2095370287,0.09852947502967405
1879217220,0.09829404750481724
2503931750,0.09753665877590324
1932504094,0.09664337498188132
2503770674,0.09585256174895385
1880448233,0.09549336519691577
2093923470,0.09544541031973298
2503129437,0.09525021694125188
1879872574,0.09335021261664178
1878589487,0.0929317645423274
2502635175,0.09223942047523502
2501788375,0.09223283005859413
2503114182,0.09186427283974871
2501732960,0.09101847635920983
2499370034,0.09045388699026245
2501419345,0.0901597285957813
2091223454,0.08955042494435257
2500174963,0.08947620430565528
1932463507,0.08943130530663068
2093896111,0.08938789831686597
2499655133,0.08910410374177914
2501883342,0.08910261448716418
2502951294,0.0889351159107337
2093952365,0.08886463261434879
1439408447,0.08874591363019614
2095407205,0.08836332085085123
2501358252,0.08812030299408126
2502093972,0.08801353435853525
2503520765,0.08784678021715177
2501749142,0.08757920824068997
2503073171,0.08756283689238191
2502501430,0.08752801706966827
2503500327,0.08697311218290889
1439411820,0.08671409793586181
1434387020,0.08667058357819626
2092781801,0.08648094757217
1929314135,0.08596390928576825
1931625055,0.08532416374592383
2503653185,0.08468812897195983
2501978697,0.0838188556248762
2093918845,0.08366275231231943
1879200495,0.08294126950069262
2096230544,0.0823108568093757
2503779154,0.08063259395930632
2500886690,0.08060555784883518
2092911407,0.08005634009697794
2503538754,0.07517017730011484
2503619083,0.07492454298198371
2503282622,0.07300644018949032
2503273750,0.0701733605495752
2502073357,0.06869176783075157
2502486533,0.0663900406122252
2092842645,0.0582574954097616
2503143945,0.058166931464911385
