user count in community:389
Topic id:1,Representation:0.304505167921786
Topic id:9,Representation:0.5534563841949389
userid,score
2502796770,0.43139399437151993
2095490667,0.42016595748891566
2503656442,0.41957604562277356
2501973681,0.4152432909404675
2502675011,0.4139587007959854
2093883721,0.4119054183007552
2502137600,0.409859874044393
2503756910,0.4074251139189424
2499631990,0.40642583991404163
2091247595,0.40554162043300657
2500919280,0.4051557375133192
2499479641,0.40367219639451474
1933544141,0.4033187255966053
2503212142,0.4028834568742612
2093037167,0.40258887530375176
2503480454,0.40148257869444987
2499290604,0.40137068357992667
1930253713,0.39803472547535645
1930953321,0.3954772165211262
2093878794,0.3946196118586915
2500562923,0.3944365062742221
2499772550,0.3941190400491322
1931006501,0.39180594871872754
2092870902,0.39175282756458973
2094648494,0.390847671197741
2096201044,0.39031863193182836
2499292140,0.3893271264301513
2091256321,0.388988873623464
1929305094,0.3887493195235034
1931661347,0.38846068155621877
2499380584,0.38672960315302973
2093950825,0.3864284331643035
1931670954,0.3861225355785124
2093902504,0.38610837539546605
1930254163,0.38503148455180325
1878596620,0.3843198463942701
1880504602,0.3838911545086147
1930138105,0.38348746439631964
1878598573,0.38317199797250806
2500780277,0.38315292884630026
2092921772,0.3830763869032273
1929304267,0.3828265717958732
1879227165,0.3818964657885878
1878585863,0.3806695820613727
1434285184,0.3806043624656996
1434607403,0.3798763464527658
2092940467,0.3794638597329084
1930232087,0.3786183651792283
1930224053,0.37744383876576587
1439621463,0.37687112995891786
1880532340,0.3757790571384789
1879207025,0.37544542144768234
1880541811,0.3747485059995946
1433543690,0.37400614384152964
2095450703,0.37393390973298823
2091982500,0.37302122870172627
1433346464,0.37210557998408744
1929306943,0.3719777629805081
1930961223,0.37195656698590673
1931006010,0.3715289776002463
1930163130,0.3709664422347516
1930187045,0.3696067734433417
1880540863,0.3695878281260859
1439368315,0.36880786873735005
2092998467,0.3681775592735609
2096197135,0.3681027281599608
1432703867,0.36768365310680073
1930973297,0.3674325108479348
1434181010,0.36737508086090537
2092015653,0.3673104492720643
1880500503,0.36693067962927656
1880477391,0.3667752862094242
1878580004,0.36531103325787967
1929304691,0.3649720815145789
1432700083,0.36491472307332673
2095356013,0.3645748454519073
1930941090,0.364404739232706
1929310313,0.3641817258629349
1931668753,0.36401111811240994
1879779734,0.36379771566702457
2501324530,0.363334104882664
2091205603,0.36246882363066407
1880492085,0.361475268390838
1933525097,0.3604853194653774
1434380940,0.3602304611920853
1433770634,0.35997435626328855
1879138212,0.35910194698369113
1880496792,0.3588014959736391
1932465142,0.3587582659451346
1880476692,0.3586665596018058
1878575957,0.3582261104899492
1880541534,0.35816505286412326
2094611334,0.3581605821301249
1879885270,0.35813572260960613
1930958202,0.3580514168779386
2091225601,0.35795216225529625
1879141082,0.35788159981885515
1880513753,0.35754329764732723
1880479792,0.35715862971872836
1433297062,0.3571098680321097
1931651651,0.3570167944233378
1433693345,0.3568124679334395
1880538272,0.3561328485768047
1880477263,0.3555867219922379
1930212347,0.3551443430523364
1931005191,0.3549465045781394
1930157535,0.35420216975913965
1930943517,0.35386717674736157
1934304752,0.353698852997132
1434224355,0.35321068320780746
2091203791,0.3526420357873243
2501412120,0.35242745554250304
1931675414,0.35216393208958086
1880452447,0.35215239651385877
1433582422,0.351651976161687
1434553561,0.3507910521355407
1439543974,0.3495212839334997
2499378250,0.34885818677996966
1932544583,0.3480316465640713
1879906982,0.3468462852316247
1933502711,0.3468349299278453
1880488212,0.34675397015748377
1879778215,0.3466216502277827
2501922932,0.3464190640523636
2093917913,0.3461563163853477
1880513994,0.34564336473207
1880503815,0.3454406761497115
2499302000,0.3453681020454119
2094593570,0.34461595026279124
2091240091,0.34444830902255835
1878594701,0.34429787973834347
2499784602,0.3429312223777702
2093950000,0.3425077495883141
1879246974,0.3424825446455845
1433625632,0.34246460142840707
2503795060,0.34218235598776575
1880425242,0.3417269194572453
1932430190,0.3410958714393056
2499680563,0.3406810588517057
1880447703,0.34035315660318943
1879140955,0.34021409719290263
1439414705,0.34004243917004706
2091187603,0.3399479174485601
2500823070,0.33974265400308645
2092093090,0.33944781021108134
1930168055,0.3383631956961855
1930221823,0.3377979760810982
2503800525,0.33764617786138496
2502119500,0.3364028806534462
1879774782,0.3362727301128289
1432612943,0.3362358369787263
1879173404,0.33609355873273045
1930233795,0.3359852201810601
1931648893,0.3359673408285668
1433993833,0.33570154343666886
1880471322,0.3354713078431781
1879175861,0.335169586558383
2499480615,0.3351260475321161
2094674662,0.33503441895295744
1434414634,0.3342448048404103
1433474031,0.3331948007777128
1439395165,0.33226029443654975
2501590725,0.33150334095018463
2092056530,0.3311480624047642
1931632375,0.3303711566066758
2095379871,0.330144349532
2092835431,0.3296052261208326
1879781372,0.3294100402677055
1879164687,0.3279355758982081
1880454912,0.3271561526010742
1433033120,0.32715240994158873
1432718793,0.326848377505479
2501134382,0.3268436239880997
1879165147,0.3263476450729832
1931600284,0.32616971347520374
1878574173,0.32616540557563695
1880470220,0.3258123492992527
1930979700,0.32552803372593997
2500726200,0.3247944406232136
1930219040,0.3247621897078453
1931679622,0.32432806050396434
2092754465,0.32332996882672094
1434176520,0.32301720201667294
1880426610,0.3224815433184504
2095355117,0.32135009952917987
2091949687,0.3212069450559683
1879896341,0.32104257801309366
2499254732,0.3209403168026218
1931006257,0.3208981526664986
2499525472,0.31860527163159763
1433955482,0.31832734747610253
2499535565,0.3168279623357336
1433053694,0.316633986437848
1427592465,0.3162639310085941
2502124400,0.3162471851591173
1879870725,0.31590193852065507
2499283687,0.31588830705946574
1427844833,0.31461080311391415
1879140622,0.3140837369510852
2092007395,0.3121234882108199
1933539462,0.3121141428770079
2499255137,0.31119323748718514
2502200612,0.3106600750495091
2501953380,0.31064947897832657
2501479484,0.31057785741705884
2091264563,0.3084139100698537
1933550210,0.3076413629632848
1930204572,0.30576778734330823
1931649515,0.30342800990920304
2092882041,0.3023920783009576
2499396327,0.3020011097879538
1931635682,0.30158073334950664
1930971677,0.30038649281554164
2499480580,0.30030813342319806
1434245380,0.3000937378280689
2500811717,0.29998304642737617
1930944872,0.2988371603326313
1930935560,0.2985730867084433
1432710393,0.29746890060947795
2092037064,0.29733989440302566
1879142512,0.29660522476671847
2095432555,0.2960671103505399
2502130825,0.2949352412044529
2095351923,0.29350270238513376
1930211353,0.2933702519767242
1880526407,0.2932279171645559
2502107100,0.2915810066106
1879168147,0.29122537058871617
1932444564,0.2901691712495392
1433223142,0.28990262091720587
2499731124,0.2897685897919815
1434513973,0.28961295687437627
1880532272,0.28955868854619277
2501822880,0.289138614351869
2499835172,0.2889959586830605
2091269033,0.2882895461680567
1931664742,0.2882456549212605
1879848477,0.2875719915420439
1933549103,0.2868724042417489
2502831002,0.28636457030125434
2500884924,0.28569683640972343
2501252530,0.28231946361455
2096265992,0.2814375108530746
1433736781,0.2808714207449685
2092874561,0.28075479326955954
2093926101,0.2806055631811043
1930148935,0.2805483038403737
2503418130,0.2801495652588311
1932433070,0.2785763998091499
2502254232,0.27805985095181757
2501972754,0.27715996928516523
2500625945,0.27510144202095066
2092815533,0.27422590582699413
2094695095,0.2724302348231098
1879842675,0.27215235296916607
2091185112,0.2715408562123615
1433546963,0.2711806774653763
2095456460,0.2705316567531413
2091997493,0.2700935513736736
2502094112,0.26966737482534997
1934296252,0.2693726735944516
2502447625,0.26917763187512594
2092851002,0.2690255645981645
2499862680,0.2687827956890558
2502384194,0.26742325174694886
1439408702,0.26547576269920325
2092819941,0.26521736457130735
2093898481,0.26450865078515273
2503004920,0.2644669079900702
2094670660,0.2636099936070253
1439613093,0.26353674609990757
2499292994,0.26308232578830215
2094694511,0.2629687809204601
1934302087,0.26105893617607784
2091268515,0.26054634324070597
1879830405,0.25959246944361547
2502712034,0.2595327811587467
2091976697,0.2567058505043267
2503662834,0.2560294745910262
2501018897,0.2557613421578688
2501216275,0.2556872981284758
1427675612,0.25465892855289074
2095452473,0.25412732354266854
1432695027,0.25358112106974656
2095483775,0.25235693784153074
1931676065,0.25186080372104475
2500386357,0.2506920049470447
2499350100,0.2506729260489542
2093886667,0.24875852652750088
2094641831,0.24831046430162737
2092067177,0.24798471343198897
1880532331,0.24778387081908337
1930238133,0.24761602097837843
2095337017,0.24701697491584396
2095422492,0.24397554079181383
2502048872,0.2439102783888541
2091972133,0.24197889191422567
2094560175,0.24064071004015142
2094662255,0.2389182923872305
2499603604,0.23880818750136049
2094583363,0.2381140384223696
1931003797,0.23692480409035147
2502398367,0.23667532492609328
2501896357,0.2363630359030537
1932541830,0.23623699243715707
1433512494,0.2352498880961692
2501952420,0.23520059015641728
1930166677,0.23195823698366158
1879830417,0.23180928751399157
2499706400,0.22621990711690562
1931602755,0.22473863903166882
2091990075,0.22467026650236932
1932596207,0.2236006909591766
2092971594,0.2218523861756047
2092070251,0.2167182117327834
2093018290,0.2158580838715167
2092820933,0.21412179531947945
1879768300,0.21410479673948427
2503906995,0.21382801899710965
2499242150,0.2137472599884024
2502551467,0.2120476489748121
2499308220,0.21152736065148936
2501172514,0.20912173936456738
2502564430,0.20585400984334634
2501604981,0.20559591619311934
2092014177,0.20290381359078144
2499756682,0.20245316777503886
2501322434,0.2017111443971548
2501846864,0.20066414784849745
2093949481,0.1996207914336683
2501558693,0.19959376034136808
1879822355,0.19810632203826728
2502371055,0.1969723530710528
2092091040,0.1967756482521294
2499323951,0.1961828249335199
2094677064,0.19464536043202774
1879226021,0.19384381789982985
2503648694,0.1937601676823316
2503434493,0.19064562643905628
1931601770,0.18803951601778213
2501040410,0.1879980563301657
2503390092,0.18442077075137323
2501429182,0.18294429627297523
2499459012,0.1815786946734112
1880460051,0.1813030242792653
2095476407,0.18007672128060004
2499823914,0.17992539178577208
2501980387,0.17937266125452847
2502154412,0.17859315152983796
1933597017,0.17677042777674312
2502349657,0.17441946858506951
2501024594,0.1728295203982546
2500134344,0.17191362876141988
1433077095,0.17133617530275783
2503608340,0.17047071001460842
2502861462,0.16891793021130827
2499247720,0.1688288533126373
1433718202,0.1682453560949476
2091270412,0.16675091103717674
2502532600,0.16658860520070054
2501624163,0.16614097512969073
1427810841,0.1658612973251769
2499264150,0.16574699913194876
1433779463,0.16494595225593878
2502088490,0.16459292257611485
2501782910,0.16454507437167057
1931021600,0.1644773702646942
2502926130,0.1640915509697776
2503610712,0.16319154335214606
2499519152,0.16127111899628674
2096259373,0.16108446452593148
2502163757,0.15809551290364945
2500284384,0.15790511908273439
2502161500,0.15698965710453094
2502348787,0.1566852544051152
2503901374,0.15386929556224596
2095384984,0.14882037512583182
2502610444,0.14880445949722668
2499362737,0.14448398580281543
2502146670,0.14414540133850925
2500263481,0.14361223740460055
2503908500,0.14176954254018193
2500320512,0.1365245564108287
1433562390,0.13433849013979682
2499644360,0.13370716089916174
2503382054,0.12903639929689595
1879798084,0.1289124671335349
2502518690,0.11833384269550612
2502537130,0.11700443089175872
