user count in community:257
Topic id:0,Representation:0.5590499510036245
userid,score
2500287420,6.581626573954909
2502367615,5.747180922942493
2501465292,5.528651388076104
2501610264,5.4790965960658
2503365964,4.881397847810892
2503324842,4.689230394703943
2500971053,4.627011968536128
2502022563,4.604919188250799
2503063872,4.603398613959937
2501771443,4.581214002993283
2500829612,4.565587812439996
2092798582,4.556517022167024
2093920205,4.444697462420866
1880431174,4.4345958856039225
1433895692,4.39643822025374
2501075082,4.066102930294987
2499608952,4.006019062997478
2499601542,3.9240400738495445
1427842754,3.876878875725018
1931024270,3.808151491018096
2093857540,3.779431649248242
2500521623,3.7323234387685407
1879906035,3.703915018905622
1930216771,3.6812648940080983
2499729510,3.6586636785669677
2499893771,3.637080288653927
1932644784,3.539915026287236
1434598107,3.5073443650801517
2095479251,3.503980618592492
2503083920,3.4847824462038153
1932596190,3.4800761732245458
2500248664,3.4772666838071187
2499600914,3.4398817791565097
2499412972,3.4334839917982474
1439573285,3.4314026797453296
2095448302,3.4225177985175463
1879782727,3.391388160912903
1931002243,3.37984671088029
1880511512,3.377286781473051
1879170853,3.3770385891624994
2500837612,3.3734937881794673
2503030154,3.366714041422228
2091248085,3.331671356919711
2092922662,3.3260828947492005
2499813827,3.3039403930119446
2503186604,3.287492373360993
2092900103,3.2780943445492103
1932584077,3.2602408796462083
2499653207,3.254569822388715
1433421914,3.233806199487892
2092859724,3.1988162731462735
1879864620,3.1463284151217983
2501786493,3.139141474327205
2093875384,3.08969880041708
1930179875,3.0199256495225155
1880447607,2.967622558977284
2500139762,2.9612464891533006
2499695035,2.936526918202275
2092795221,2.9296477686237186
2501004944,2.915926312043661
2093893837,2.9112611592155497
2092847575,2.906236345978155
2500973460,2.891477446027252
2500361373,2.798473638164529
2501903100,2.791312123053367
2092863767,2.786806670329562
2091183357,2.776118433404883
1879808641,2.770092756908611
1434729014,2.7503516443017424
2502895714,2.7408582169107234
1879828017,2.7218262881872035
1879874773,2.7162811941218417
2499878377,2.696426333848298
1439337317,2.6757120167222057
1434595612,2.6680414024164043
2502531812,2.6191910619838255
2503889664,2.6000638135896827
2501732960,2.594470851631181
2501022980,2.5855472355992144
2499312962,2.5724196698221644
2092847577,2.5540091520719677
2095461977,2.541882769859586
2501566832,2.5116081710988603
2503476074,2.460581145015129
1433817424,2.4212184459853696
1933554442,2.3945952826449965
2096190817,2.3897114740852983
2092898682,2.3852402236330352
1879835235,2.365819553974709
2499546570,2.3583438343920626
2095355170,2.356940073161195
2500809563,2.3533162405274752
2092826257,2.352989522379146
2500474501,2.3489090172949414
2502292307,2.348137178430075
1932652601,2.3255603347603464
2500179830,2.317962241519153
1932517127,2.2763286272773846
1879154743,2.2287084409035605
2499494255,2.2206518426918964
2502536111,2.2096277867469043
2502832545,2.1672385148527167
2092792555,2.093434133542611
2501601415,2.0917699092451842
2096248387,2.0850591812170123
1932488225,2.084224802285982
1932549094,2.079146162313492
2501149557,2.0681660165629414
1879815701,2.0669936079820252
2503639857,2.0493073911380253
2502079777,2.0278933851035776
2095490497,2.013177355294395
2502991402,1.9916375985742567
2095352591,1.964449853751942
2502823695,1.9632141005287005
2502562710,1.9630318693643196
1433295302,1.945205436976832
2092911304,1.9257255940842561
1932489493,1.9205879086176387
2092928791,1.9148242018595443
2092056352,1.9128290378246584
2500382151,1.893986904885205
2501542111,1.8882427263699146
2501478364,1.8789598499776388
2501049604,1.8784138253492817
2095407205,1.8505173507117034
1427593052,1.8051251812902502
2501413833,1.777899963858414
2091282944,1.7747371257385298
1932627363,1.771092164716294
2092892882,1.768382895537915
2500325143,1.7542009968389825
1932640463,1.735504353711314
2092770940,1.724311732185882
2502443290,1.682989123776511
2502034863,1.6562574619770585
2503095484,1.653267956797422
1879905132,1.6458324739537644
2095426867,1.6291275693100205
2094660474,1.6149585836311404
2091975575,1.604926369889878
1932499864,1.5685315013820642
2503665121,1.5664827610838452
2499341444,1.5633818082168607
2092885884,1.5570659315757391
1879778934,1.5502898697624579
2501508790,1.5268780002313753
2095395451,1.5243508100096834
1879231235,1.504811492172967
2503480892,1.4662279996737215
2093936724,1.436144644338046
2092788182,1.4149033533470725
2091947957,1.4125028336270147
2093004503,1.398320771364639
1932444732,1.3976536822030632
2093980364,1.395299541729739
1880444193,1.3948923635450534
1932625815,1.384177165753011
1880536547,1.3604972578582504
2502913592,1.3584486977156986
2500337507,1.3554385821081518
2503791860,1.3395819498131365
1932618814,1.3395347837465965
2503245194,1.3277349864309533
2092015275,1.3226975780308197
2500819390,1.2970980183969405
2503694160,1.2820632936694218
1933517253,1.2688212946178845
1878604502,1.255237502143804
1932621981,1.2532221230817342
2094580910,1.2469193875946842
1933510842,1.218938762687806
1929311095,1.194433511134124
2095433500,1.158816410143808
2093050347,1.1545924146462745
2500413730,1.1371870263032886
2502346864,1.1343329210988533
2502277593,1.1317993070291539
2093879035,1.1295333009052508
1930226681,1.1201478278282728
2503698832,1.094792725240299
2499884494,1.0883662122123652
1931624827,1.0776958842605628
1879144342,1.0740818996518988
2091980837,1.0721010834390539
2502813454,1.0635492352412876
1879768667,1.0619735126490197
2501690192,1.0581877551864427
1880521111,1.0443772539543086
2499348442,1.0388729807192103
2503831170,1.021816439412245
2499897594,0.9884544331940317
1932510840,0.9441473376547481
2500570347,0.9213506832853426
2503180171,0.9211297558802594
1931683367,0.8791681787924499
2500389924,0.8502529741752042
2501587522,0.8467017710497522
2095379871,0.84289136087211
2500204154,0.8209380189940532
2501472364,0.786727019605899
2500487094,0.7624113189407495
1879793504,0.7511609095271842
1434383565,0.749352131352616
2500340807,0.7481553835998093
2093874874,0.7424887116830187
2500387940,0.7398881949081705
2503852894,0.7378204090657933
1930952943,0.7266951532575038
2502994212,0.7265130476693846
1934304161,0.6877740991348826
2499427265,0.687086557958151
1930993377,0.6841199520365546
2502067570,0.6812824410165129
2502313537,0.6618447700583222
2502783080,0.655543125702889
2502159697,0.6441268925705145
2502181382,0.6290408396966061
2501435435,0.6283673998832593
2501710725,0.6271806207160125
2092903995,0.621289233123726
1880526522,0.6141089075386624
2502720544,0.6105850003026236
2501511095,0.5907342383927797
1930965037,0.5821608355449864
2091975984,0.5813579919251789
2501875130,0.5772565243034629
2503141247,0.5752431525169094
1433942014,0.5699812639300935
2503380420,0.5595248131444828
2093876867,0.5575015904738139
1879785770,0.5526916986995954
1880436902,0.547871526596034
2499336282,0.5396632369888629
2499601384,0.5329505734638762
2501372632,0.5248477943961795
2501917672,0.5113852240746016
2502989862,0.5041702615831231
1933517945,0.4995841601406861
1434351980,0.4853468139186238
1932474750,0.4730014375919317
2503058232,0.4689567498918511
2502530070,0.4611938316198272
1879834032,0.43026831456839276
1433387630,0.4070387869547112
1879801004,0.38720760676453303
2502631264,0.38345028176114093
2501923120,0.37897904632897583
2499874094,0.3446787794952824
2501435522,0.34037115929177186
1930252125,0.3352456431008134
1439657935,0.3293713011824309
2092082714,0.287217995248493
2499319144,0.1976020265784977
1879171767,0.17751442409741527
1433801823,0.15334442229723247
2503186207,0.14608125156493176
