user count in community:1055
Topic id:1,Representation:0.3259207234465095
Topic id:7,Representation:0.48673014858332675
userid,score
2500289660,46.09471001223483
2096236307,42.32316728117854
2502432240,40.7316828487823
2499371070,39.95348182973243
2500612951,38.377794819030804
2499405205,37.624058482541486
2501311230,37.5820613751512
2500253524,37.57501855637416
2092932582,37.467493700986054
2503692947,37.01011475239952
2502332847,37.00742755742868
2499488215,36.87514266325529
2500293600,36.667531690350366
1933555950,35.385033130360355
2092766250,35.31685299254799
1432640924,34.48002598681007
2092064384,34.26362120515099
1433546934,34.22784492625503
2092080263,34.16187877478713
2503605217,34.091645070929935
2502502294,34.089021849575175
1930192312,33.35801695896433
2501197010,33.14238991857566
2501287882,33.09818752066638
2500102042,32.86486944467484
2502146201,32.85968443151882
2503419273,32.14515421213972
2503626107,31.33860904636363
2503396477,31.29798210632097
2502775600,31.160426439028136
2503456083,31.12132370840243
2502376575,31.0121498161412
2092860551,30.84052327566384
1434350237,30.8284920234639
1932582351,30.69419397960938
2092896782,30.669360456545483
2095382143,30.574604552346255
1879183745,30.475122523675974
1879189223,30.11101854443217
2092907515,29.852914433967204
1433219630,29.77940500327658
1933518550,29.69703107981226
2502792727,29.66263236574199
1880504634,29.608111330036525
1879154971,29.479830655289256
1434162980,29.2496055977075
2092908945,29.2126716951431
2092019875,29.147092541442646
2499458864,28.967130815647707
2093946341,28.85198988672959
2091210382,28.78454169732271
2500848271,28.717577138999786
1931607622,28.665835635890424
1934303325,28.568012936346253
2499396915,28.487416121950027
2500243340,28.344579767517523
1931656005,28.325557777498148
2499716555,28.287956077909293
1933516751,28.202169601152736
1433263520,28.20103764966651
1930249271,27.98822680594104
1932611027,27.89110008134737
1879909085,27.811907494634735
2502802372,27.75912467035942
1879190432,27.65583496117228
2502318014,27.627576990668786
2093896111,27.547824409602164
2502505582,27.51493354411042
1932556122,27.487432514029805
1880511635,27.279644239382005
2503778574,27.116002328541217
1930231971,27.107036183161377
2503779154,27.104771649850225
2501820991,26.96613176133131
2091201120,26.906335300269305
1880483660,26.894383502425462
1931691327,26.848480479928966
1879845685,26.787641050724044
1879823771,26.694059438955083
2501209115,26.522406721637534
1434474163,26.487533789817725
1879811650,26.4784588538417
1932476351,26.47675498179525
1933494805,26.379106688575668
1930934351,26.314786120538216
2501690062,26.282445990109487
1880454443,26.255184034779553
1880473641,26.236835190522182
2501843601,26.228364181338826
2094621957,26.21539286195612
2091975120,26.21466741476096
1880483700,26.126703519632756
2094684312,26.122638783866574
1932567225,26.051978436428996
1879773570,26.02095594629624
2091977392,25.99783611494125
2095444641,25.997425458645168
1879147434,25.927732567825398
1879903312,25.912453257990126
1879894710,25.86760351430889
1434278044,25.848027312220715
1434531197,25.83443417864074
1932627120,25.737308441907373
1879206022,25.577906360119087
2499249480,25.521205978334002
1932634055,25.517056376290697
2092931571,25.4922862941756
1931640135,25.471463436681464
1879811890,25.453364233762258
1931001041,25.442540605852102
2502858837,25.39256876749323
1932540173,25.277131240617706
1880488220,25.12659290017509
1930937403,25.11557671178285
2501409150,24.996353946390755
2502469740,24.99243172035313
1931594822,24.921331209800314
1879889052,24.8991442142938
1879839430,24.807281883516296
2091262507,24.807059416171867
1931643017,24.803829705376835
2092082737,24.754291287109943
2092902047,24.72287998543212
2503872484,24.682925916931243
1880476520,24.67746259030988
2096271540,24.651480283242012
2499244132,24.585145735415733
2502105703,24.580418920859003
2092777021,24.568211367337437
1879207707,24.473862500732587
1433352803,24.408137667257915
1930946377,24.377249121319963
2093010643,24.339194521732033
2091253857,24.33572460765795
1932514924,24.28275103177554
2503275000,24.276190400500216
1879895723,24.12310955857499
1930933573,23.98851562886687
2503076984,23.971361943697275
1434221201,23.96847651246829
1879143971,23.96500440617252
2091961791,23.939150630115115
1930945727,23.92164272010409
1880509377,23.87366593004039
2501780115,23.816738675906336
1932606413,23.748490837300416
1879237145,23.735732245532965
1879842675,23.67306177976928
2095384984,23.636408760758954
1933585211,23.62841806510516
1879146547,23.628271756040508
1879853294,23.61020894349374
2093923470,23.551963578457496
1879906943,23.5169271220518
2091957401,23.332209157690798
1880490507,23.288276614461754
1930940712,23.204082607633854
1930979633,23.200778060661637
2500829670,23.1932820997276
2096271871,23.191783919283832
1427595804,23.168125837366617
1879169507,23.115855194631187
1930984701,23.113975762050952
1879775944,23.086238019057532
1930949107,23.04907089622614
2093088457,23.03501731921311
1930216045,22.991604326723213
2501094995,22.976321573074962
1930968441,22.943985890131273
1879795914,22.899281308455855
1931589363,22.84655090292646
1931617462,22.829215572951824
2091997783,22.82471713421618
1931633804,22.783972244925465
1879798201,22.768741111491522
2502838235,22.744739554122518
1879125695,22.74330973595238
1880483995,22.715333461132545
1931025780,22.71491725600665
1433733834,22.699238317554112
1434304104,22.65325142293096
1879795681,22.63845462153847
1433697001,22.62974569257586
1439377233,22.56904377597037
1880490001,22.545855893330465
2499257222,22.502691493359396
2093053971,22.466578868131798
1879152944,22.45498622670666
2501854321,22.44409105989656
1932519405,22.420397358009463
2499230603,22.393548537779978
2502501430,22.385776823615792
1933493590,22.36730449119169
1930168374,22.36207502550226
1879807244,22.349302337064646
1879135213,22.298594872452806
1879138233,22.277617024944412
2501728871,22.222155965834332
2092925813,22.102257551631943
1878603172,22.046493416916555
1433452523,21.992138408394613
1878587053,21.980722208865043
2092858435,21.877827525756643
1434687635,21.876618271459815
1879881134,21.840655869836525
1879855724,21.83528613158865
1931672455,21.82641827384652
1434508174,21.674873865768262
1434250440,21.65519586104241
1932460174,21.621095475065065
2093074877,21.610652945561288
1930148935,21.61018591594732
1880508490,21.553033265694292
1427652811,21.49067303574215
2095412565,21.424647949287802
1880456647,21.35352997226976
1879222605,21.224235496839462
1434471061,21.184197382582727
1879793953,21.15637155257621
1880513295,21.132594386352707
1879161280,21.031726573607955
2499499890,20.997243521199984
1878603877,20.98651903010459
2095352751,20.973994182070523
2503584952,20.874008374575567
1879232271,20.869644807869673
2503826374,20.86229481396734
1878595471,20.8170584984356
1930975947,20.781264228084616
1433063880,20.74746939865885
1879836837,20.745596208904683
2500362523,20.73889319212823
1879157904,20.662233063307504
1880478483,20.648698777648182
1931608607,20.641347129283094
2092922593,20.59887539552419
1427820455,20.58620107887475
2092836372,20.489879381696966
1879814690,20.452227131632814
2502267942,20.435523034696008
2499223451,20.412325833921848
1931658407,20.39155096172178
1434384562,20.371326509147032
2501652962,20.370578618303675
1930241843,20.309740127145687
1930197052,20.283453232989686
1434206133,20.268192850491857
1932623811,20.223781812702654
1880452565,20.20128558183664
2503722825,20.19998994886782
1879150732,20.196031085960428
2091199193,20.18755869746999
1427722133,20.134337626842996
2502676583,20.126283195800333
1930960880,20.043937865951925
1880448233,19.95311038127929
1932639853,19.934823506850265
1930201942,19.934792703385455
2501418171,19.91108888418136
1932489561,19.897551187714377
1434197324,19.797136956915647
2093009913,19.79613062272112
2094616831,19.75712125208943
1879207954,19.754176204815696
2500793294,19.75076437135048
1879154335,19.70712774584557
1879808712,19.69861383869665
1879840945,19.680754814219256
1930207455,19.65060262943051
1932541354,19.650402722128913
1933530140,19.613591515678838
1933494711,19.565721793223616
1930148543,19.463264064885752
1930954015,19.452313365235124
2500900994,19.423266797948074
1930992352,19.377416591107192
1932510763,19.377268623170178
1433958992,19.28556958613204
1434760937,19.226741569087558
1432603415,19.219487453005677
2092842911,19.209169390475587
1933569752,19.187893339606845
2092912684,19.172008106733095
1432633344,19.161321387699154
1930939857,19.08627432754146
1931636420,18.995566077397143
1880533831,18.99411615012828
2095433443,18.989210213255465
2093905673,18.937277838999005
2499283287,18.933441599359895
1930976787,18.854005630706347
1931679275,18.821316767968902
1879886464,18.79308616944218
2503744012,18.784987427839138
1879244284,18.759500418953927
2095350227,18.733297264028437
2503655660,18.712261719463697
1934298653,18.664125916282334
1433313887,18.643440194381967
1929315913,18.618485697260887
2499305347,18.579158735677794
2503916172,18.571554808798073
2092026415,18.526190362981897
2091950073,18.45456714146605
1929303183,18.424619678740417
2501979142,18.411689335200244
2501661824,18.398471537855045
1932505457,18.34531083603785
1933587081,18.34349434708657
2500325924,18.330889837653924
1880517807,18.304633747112423
1931012001,18.30217879117783
2094552514,18.297237961008143
2094582137,18.288204228373978
2094584252,18.257832298229147
1879243184,18.23772849408225
1879181184,18.20643391249073
1932461261,18.200387868912753
2093956967,18.194518216838674
1880443787,18.171841831326937
1433881343,18.168220959954606
1879179333,18.15110718270042
2501447114,18.148572978746767
1930939077,18.14653271465899
2094632982,18.11908219028927
1879771185,18.113527896377907
1879842813,18.097702518864434
2093981553,18.073228526315162
1933521451,18.073127204967196
1930142043,18.056105407933185
1933564375,18.019890974778704
1879791133,17.952185713927346
1432715841,17.934080440304495
2499302703,17.91183329451074
1433781027,17.90983628302078
1879176952,17.8067359782597
2092874561,17.727902528154207
2503588050,17.715115493731147
2502529801,17.691290682905798
2500327027,17.689971622901055
1880526177,17.59727141113831
1879859474,17.588917531446373
2092761487,17.509314972981393
2503114182,17.4501430872067
2094656613,17.441589028489105
2502265414,17.42867478219904
1433523485,17.408912364224722
1879891071,17.404891836757855
1931028313,17.389552552427343
1427864823,17.368245512555635
1879843095,17.34696553577315
1878580747,17.32800648623495
2501651352,17.32503075579762
1427784422,17.30932959389925
2503554092,17.28264852006353
1933581352,17.212751112958077
1931617017,17.201460970242092
1879847252,17.201253372749882
1931588940,17.18234856373668
2091951267,17.15389082856364
2091188577,17.150308245077703
2499576032,17.081498522270174
1933600554,17.073317641538733
2499667832,17.015443045075937
2499434797,16.98556216364129
1879214795,16.971117016357205
2501015290,16.967432301834997
1930954477,16.95698197364621
2499370034,16.85914494546624
2502980641,16.838916908759003
2502403510,16.777186225287274
1930152301,16.761485139987506
2092887923,16.72586188187065
1439358383,16.70896801899469
2503573112,16.630359688292753
2095358872,16.615333859188812
2091186777,16.609084996130083
1930991267,16.596911553474335
2503922830,16.59165838678
1433025417,16.59074928413583
1433177945,16.579818262528427
1932563855,16.57294800165755
2092894141,16.54838373989768
2092091040,16.547047304183003
1879227840,16.53435818876128
1932463507,16.486490329833696
2091273977,16.45751041516326
2092076503,16.44134783837547
1932568195,16.428062920569978
1930940603,16.36140414970444
1879224101,16.348855876221577
1932440190,16.28941636169289
2499833534,16.272177596100956
1879796645,16.232697055616384
2503719523,16.178760374535514
1931630260,16.137907268657294
2502292901,16.107451709515097
2093967565,16.092303265419112
1427611500,16.085154764190257
2093086613,16.064141762763363
1878596164,15.989351236229856
2503500327,15.982906293159022
1931001297,15.939606553699775
2501599404,15.926081039757015
2091223811,15.909189953139915
2096208345,15.868454935056178
1932608894,15.868040161790852
2500869874,15.840725746246578
2499291103,15.810269799099828
2503427920,15.788933514598636
2500265754,15.72026873340257
1934300257,15.671916182709342
2092948962,15.664076124775963
2499382070,15.627024068379548
1879811465,15.62401925218753
1930986841,15.598941134360055
2503833490,15.565564872135443
2091271224,15.548559314784246
1933561165,15.54206977660766
1879149213,15.5014893974673
2095429141,15.487505932003879
2092842645,15.447399229339059
1879865350,15.434962048455732
2095352311,15.422395460961694
2501355724,15.245510520190777
2092895481,15.242479821068017
2501499373,15.217557445891167
2502481820,15.199190782793263
1879826951,15.130289585133363
2501573564,15.110073698673972
1930998551,15.00481543425797
1880533182,14.96602610790401
1932622561,14.964221694713796
1879178187,14.957143257130554
2095409650,14.945446304012377
2094558563,14.93594769572926
1433144307,14.92157652365879
1432959657,14.912666191187977
1880518571,14.884984381835611
2503404540,14.88182928883705
1880427754,14.863509079990491
2095422180,14.847454605618857
1932472671,14.831469074320376
2500980572,14.752812563424607
2500744904,14.734928699329947
2503100674,14.728530477505592
1879156917,14.724138065775968
2502582172,14.70712809422456
2502386213,14.702328927442533
2093085411,14.646672772523006
2095340617,14.594045677278688
1439482372,14.562175494541773
1930195303,14.48581135418505
2503770674,14.476539283367565
1879855563,14.45736631253282
2093929672,14.36748553327909
2093937187,14.354779052146432
1880495650,14.346643332388187
2095370287,14.329425298451568
2095467261,14.246558968797235
1879163794,14.211999945415048
1879172691,14.185810161916088
1879156897,14.161012624313486
1879858492,14.088896340989027
1427772923,14.079637762491803
1931588942,14.04568365767194
2500102190,13.984644140512515
2092060795,13.964688124314211
1434383341,13.964133663880453
1879802412,13.963574569617212
1434452880,13.9441938876263
2503632677,13.933233456556634
1879822001,13.925720756372147
2095422875,13.899281928582187
2094612804,13.898642080447186
2093060064,13.887772597374997
1930203205,13.866265318079261
2091197315,13.847346038457527
1433603200,13.834431762540515
1933575795,13.827431681287148
1427705930,13.827404424458837
1434293665,13.815167834164162
2503031734,13.773863121581554
1434068273,13.735902585472129
2502214953,13.733887938970089
2501052531,13.718994155656855
1879780801,13.696884254541676
2502113181,13.694312164369261
1878597327,13.676558600738925
2499543057,13.664306482589515
2499238983,13.647291629746373
2500212595,13.628010134259501
1880468610,13.623175147873441
2093960770,13.5294217597428
1933523414,13.519695449537988
2501729072,13.451739725030794
1879149390,13.424967153039432
1880536181,13.409003301736245
1879149223,13.397120508092424
1434339160,13.370450409820887
1932438022,13.342358198572196
2095399191,13.33130672733318
2094597364,13.321803184450673
1427816602,13.312065200534882
2501412210,13.310353117675646
1432707775,13.305879975286365
2094649620,13.278328534337636
2500174963,13.265954082932804
1427732714,13.227597312840903
1427839717,13.220462223578867
1434222243,13.216471324323837
2501835781,13.201088511979945
2095398655,13.159470816387508
2093042550,13.058508320892939
2499828202,13.054877043470805
2501326262,13.04278839044703
1879800564,13.037096333932972
2092817663,13.010813002614436
2093876592,12.993861214014107
1432637681,12.896666573804957
2502287237,12.820442822528577
1879836814,12.820327868443332
2501716040,12.800295743669514
2094633064,12.782913243801843
2500453793,12.77945679465643
2095416015,12.73942172338326
1930969434,12.717345333119056
2500221872,12.655382940192249
1439408447,12.625467158540015
2500399293,12.58548519845741
1931686503,12.549326665108847
2091973117,12.543253350255203
2501456512,12.47606764917759
2501621927,12.465398501614883
1433630363,12.422186271568771
2094672883,12.39964483756
1934319970,12.394101497176914
2092007703,12.365090852160215
1433378440,12.328493463499193
1880495803,12.308513677645081
2502208634,12.29855156758958
2501095202,12.284441153501753
1880481975,12.250523777236884
1879815904,12.224614795886554
2499624740,12.219516053258118
2092840745,12.154290414043864
1931022664,12.152631841215705
2502635175,12.133354926160358
2092806583,12.102938234304396
2502123624,12.073706077381743
2501040175,12.041076682813493
2092878885,12.018505871053588
1433714624,11.986747445989849
1930959933,11.971675766242495
2500746960,11.958656172539989
1878584871,11.937673737673993
1879813337,11.88140909016125
1931664417,11.861829095912183
1930229253,11.834561051526967
1439321142,11.829754170830054
2093866991,11.75652022116801
2503439794,11.70282527785859
2501120651,11.69904539522107
2092937533,11.687765008832962
1879825524,11.625773096498174
1931600081,11.589505593680153
2503538754,11.570363574388347
2503707324,11.549292759335335
2500219720,11.522580738048035
2501788375,11.519261804427332
1878584235,11.514640472254438
2503382911,11.500026620660028
1879773543,11.428410549549843
2499205031,11.403467681488257
1933579024,11.324950125692627
1931649310,11.246921839157768
1879823803,11.245070012723861
2091949710,11.196519014502792
1880527951,11.18579562251772
1879149283,11.181137275614638
2501722000,11.093814408915165
1879858124,11.061317433029405
2503876297,11.027006410107347
2095392243,11.022047252814469
2092853552,11.01899068161072
1930200207,10.90507109093085
2500150361,10.817249074354672
2092032733,10.779404042788416
2499818804,10.77061390217176
2503549720,10.76228324613984
2499552207,10.73741069420246
1930166677,10.731739758213248
2092886003,10.712613772090368
1433430875,10.711059844107126
1433755423,10.687006615853122
2502277934,10.61815460846899
1878589487,10.609959336170279
2092080070,10.50523429031974
2093943574,10.463784810960737
2503921877,10.435948407519962
1879787050,10.392424125009454
1932545561,10.364695944665254
1931637655,10.335077258730268
2092997547,10.293174706023594
1432823653,10.280251762059045
1433467521,10.275243906223343
2502129845,10.272446858901315
1933555542,10.246566966412558
2501800415,10.1893617373495
1934319462,10.158883007738355
2502217212,10.130067578040052
2501575212,10.104887268251229
2501686583,10.04717454745328
2503187830,10.04396118530711
2500433831,10.028271253034875
2502510802,9.998485858275119
2095485540,9.966235813878885
1879782824,9.869776731820934
1932483774,9.860006775838087
1930964653,9.80357300945294
1932573783,9.766757423775433
2095392045,9.761366059906896
2091990522,9.755262664294479
1932531327,9.744318854885123
2092848397,9.697068421258573
2503151560,9.670018321148117
1878597701,9.650764304083529
2503125171,9.616162311761132
2501745474,9.601400523409708
1879202681,9.59674908549084
2502035962,9.57494835645876
2501471075,9.510393519341473
2499826432,9.49079240844878
1433589300,9.482476742396504
1932612563,9.468553389836051
2501044013,9.46657348041558
1879889037,9.410006668526846
2501199145,9.403645817866208
1880531015,9.403618414030245
1880526614,9.358888171924193
2502781272,9.320659045054079
1878601460,9.256439060430317
2501244800,9.21221713724643
1879833267,9.151996710914979
2501886724,9.149670666329108
2501957217,9.142802486061745
2499330552,9.111275911273582
1931608954,9.0541655625286
2503380831,9.043459568389972
2501296824,9.033172996441834
2503523992,8.961760526736423
2091981662,8.943222862780928
2092922107,8.941141040796712
2503096674,8.879727029842506
2094576674,8.854333365914357
2093969754,8.836555998548826
2501143594,8.753685510917371
1433061381,8.720311784381522
2499500162,8.67727048500879
1879823660,8.675403967783495
1879202085,8.659827833474406
1879842480,8.625091841314307
2499531205,8.624440279503608
1930246051,8.617796178678477
2095336380,8.602697946813825
1931665035,8.561593259626715
2503786723,8.543578785285574
2502636654,8.538886237589642
1931021600,8.489286821715691
2501621443,8.430902978472567
2502096030,8.416554822221768
2095434701,8.338620191617837
1930950830,8.332119101730639
1879835704,8.317071981970505
2502130954,8.306592461422959
2503371853,8.286772008971859
2094549637,8.283705761571198
1879243697,8.260570307948084
2503009400,8.156016269232367
2499296120,8.10790448204148
1433466075,8.104232438664221
2093940160,8.099660003477911
2095482085,8.058829209981688
1879776741,8.023382286610122
2094634993,8.016555944036444
2503700332,7.9965245559483025
2503564650,7.992910940909496
2093918845,7.966582795902262
2501409181,7.944885817864876
2499762194,7.939951933742632
1434235361,7.93144371411354
2091194191,7.9199817630368745
1879792694,7.917478122875414
1433271214,7.911003656896737
2094643294,7.866394513873399
2503747972,7.855824679750119
1934303255,7.783003582772818
2502520590,7.764038916315757
2503129437,7.758504538602885
1427602581,7.752778164033526
2094686062,7.7444367058864945
2503160971,7.7271920838620005
1878582487,7.722738613895035
1931642065,7.646195620504148
1879208903,7.633745777129999
2499247044,7.622665674187579
2092918933,7.610816627771836
2503442302,7.601553497115157
2094584945,7.585558722255286
2092928521,7.546581479544313
2503653185,7.523956247848851
1433991732,7.501499410329194
1433859440,7.4943742922579215
1932504094,7.488349720227768
2501883342,7.485011224751505
2096268040,7.446794816518077
2503793365,7.424998546257396
2096222302,7.350910187902985
1932490153,7.2948835152411435
1879866257,7.294186209840382
2501098453,7.242689359031742
2503570454,7.127143741371821
2093072843,7.055968798152531
1878601002,7.0550246446159965
2091278312,7.040181045342617
2503638610,7.03218802002408
2095368807,7.0102766586610175
1879177281,6.955914790527803
1433101515,6.921775036314452
2503892845,6.889255766100569
2091268024,6.863624406419653
1932534517,6.8315491523480985
2503702802,6.789316259706501
2501226367,6.751664000262901
2501987473,6.73516077541903
2502943682,6.732000071956161
2503056204,6.633529781903085
2502286981,6.628590376353706
2093946140,6.5902768350572885
2501063052,6.53531552826051
1434432584,6.513887264547512
2500561363,6.465504498525734
1879877182,6.424313563557545
2501320055,6.38984867766769
2502617040,6.358126343605376
1931610084,6.319989582735252
1879847007,6.282012995380729
2501089503,6.257856302225621
2499416981,6.227470442953882
2501016970,6.215871178529433
2093011495,6.209976567326215
1879902430,6.191851271432567
2096259373,6.188385847890791
2502401707,6.171183531909079
2091225392,6.127015422564272
2094623015,6.115885115002798
2092752310,6.097568930538882
2502823810,6.090648712057522
2503034700,6.077471094805425
1439375154,6.053003104069954
1930973711,6.019691637812341
1879863864,5.99781017430524
1931003510,5.995504280373615
2499525472,5.991081746167758
2499308242,5.963969824146266
2092866367,5.9287073977170195
2500390413,5.918542643968088
1932506461,5.888040499841509
1879138491,5.8284630244913025
2502282840,5.816845640581542
1879217553,5.812222584488516
2501163810,5.80305743351934
2094564307,5.802122447088201
1879850674,5.795647227666582
2092038522,5.75606811588134
2503665651,5.6257444377677555
1879175273,5.589645780676863
2499489561,5.460241130021892
2499259304,5.4486532501505245
1879829071,5.400801142112595
1879800233,5.376717038374481
2093858032,5.356453804494663
2093049863,5.345047308512046
2502110792,5.319074753547792
2091947402,5.316437842672632
2092058544,5.301505070186497
1932629821,5.2629307568615875
1433277003,5.174896030011857
2500640503,5.170165814084267
1433703774,5.159825234379133
2095394617,5.155591798296635
2092080571,5.150021216567069
2503006452,4.975693270765882
2092892851,4.945879169221303
1930150194,4.91514315930181
1434601634,4.881144558936613
1932555224,4.85684783796738
2502932442,4.823200169816034
2092800062,4.7740930395659635
2094687982,4.732036203180063
1931689215,4.694436359741102
1879182725,4.60681560672792
2503346200,4.604928457697551
2503242567,4.49429178595754
1879248523,4.486816442786362
1434636037,4.454793855196548
2503373132,4.437823031629664
2500736950,4.393919218666435
1433936424,4.390209872822778
1879888110,4.38743016865836
2501643600,4.3524841822600076
2501937211,4.352349700325684
2500838150,4.326821737859368
1933501107,4.293959369251321
2093856124,4.277221779274163
2499581512,4.239399549534286
1931625055,4.208246858127223
2502093972,4.205812318686508
2501802401,4.195428019466604
2501155181,4.193136542416518
1879800210,4.165921023131574
2499255770,4.12560473556067
2502459502,4.105728043819582
2503869741,4.1037118531205525
2091246440,4.1005640207429375
2092856014,3.9911752081241914
1930993880,3.9831808026993443
2095365654,3.9755392683040256
2502490110,3.9741460519079936
2502125320,3.9651798879351103
1433177313,3.9629546487161598
2503931750,3.922470085409185
2499712482,3.8705999545806242
1934297007,3.8361660757762532
2093011210,3.8305552282287776
2503261852,3.8254541330766956
1879178394,3.809018506188143
1439411820,3.8031535483195547
2092965332,3.7913247606488105
2092895213,3.790743765568654
2095341063,3.7634052581708355
2503774534,3.7576025538081073
1879237643,3.7287502759361497
1434597257,3.671587347754412
1930197437,3.671297209535745
1932566195,3.6580725154978366
2499655397,3.6530651620942804
2503374124,3.6263849853823773
2502367164,3.6188525670117127
1879822264,3.598807845389196
2503345752,3.5839571182796166
1879214501,3.551722053812206
2501230707,3.545758869727777
2503315264,3.533579890900382
2502245990,3.5236776830014596
1933492860,3.514760091886605
2502267454,3.479421674475787
1879791237,3.468964603756596
2091180663,3.4576304137387046
2501761493,3.438824942751951
2091188353,3.3772437553065853
1932582531,3.3574764782725985
2092799007,3.3568143606754037
2502291050,3.3227411578603627
2499605735,3.287961471940749
2503025170,3.2718139513777507
2092776380,3.2653802968450583
2501677534,3.2519768398530013
2092990864,3.2168051027272897
2503887320,3.18067970676145
1880479131,3.159457707375169
2503506700,3.1364753847879996
2502542662,3.1105460087929604
2503273580,3.1066871006251064
2503534702,3.103101642377235
1880439310,3.0995024869688343
1880488002,3.084120081154316
1879794502,3.0535769441352687
1932651147,3.0494793391798742
1930961914,3.047272262746833
1439334713,3.046926348660344
2093001787,3.042750241725579
1930172982,3.0421122737559982
2500202283,3.0416342893274972
2502308657,2.961914170284809
1434094101,2.951592906592744
2501819262,2.9352694988704133
1932614251,2.93025565340681
1933549545,2.854225528891734
2501241902,2.829090785033033
2093053935,2.8130000683589635
1880545253,2.8055649139167187
1879130510,2.7867950526200778
1932535815,2.7683377163276686
1930989237,2.7620511781364026
1932457174,2.7617201369413387
1879832213,2.7577307552892245
1879786804,2.7524712090211403
1434387020,2.7348910976046077
2502042364,2.7267886990896137
2502617454,2.704200239730957
2502694877,2.6905534250314167
1879911255,2.677039202007744
1439514351,2.673338639410014
2502107004,2.632427095482878
1879164957,2.6181428500165222
1930954185,2.6085059616934494
2093960557,2.590180265552204
2096253487,2.5800320898364952
2500371823,2.574060628863764
2094668963,2.558128235445161
2502246510,2.5259840537820066
1933570641,2.524624667331204
2501183215,2.502446741029523
2092934154,2.4841679931300895
2502581142,2.460038177547595
2096227567,2.4393884672330586
2501216275,2.4385643507170762
1930940280,2.404980490508517
2499299800,2.402941940508246
1930966252,2.389738594354147
2500916855,2.386806126904914
1879887370,2.368979076103107
2502183104,2.3411832976251787
2091230624,2.3391787530761747
2093943622,2.2405084122984333
1879224335,2.233944617955724
1878586150,2.228754644081222
2501503601,2.2157781710507765
1931641962,2.204590670174149
2501065732,2.163948917336373
2093945075,2.149743865402915
2093080013,2.144516658645794
1931006080,2.0441648037271873
1932600585,2.0274177892618166
1930147935,1.991948445655781
1930928765,1.9767598991323514
2091237282,1.9727159951241666
2501404785,1.9716187819467894
1930180330,1.9521418937929362
1930212161,1.9412393346897057
2093911237,1.9181781375424696
1931616884,1.8882954057496244
1932653744,1.882118902322508
2499655133,1.863919782572349
1934306281,1.8223984186917197
2092973252,1.8180806605344424
2093005667,1.8137973701835575
2093057597,1.7823516045036085
2092954843,1.7637625259764638
2501573705,1.7578753974488563
2092926813,1.7331588861010778
2501008205,1.7167356382646284
2092860614,1.7059979369949838
2092922897,1.6709672912654097
2503768161,1.6335676261509138
2499206293,1.62204880174154
1934307945,1.6034088818951222
1930136852,1.5905678090403106
2094669691,1.5615143936750537
1932468557,1.547865680890514
2502339012,1.5353977687717655
2502159035,1.5327162554027058
2095413893,1.5217662903297469
2093064853,1.5031333865395835
2499441582,1.4963700104806075
2093042637,1.4488311858080474
2503362361,1.4476049543232334
2091186947,1.447517738257626
2502887135,1.4458622784111912
1432845141,1.4448540608456972
1433442071,1.4113743598082293
2502313740,1.4082313860961828
2500266087,1.3863598125800247
1434204871,1.35906953378463
1433871525,1.3352270033568023
2503862154,1.3082924288566122
2093922924,1.2367750961828996
2091982721,1.2278091318272022
2499802124,1.1910436515449607
2096230544,1.1827271482413917
1934302351,1.1284330749982423
2091224802,1.1255196784892285
2501240590,1.1111247236391333
2499645960,1.0733441728881319
2500465907,1.0684219420484449
1879211333,1.0645995440058162
2092993380,1.0643646485887568
1879159263,1.0619972273856704
1930973980,1.0604035574888777
2502723321,1.0571810217959197
2499729902,1.0564704738186945
1879835164,1.0189448927719211
2501149074,0.998306702491601
2091186867,0.997418801439955
2499225637,0.987467584614802
1932591405,0.9460435377823406
2093977123,0.9436990731986342
2501276130,0.93358480214831
2095492575,0.9234182721765396
1878592094,0.9201110475482389
2092786760,0.9148974630349507
2502528323,0.9142831307299119
2500972741,0.9115295547860052
1879780590,0.9029791617384122
2503197992,0.8531264986689433
2501775000,0.8335834441150602
2094616277,0.827664510871885
2503320787,0.810253274142328
2503244174,0.7821566951903187
2500809400,0.7650107185221328
2502326242,0.7495454127221397
2502636935,0.7444639010007079
2503052112,0.7426660083238821
2499591744,0.7420997040505203
2501876944,0.7362612205326647
2499284220,0.7232072884732107
2503368450,0.7015529066993239
2503608270,0.6526398570144287
2503743230,0.6458395678041079
2093866724,0.6192401927052495
2499772990,0.5951324879832991
2500948187,0.5921699012535562
2501169814,0.5616094493638037
1932499717,0.5609279155448725
2095439572,0.5590960417840898
1931594537,0.5501043003113402
2501969041,0.5375790522595968
1930174271,0.5364630989830582
2503718010,0.5140411932780248
2500296344,0.5082023965723903
1931020402,0.4830671084436539
2500103064,0.4818746550490669
2503819890,0.4650057694823598
2499313540,0.4600849147011676
1879176623,0.4560042880018996
2502397084,0.4489200422943967
1879831903,0.437561899236147
2499588640,0.43468956532444203
1932629640,0.4304494276424885
1433199633,0.42475971238969895
2091988012,0.4151784816744331
2502636050,0.41136620639493504
2499689664,0.3928346713798081
2502296224,0.3727039559746541
1930247677,0.35539752759356374
2502319740,0.3534188066477938
2096279842,0.35188726996410624
2092773853,0.35028402387173074
2095451137,0.3449304589745567
2500895150,0.3438184348879342
2501450034,0.3430764577302793
2501692424,0.34144211927996
1439659294,0.3114372562823243
1879171031,0.25381808973282927
