user count in community:732
Topic id:1,Representation:0.5347222553468907
Topic id:4,Representation:0.3328080696514043
userid,score
2503471987,37.64666134579615
2094615725,36.477313659623455
2501083502,34.41438985573574
2091963181,32.49056358118711
2502400832,31.694331473966805
2500112881,31.66141302127278
2096235440,31.31265205873024
2092870902,29.83082051732822
2500562923,29.38761223829507
1931695010,29.19041400521474
2095450703,29.061688916731615
2094639977,28.061665751936854
1932544014,27.977040524177568
1930160965,27.908252557301292
2092011654,27.402069627202142
2091217625,27.341238719604206
2503922437,27.20802489886719
1879850912,27.07407298644979
2095382490,26.834941045391727
2503663570,26.646135807193644
2092983305,26.5469603719308
2503749404,26.439458590424294
1880495980,26.362656807436007
2503480364,25.764754331656473
2501023050,25.56567871681759
2091246095,25.158670774319255
1439559653,25.030119146768218
1879187927,25.020930330499436
2503347380,24.80787922905317
2502125414,24.58847864110175
1931603433,24.579119880375504
1931692703,24.467213386326883
2502212842,24.222606323780624
2094693872,24.069717166236902
1879177922,23.952860588126416
1880441747,23.752160941918106
1931631517,23.670872357153062
1933499583,23.491095299724936
2501438970,23.47039051829237
2091973917,23.2988089916335
1880505410,23.10960982957289
1879158780,23.014607498854964
2093853084,23.009388544429314
2503037367,22.956539126902776
2092980850,22.915646721727278
1879778215,22.911192725571794
2092035013,22.895929565111796
2501733850,22.784411683941535
1933577854,22.676761051348915
1933495237,22.621253591168934
1879910222,22.597102081100587
2093048603,22.5867803962085
1932495682,22.583360048366742
1931644244,22.534721155058342
2499852404,22.385607792769143
1879824254,22.34499202189042
1879837335,22.34021347202367
1878598725,22.27397094465441
2093014960,22.23380466436123
1930179873,22.22910989429108
2092759867,22.20674480673949
1930181673,22.141826184111167
1933503817,22.113386088656906
1879868954,22.04192889400796
1933549537,22.032843951893057
2502018002,21.989797593940043
1930963487,21.96660316581736
2499398920,21.954245651369472
2500395267,21.85483676628038
1929308284,21.780345278050017
2092843825,21.742882670085397
1879784384,21.712530564525757
1930962165,21.68897647658264
1933550210,21.67673651191678
1930185800,21.598070180473616
1879190683,21.53596792112226
1932602591,21.397804633971933
2499752952,21.315776375631106
1434644694,21.3105998957026
2095419604,21.28941896332268
2501320521,21.19086329784318
2501164590,21.01969742285688
2095468692,20.974065756265727
2500261152,20.97273709134663
2502398367,20.948919432813824
1930987564,20.929832721400594
2503825925,20.84934517630841
2501749652,20.82673483692157
1879226900,20.81360510407961
1930184022,20.66585065900457
2091288401,20.636237962396617
1930182033,20.624197872621384
1879866594,20.594713461341126
2093936937,20.589069250954342
2502967742,20.517796621128788
2091196781,20.51635031102542
2501396690,20.49110144016536
2092042382,20.48116396482682
2091980411,20.449449176962492
1934307022,20.447116840042646
2092983405,20.386649677761422
2502493942,20.359715549188426
1932518294,20.256512582858107
1880447343,20.231345446974586
1879769624,20.210425478818795
2501506624,20.194613042574893
1878593253,20.176919075694332
2499227700,20.154122679315254
1879803447,20.0796866969282
1931589911,20.023407640716275
1879165642,20.01654681586406
1880489170,20.007779325068753
1880439531,20.00656542517812
1879201371,19.97464204091165
1932465142,19.93684944434498
2499727654,19.84736145220611
2092041250,19.782458694229625
2502248924,19.707162215102542
1932501041,19.686039245505903
2092799887,19.64808812729087
2096210800,19.63447202221597
1931631153,19.614088997714255
1930190333,19.507639266045246
2502495632,19.487254403913965
1933563930,19.449853111908595
1878600095,19.44720231403545
1931695724,19.432815480222246
1879829814,19.430302774090364
1933551953,19.406041975315674
2092786855,19.37340107821079
1879779734,19.322616898270777
1880455751,19.31993450710045
1878603930,19.302779079848804
2092880315,19.28884688891792
2503004920,19.257137807418488
1930203735,19.233501542845723
2092040421,19.128551037699363
1879141271,19.117759484804857
2092846763,18.972181595844525
1930200275,18.905130636584186
1932480673,18.87986251998855
2501922932,18.828243692506472
1879833773,18.818621746379534
1434027090,18.771244303692622
1879140324,18.71558186646955
1932615813,18.70867564352458
1879778165,18.704130204067347
1880510250,18.696678415363316
1931022071,18.68240330092043
1930941090,18.62578554702058
2500249442,18.62484521412121
2095355493,18.610501591054813
1933555927,18.60225462628845
1930946052,18.537346334135908
2502510552,18.526377266426795
1931637965,18.523016058572487
1880464601,18.50000932665809
1931665515,18.434284139253517
1931695465,18.406584372944533
1433535571,18.405768848842868
2501192554,18.358946309416858
1931602755,18.336585379648646
2503316200,18.333634389256833
2091955683,18.330350736068418
2499598291,18.321686617150323
2499327250,18.30109927323558
1933529773,18.28626627051453
1930187045,18.28230846532405
1931004287,18.269072300750416
1931007300,18.25342243636881
2500636463,18.20245674339504
1879906454,18.17861750981848
2500134894,18.062330194937672
2091261983,18.057354575905784
1879161364,18.040975176180808
1879214934,18.04089552545147
1879235807,18.02251038812864
2092998467,18.001370065741842
2092866564,17.98509068310785
2092079667,17.982982574902827
2094628457,17.970529489743015
1934316595,17.93770005653554
1879241347,17.89053034073926
1879152354,17.879556928949267
1880482500,17.83814357553132
1930973615,17.814152358042033
1879167284,17.805610118777864
1879144233,17.749718800239755
1879868464,17.73123135730806
1433773952,17.7115869435623
2091190935,17.66282365554686
2095353173,17.652915517017476
1434067313,17.5645375283582
1880512234,17.483948328416226
1879884063,17.44215308577858
2091231384,17.424334940865947
1879157655,17.409353279317923
1878600102,17.403127918577216
1878589902,17.38675631275608
1931006501,17.313696331390794
1879859300,17.305604485544237
1931013371,17.263228494277435
1880495581,17.19749172450134
1880445802,17.13843208652523
2503317670,17.13074444915309
1931664742,17.111476924622483
2094648494,17.102855643107233
2094643512,17.051752690383342
1879879900,17.05144160139842
2091961241,16.984068207518124
1930245924,16.95125526148513
1879131951,16.925389311548862
1933545592,16.856264210188627
2091268201,16.8187799980617
2503738814,16.79731658667282
2096246351,16.773894971582234
2502462454,16.770913943352127
2502151372,16.731739413514767
1879145304,16.72704839561584
2501360132,16.683814609296693
1879893372,16.632389080231984
1432615223,16.623788610218558
1433177705,16.575645034954615
1433386395,16.489417354747033
1879140622,16.45266588854214
1930985172,16.438103456319396
1933514340,16.30903477850341
1880438737,16.301059194135444
1879854952,16.2431152873565
1879821341,16.241826257790713
1932487255,16.191451822233105
1930159475,16.183263344577806
1879216820,16.14119190132761
1930228875,16.110760958914845
1932433070,16.091566978562255
2093975642,16.091085952369937
1930964107,16.05019359599727
1931588945,16.03527444639225
2092014043,16.008704511172194
1879157282,15.947928758123815
2091979883,15.94416819296071
1932515814,15.887102093183163
1433730670,15.857420686567542
1434320270,15.810830213475867
1933524865,15.761783773861133
1930164563,15.672583251086486
1931013615,15.65681936575376
1879768300,15.614542430134332
2093854050,15.61381211585616
1932513987,15.584875833437948
2499331600,15.543503167514608
1880476691,15.507713076361267
2091225601,15.467963956573673
1932481025,15.372187016959732
1879788654,15.36122244777228
2502485223,15.33426437008737
2093875633,15.293548422522782
1433346464,15.291326884452157
2499419362,15.269975446103615
2092900830,15.190321865875958
1880485512,15.123011940710255
1880453730,15.12063263121312
2093045167,15.116058273806832
1879820652,15.06447412461952
2093953313,15.022181262455419
1929305094,14.927364826551372
1932521605,14.919125171826904
1434000117,14.874800281652096
1432622982,14.860817813232838
2092009734,14.856193209433307
2091187603,14.85272334377694
1878600022,14.81459018915739
2094692403,14.809169975554237
1433449762,14.79428636924765
2096233354,14.747357334882008
2091256597,14.69680150531778
2500102300,14.67572078115435
1879168322,14.667159225920942
2503390092,14.652364210800211
1879159204,14.643108734956414
1933536933,14.606324710423218
1931597402,14.545630249851113
1932609614,14.491286673120605
1879787132,14.484720011777036
2501976375,14.447386098554805
1930195304,14.429173480880642
1879176385,14.413665197494897
2500541797,14.386707660443385
1879825792,14.339878060473499
2502550090,14.319857310616246
2091247595,14.232208588554133
1879132341,14.214006042735244
1880518952,14.204194172391423
1931670162,14.173663167772613
1879888574,14.134183353937603
1930137001,14.123595419553636
2092991924,14.081054999779731
1879783334,14.054625757271138
2093954281,14.035963521265552
1933520211,14.026924371868681
1880496792,14.021243676934732
2092991893,13.99736039220508
1879158991,13.984211708515764
1933539210,13.975053799455727
2503387512,13.956422458059269
2503595342,13.936844273806033
1880501860,13.91384569883271
1931639655,13.90866376045084
2093874080,13.90417140956322
2093882975,13.892278007452155
1880438121,13.879930321203036
2093058563,13.82659990942929
1930185404,13.807722559504269
1931614960,13.76817542596939
1879246974,13.684483645524587
1931692911,13.670380947942403
1933502711,13.666098254025172
2092848593,13.665990926043559
1879906982,13.661121690567917
1878598662,13.652100861626211
1931016713,13.641346103019682
2092037605,13.63477459903033
2092002471,13.554401927128666
1879870751,13.552454604341206
2091195882,13.496792485756597
2501079954,13.490671915474344
1930229084,13.484787571093662
2092023305,13.48367389087712
1930208400,13.314676878158874
1933552577,13.271518814831113
2093883721,13.270925577057376
1933509027,13.270136888834001
2503730944,13.182139477780254
1434396997,13.181411010141236
1931653711,13.167167114320991
1880495925,13.16388868533993
2500845182,13.126403939037154
1878603672,13.089191289601876
2502189602,13.058117013122086
1879199765,13.055242717655364
1880476214,13.053823266783148
1932537842,13.010878558955735
1879886022,13.000383042804135
1879819834,12.96316358453897
1931643607,12.95685725023732
2501600154,12.945695169351266
1880515873,12.871756669082824
1879787230,12.866093690007537
1930233795,12.729843785514422
2096225232,12.6744903760924
1930170917,12.645476430109513
1880471322,12.642187039564687
1879248705,12.624543808372957
1932528183,12.602361368486958
1879206624,12.601336828786234
1879168147,12.587401720991448
2092836400,12.569067656828794
2500108750,12.554501643640629
1933597263,12.517227546216738
2501647282,12.447044005828701
1933516945,12.44579655359224
2501972181,12.436396267357138
1932493351,12.40488644218166
2501247791,12.39729670651504
2501739170,12.39683665632766
1930964742,12.396605827324759
2500173540,12.319744674505273
1933539125,12.27954950421608
1434058297,12.27463446686402
2503614080,12.268034087764633
1932529424,12.25304794776371
2095409990,12.247297890943157
1880476692,12.241735284515304
1434607403,12.239347894609056
1930933862,12.182198410246947
2093890502,12.174883052804605
2500742460,12.155041670786366
1433536422,12.138388807071532
2091240091,12.124416836815993
1878575957,12.120625269421224
1932451173,12.101244712603119
2499631990,12.051254930979546
2500283183,12.04876720584649
2502254232,12.03422554051073
1879124404,12.031771785972131
2096192761,12.011682632712684
2501387331,11.999996585244673
1880532340,11.97891202340474
1931645525,11.954388628849653
1433540682,11.932530269687598
1879135974,11.89695623409563
1930201665,11.805117286992635
1931635160,11.803002337577334
2501801972,11.771690992521194
2499619937,11.771025896450018
2500192753,11.754125344875144
2092900257,11.676144433948698
1930192287,11.672756218823022
1878581697,11.634326374537531
1930988207,11.573674398028526
2095397854,11.548978365837524
2092833410,11.529876661585874
1879163690,11.489109299513848
1930251763,11.442783658791528
2095416123,11.382197448643282
2499278381,11.36814919642596
2092037064,11.349307754303801
1930987015,11.348204067158655
2095353882,11.342237751240003
2095342650,11.323370334547691
1879829054,11.31484935211065
1879159682,11.297383290289808
1879144040,11.256704252501981
2093881132,11.250945175259105
1933580592,11.209909263750767
2091980637,11.142648160207667
2502946162,11.129877726456773
2094565175,11.11829452518327
1878576931,11.116703488693563
1879781372,11.114482356012857
1879857592,11.113512115047111
1433770634,11.108207357496628
1934298125,11.061680976391777
2499678904,11.060227982772062
1880483890,11.05345740041656
1878585863,11.049138969468192
2094574934,10.996180705168195
1930961223,10.93474091194111
2503418130,10.867542516467557
1433474031,10.779965748675696
1879232687,10.661398976078432
2501849684,10.659251699733312
2091963423,10.637927868310886
1933516382,10.625846571677348
1879809500,10.583480567681478
2091257375,10.573637819422832
1879878382,10.531462829363758
1439384105,10.514028240482975
1931695603,10.505165303187926
1930178401,10.455601974210891
2500431790,10.42032424661778
1880500922,10.41927513430273
2093087693,10.417561433925716
1439508610,10.392959799258142
1879172645,10.384575567947383
1880435071,10.376592836379846
1930986447,10.371139004495017
1432700083,10.364695735115085
1879125257,10.325201378561484
1930981623,10.254926470791037
1879828145,10.25469430613089
1931006257,10.234004201630288
1879885270,10.219756683724388
2095488680,10.210684432470714
2502174845,10.199082469292744
1434181010,10.198402098121669
2503875614,10.152876661347051
1880541534,10.152451126781731
1879231327,10.122775573579773
2094670660,10.052784134032617
2501084820,10.004782694137214
2502655892,10.001782464810933
1879241994,9.999306378194106
1931668753,9.873164662294835
2092766434,9.864238718031471
1879782177,9.853832801997289
2501973681,9.840153143905466
1933504941,9.833267424499619
1930170175,9.714231939317498
1930939512,9.703239946334028
2503801560,9.673227971129958
2093883525,9.621266529221604
2499497915,9.561117645456363
1427844833,9.544229957309536
1930166017,9.538320109824852
2091260015,9.51772060031437
1933525284,9.50088693684861
1879130027,9.435999087344085
2092781454,9.423081067229672
1932544055,9.266924458398382
1930188773,9.23809163112239
1434273035,9.122933888941734
2499416443,9.114934066062094
1439395165,9.11050295125503
2094662255,9.063452821069648
1930216093,9.039074551832607
1930942051,9.022684342231745
2502130825,8.953012795558578
1933571484,8.942722863377746
1433560262,8.869973542159022
2503781934,8.842280592637676
2501935887,8.795247677766607
1931653523,8.740641726356312
2499269440,8.71573023627925
1439534114,8.682036190437081
1931005191,8.64247625915962
1931007301,8.640240511025377
2501105680,8.624190429531595
1434276055,8.6069433139437
1930999725,8.572117394851992
2092843623,8.569759846713211
1879223355,8.47782383934325
1933561047,8.466862537295428
1930983107,8.448408884361825
1879185201,8.41623627367131
1439621463,8.361187259425192
1879242840,8.272290805360809
1930166371,8.212059292301337
1432612943,8.175523878110424
1879128591,8.087416708038482
2094622793,8.074607585140745
1932489642,8.024198487611432
2092834967,8.004025928850167
2092004764,7.890353672342243
1434414634,7.8465016798717695
1930939385,7.842966308178812
2503721670,7.8309270498274195
2092055212,7.759630394320708
1880513994,7.730218807171421
1880425714,7.665963372719258
2502850787,7.6616209874852235
1931007702,7.618488404958779
1931625193,7.606093421208856
1433650865,7.499751019392102
2501372450,7.434498015228319
1933508182,7.429158297611229
2500289942,7.422976325785149
1879889292,7.394282988415062
1432717803,7.3355057285300775
2092054787,7.324364665430058
2096226142,7.315235762670939
2499278701,7.2995675714617825
2501639274,7.295256443004328
1930969647,7.27529543667895
2503181132,7.225620429712277
1930202531,7.223789577420902
2092016344,7.213883906616092
1932562641,7.168462365968981
1879191175,7.107880041215174
2500594534,7.0453951964468295
1879140955,7.028478920282679
2499372704,6.992520389027757
1930144851,6.9387798007366825
2499627434,6.916369191375642
2092035125,6.902659552519901
1439489482,6.897708916648129
1880459573,6.815576076936913
1879787604,6.811309428431047
2501037764,6.796447204531254
1879240034,6.7803127495384
2501252530,6.775238973663538
2499337394,6.734181424626166
2091185112,6.724664466075788
1933530363,6.635760252204955
2502798614,6.600766962355871
1933505705,6.506585242092862
2095406634,6.481334007524594
2092845101,6.438645970968994
2501903510,6.420329187146325
1879160037,6.414015303154079
2501783424,6.408529546710792
2500625945,6.390541599556302
1931695922,6.293381123188747
1879222304,6.26734395024608
2091955927,6.232340693369727
1930955110,6.191956229522056
2501735680,6.16101976900907
2091254467,6.139019614242723
1933535043,6.138349554008012
2499571614,6.044446681968113
1930160675,6.021659383666464
2501429182,5.9380836375912125
1934296573,5.887074712489091
1932503285,5.8447599005131945
2501598005,5.830115299500653
2502718800,5.751032381896872
2093950825,5.734471711993729
2500884924,5.640100537121567
1930937163,5.599532501187992
2502909394,5.493424326921495
2502091300,5.4879923539623165
1433297062,5.468627477930071
2499313470,5.4548064264696015
2503874871,5.402576657642952
2499780760,5.263404514823939
2500864964,5.243607532427461
1879244874,5.2305897375042
2094632774,5.2298064579725025
1879794433,5.165150517609553
1934310327,5.120122782553157
1880448182,5.090572003426868
2500981702,5.0102621600246335
2502455647,4.989864292697592
1433955482,4.941653901030331
2094641604,4.880403247379214
1930986005,4.866345487576348
1879195522,4.81727058450441
2499362737,4.799723346673629
2091241523,4.792829962694454
1930930971,4.791386001679979
2501706190,4.7699768133219
2501822534,4.736959235378139
1879215667,4.729981609069078
1930969745,4.708766494560157
2093940752,4.693293417189007
1931600284,4.639736638144543
1930993201,4.561494267646987
2502559843,4.455978372603906
1930935605,4.437593669715186
2502280120,4.423502546422582
2502420660,4.416432251162688
2499689910,4.408803481885105
1433147821,4.40670082715454
1434688680,4.253653302115507
2500269110,4.250918598188641
2502026574,4.229939374107351
1879835964,4.175495762037703
2502955270,4.157466080254926
2094589934,4.123776225200688
1932591132,4.061697303093576
2499699754,4.0008577180385
1934297453,3.9690552130707126
1931687151,3.9132905017980786
2499859982,3.907739936295323
1933595357,3.896043146424791
1434707841,3.884809366603198
2500185892,3.882468641558701
1433053694,3.8461518576072447
1931017850,3.8432511157980898
2501857660,3.8131992838188276
1934324004,3.779973051187608
1879141082,3.74849219850115
1880532331,3.564777326629353
1930169233,3.5628709920806445
1879810977,3.5468191039912713
2499292994,3.496659220797132
1880482667,3.4826576687298365
2501980387,3.464478575831885
2094578404,3.4276918271391326
1931688383,3.413130367802699
2093093094,3.409812350928596
2503885802,3.366916187204977
2503069673,3.345828213789728
2499886002,3.332275010953797
2500961214,3.3240403657464364
1930943517,3.282658008284959
2094649562,3.2782784460640673
1931651651,3.2497049278213295
2091202082,3.240980948406155
2093037167,3.2358717768679064
1933572800,3.1543009219358433
1880479014,3.148117325056421
2499702803,3.137467618505843
2095353392,3.1262170192152174
2499232910,3.124046956860364
2092080231,3.0235592802437647
2499312354,2.9861197618049156
1930138105,2.902183870883481
2095441474,2.9005337342863617
1930180411,2.8225395853352255
1931644251,2.8168166264952648
1934319377,2.790150547418304
2093991275,2.7604262720121877
1930215441,2.7309533145670675
2092797045,2.7280073656787396
1879217884,2.7014951241067826
1932512871,2.5860261185375544
2499762930,2.5590191241074782
1933546087,2.490230715156006
1934307703,2.48464238488496
2093016204,2.3364467013910786
1930168055,2.318111834691125
1933543481,2.2735576705627274
1934307130,2.1607086336088233
2091993497,2.109284839289878
2499771952,2.045945321412884
1433582422,2.0434542681975545
1879126680,2.01641785107179
1879806622,1.9367358890153867
2499558370,1.9194002361511402
2501097014,1.9021916419504383
2503624493,1.855419449701401
1879848477,1.8463642289033018
1880533134,1.7335067245160896
1930993521,1.6333503785282413
2500567790,1.4902716218289926
2499346223,1.4455229093350344
1931676901,1.445074346292757
1427620683,1.4183918213506381
1879874324,1.3472990451329738
2499680563,1.246514436579193
2499449840,1.2453534563930115
2503756910,1.2111379790130248
2096201335,1.1623898957350534
2500386357,1.1335273678283484
2501467152,1.113925094513569
2092088124,1.0903038198577704
2500726200,1.072904647546613
2503068864,0.9451234614749133
2502597690,0.9009538521444067
2092921521,0.8614688983723178
2499616520,0.8602102531610232
1433350923,0.8525978689092175
2502519273,0.8459954677677127
2093853430,0.8420302816911387
1930202261,0.7940781953688575
1931682197,0.787332135389397
2499396327,0.7182830998184777
2499283687,0.6960827659699853
2500857874,0.6862858114549162
2499334794,0.6390037259442312
2499480615,0.6248162165768109
2501406364,0.621397412870333
2502485307,0.6109320897989933
2500919280,0.6058146642170419
2093023244,0.587356441973989
2501807622,0.5833101899543763
2501208250,0.5632954822741272
2499360504,0.5584286032483526
1933591622,0.5455371367530859
1880483383,0.5399799491096879
2094580687,0.5244776500144974
2091971523,0.45323346751306964
1439661151,0.4164513941437237
2503662834,0.4007082631291212
1879128362,0.37511114413735036
2502119500,0.37219492834006157
1932637481,0.3681986617922374
1879871287,0.3646344017494131
2091222152,0.28233638086570656
1931026823,0.2539017044108788
2092026823,0.24917675399988332
