user count in community:751
Topic id:1,Representation:0.5260132483180884
userid,score
2501775247,36.49406229581654
2502073357,32.417132583989186
2500127067,29.905359243702268
2095400833,26.983817506438214
2502248875,25.57085270347982
1427603960,25.50908580741093
1934322592,25.309170609495656
2092817835,24.97729177815534
2500972744,24.477101847743043
2091276944,24.27104961129439
2502415547,23.94682558703209
2092857993,23.50895938093904
1439573153,23.474822221004814
2503539557,23.452652758218278
2501303245,23.083764565305962
2502545480,22.957223689704602
1932442933,22.95222785164806
1934299441,22.763492523992255
2093899587,22.697422906732523
1930149375,22.69711400800846
2501797422,22.58774440847351
1879890220,22.535866955277736
1434057295,22.254391010707156
1427798572,22.22129677579001
2503318490,22.204922232849036
1434558484,22.186665510660998
2503841962,22.161891285713793
1427717997,22.05069068924053
1933532717,21.952586591258033
1433654304,21.914346007144562
1434482170,21.766213335914777
1434495821,21.67668187606758
1931616044,21.67189842883908
1880544120,21.59107004210232
1879132813,21.527166074825498
1439613093,21.381232179607682
1879824354,21.3713822190383
1879232961,21.275512760861346
1879241701,21.207796045909436
1432665233,21.127528297702575
1933493623,21.010113220275418
1432871933,20.95660192100238
2095393265,20.948411864928552
1880520660,20.847541055152867
1930164693,20.80157656130658
1879862297,20.565370231442486
1934319687,20.442612257917336
1934298784,20.391966487435045
1880511241,20.347404681340244
2092082117,20.299184620020927
2092880551,20.209450313405245
1879899610,20.113227707923087
1932563445,20.11190774368731
1879135977,20.07436716604115
1930225521,20.003176838109272
2503101385,19.969868633923554
1930184137,19.88074179778639
2092043451,19.873487506635165
1439398441,19.845259960554255
1879244523,19.724036101205673
1880478810,19.69156879521561
1879153037,19.630353046425725
1434746781,19.6061635301211
1434720022,19.580171862069037
1879169925,19.549044249194736
1434533641,19.515844764517656
1933518853,19.47411203397185
1879848164,19.473480401087766
1432702731,19.413686030855082
1933497425,19.39694195706211
1433467250,19.354597331349204
1879810531,19.34553700008342
2095391501,19.301000529474784
1932508897,19.220737319280087
1879903644,19.19563136369156
1433510192,19.176741202271867
1879811593,19.162456960236273
1879866267,19.151270249581415
1879877174,19.12079034309576
1433035470,19.066923298655258
1879879952,19.022077219837875
1933543885,19.00379033650444
1439386254,18.968675044665737
1879161247,18.949242345684432
1433128597,18.923051099668413
2092008882,18.878903812862372
1933506795,18.874185693634473
2092038660,18.865836304343404
1933511237,18.8486374954506
1880477453,18.710735450204194
1932558083,18.66976181381519
1433855575,18.663574446599682
1879778344,18.658010786569896
2091239271,18.59732404230165
1427689630,18.575021124462296
1434130427,18.554204691047058
1878582611,18.539639360483406
1433168190,18.474713921552283
1433762481,18.431646954301304
1879886572,18.42941668147945
2091950140,18.344252004250688
1934301070,18.32040992266483
1879874592,18.314208127721464
1932461857,18.240943129516953
2502449081,18.238702775259483
2092881510,18.151994740651794
1434054744,18.147374048923812
1879146145,18.14511991997429
1880530643,18.096739931334128
1439332807,18.04468257130943
2091968363,18.0017136119348
2500850970,17.993179427765835
1434514324,17.957142168833776
1932538882,17.935445040304806
1433263533,17.906655689679425
1879171170,17.88679646334655
2502468280,17.834236812496826
1932603082,17.816200973440733
1434682201,17.81583655767929
2091978871,17.783444391969223
1433387177,17.765354273675232
1432869167,17.76111701370477
1879162870,17.738994779904264
2093962317,17.732385748733677
1931670620,17.72853940532211
1434640054,17.648684840084464
1932497395,17.639799661897403
1433055292,17.624930106855153
1879214020,17.58306822612811
1879812475,17.581258625838842
1434266707,17.580715899226004
1434258574,17.578290516775986
1878576484,17.56034156720325
1879819712,17.554761223983405
1879900432,17.533824806084127
1931595353,17.494400983935016
2499596257,17.44737126247799
1929307921,17.446780114744755
1434645745,17.410822464649453
1433706647,17.324590101695772
1432976944,17.324123396886122
1879202984,17.292525833471
1427767664,17.247441231261167
2095350585,17.188313346525604
1427605041,17.0764617191872
1930986901,17.071166291966186
2501601853,17.0588758385608
1434366115,17.038993895151933
1931664044,17.021612102381898
1427841315,16.984586143582035
1432645435,16.949185496383468
1879795123,16.93294024870069
1930950275,16.90641794814497
1434563757,16.89603052017146
1930243812,16.875889909572514
1879791924,16.78923715436542
2091966230,16.769680900591737
1434029531,16.7449137843181
1879224677,16.739179217448072
1433738334,16.715353221216137
1434425714,16.709794543853594
1930935051,16.683053761319254
1434037477,16.662022082083038
1433830517,16.655891317137826
1434700155,16.654671649225204
1433008470,16.606349386651434
1427718637,16.583067701807714
1434537702,16.43612334232876
1433718850,16.430887956626776
1434448551,16.418751878455513
1879187112,16.415393083919117
1879232284,16.39202492954042
1933503670,16.381593652520277
1931647455,16.354705570536588
1433800261,16.343800155811103
1878579845,16.34206854405649
1433605720,16.3400783944987
1434419580,16.332714742573998
1879901184,16.3237937049015
2092805935,16.28937726846765
1880476943,16.282590277021185
1879131770,16.270072156738653
1434197362,16.255243595736278
2499823914,16.23749851223243
1879233882,16.20148335707308
1427685475,16.16285981009009
1434364475,16.16076662353932
2501392185,16.116170586263582
1433535591,16.092434810899697
1434339604,16.08640868933669
1880436792,16.085513773666833
1439526984,16.035982497732917
1433645242,16.028333363594022
1433545233,15.996046541201832
2500448414,15.972675614058929
1434452683,15.961394889364268
2092790137,15.959176424180159
2095355697,15.938098109577632
1433068453,15.899479924917452
2091238614,15.867356699435534
1434655804,15.85994588096235
1434346725,15.850913271950569
1433424017,15.834644511183251
1434371363,15.808280560075232
1879798434,15.803053634014491
1879127944,15.772347497303823
1432622324,15.75030024254295
1434551502,15.694372438944786
1434273737,15.691680734426004
2092773250,15.689596906656899
2500605093,15.60044942639397
1434715795,15.569194995460013
1932521922,15.561523676600094
2094675495,15.5205402447445
1433365913,15.517510491024101
2094669121,15.5134214473134
1878595062,15.507341660839844
2096203173,15.495481804455274
1879131197,15.477088692985479
2092827491,15.451644402754257
1931013757,15.424439698403326
1434370320,15.415142147558827
1878587655,15.41327565220963
2092065834,15.410155167840372
1427755310,15.406662147747443
1439573570,15.395268778212069
1879777144,15.374000293238034
1434533667,15.357715541290968
2092020381,15.334373016494935
1878588223,15.30305790506815
1433571440,15.296649085439075
1930203011,15.261042162612853
1434204134,15.227418165207068
1433518354,15.197335499968652
1434015837,15.190721860480851
1433640483,15.17485569654002
2092783325,15.137480929186962
1878600987,15.067556330218038
1880451972,15.063682667243311
1931006744,15.029435004501
1878583483,15.010320048263543
2503237427,14.999906844739137
2500440344,14.971230285313979
1932517893,14.96711342626267
1879788453,14.945939027647405
1880437881,14.94317257879489
1930939505,14.931330915846953
1434101723,14.910161542360656
1427807683,14.903595667437498
2500775855,14.899035901121108
1879174481,14.874544555076177
1879235340,14.874169231205833
2502402680,14.867992519208586
1880514232,14.851754753636003
1433136073,14.812290862561385
1930985693,14.790968714257398
1434221621,14.784618523274403
1879883460,14.766343291926267
1879159552,14.752305893301715
2499247473,14.702061843093897
2093923390,14.679000758406804
1439369912,14.652927716360283
1432655664,14.619851875696158
1434170697,14.587533052898916
1930148015,14.582589609308627
1432602970,14.5742260047808
1933552995,14.56998588896658
2095456105,14.558330845189124
1433642632,14.556278450746602
1879176630,14.53383107924813
1879814304,14.51860218366894
1434687935,14.442148448979687
1880513130,14.395634403697075
1879830405,14.372245615380745
2092785067,14.32075090846998
1433533977,14.314509440917494
1930947445,14.28484706501799
1434527732,14.27027611364891
1427715021,14.251656572233188
1433406647,14.249243818545912
1439440182,14.229070404960837
1933600954,14.227838825570373
1879207801,14.173004348592796
1434764827,14.166254218299324
1434103644,14.16122977877868
1439558282,14.155122813545374
1879231743,14.12483491518237
1427856044,14.121591886540427
1434301724,14.118946241798337
1879168807,14.113181758498943
1439619540,14.108271536432557
1433557323,14.102098501860555
1930241917,14.095622191717496
1433158862,14.092330961296843
1879870794,14.085850690026305
1433789132,14.063104729537855
1880530547,14.046581665512472
1932500973,14.027372538921096
1879134747,14.00747777384315
1931674083,14.006204225318738
2092066125,13.996781658193754
1439434345,13.964298298516129
2091258122,13.963438348213046
1931617397,13.93233841154082
1929317141,13.919914248515378
1432662141,13.919209509759295
1433472964,13.914691974539286
1433318045,13.906355584555968
1879132970,13.885453047359594
1434339064,13.842916194618304
1434258320,13.819510841424318
1433583043,13.795151303876347
1433222831,13.7499424948929
2502393684,13.739074097930224
1434043830,13.738566750791653
1432641281,13.73672940481454
1433075185,13.707696143486853
1434723177,13.699932514656533
1439534550,13.677380030775215
2092781801,13.667964033581834
1879810662,13.661922513327017
1439615295,13.65930326172662
1933529521,13.628678898787049
1433653180,13.609003748736942
1434476403,13.591436376572824
2093974751,13.590767238267615
1934309293,13.57411158832374
2503779085,13.56927785468907
1439407052,13.550511478869565
1432727987,13.550240064771616
1932459677,13.534219815570093
1427893767,13.521612197937975
1432659420,13.51798065417163
1880540874,13.471266654470634
1434555724,13.450300245420786
1434551585,13.436680350267196
1434727094,13.39735869073579
1930141311,13.392316534763014
1434386092,13.36204537257765
1932482165,13.359538177925742
1433550811,13.347479607180201
1931626621,13.291367856754276
1434717900,13.270363940806247
1879836104,13.26163846329237
1879880930,13.260999640860824
1434053521,13.226750493194892
1439475123,13.225679761569884
1879769781,13.213117455264323
2503329080,13.196857684096711
1433725465,13.136110141401236
1434517001,13.094576333627275
1427656354,13.071515923116511
1879776943,13.056476124535967
1427654367,13.047413832561647
1433130224,13.039006845909215
2096217024,13.03305080970613
1932477845,13.011595791031686
1879883942,12.965999044755332
1432684464,12.931769769393096
2093861905,12.915291855671732
1880427695,12.90909311034063
1427714217,12.90214417729809
2092775787,12.869213195801654
1433582030,12.846559960659114
1933589542,12.82225016227471
2096273181,12.81795239949205
1932541830,12.800565834657741
1879221370,12.735522796128015
2093955261,12.715900857410217
1878592051,12.709235558227531
1427601244,12.643664244902721
1439442072,12.641514677629473
1880542203,12.62957266363354
2093876511,12.622109851472812
1879795645,12.60543737817216
1433188740,12.599531372796898
1434501485,12.565978667624826
1433201810,12.553278113094159
1434386065,12.550070792497186
1933547367,12.549976987597772
1434629094,12.53477993660963
1879851630,12.521229139138962
1931017420,12.479493729015656
1931007435,12.457760465224146
1879811777,12.43467256309436
1427598480,12.42200005090177
2500277503,12.414763933935417
1427612513,12.371487700004376
1878589740,12.36709947831058
1930253155,12.3519906433111
1931622005,12.347240251367976
1432761741,12.342973396827329
1433300397,12.333973397718237
1933549103,12.320143115873973
1434186564,12.259382378848438
1427654820,12.233433003723608
1932448843,12.216813467278019
1434539925,12.208844333818261
1434470915,12.199689596017924
2096260444,12.1981056089296
1879870634,12.14663926252119
2092819941,12.117540102722904
2091239674,12.116416852164852
1432695027,12.108832069358847
2503886211,12.103001141502983
1879864591,12.08360632570269
1439364292,12.082096615244575
1427886984,12.075356178107874
2093945821,12.06260058857004
1427739495,12.041329973389281
1929312651,12.026228449467983
1931662031,11.999623162241125
1433051460,11.969226853884283
2092960804,11.96665341163089
1931636617,11.93873870525464
1433688270,11.842773896053119
1931025653,11.783220420498365
1879858787,11.77595720674849
1433567930,11.764793132036484
1879888392,11.739857417159621
1432923947,11.736283339941304
1929311842,11.712864192057559
1433558991,11.703624520611047
2503772045,11.674648529594663
1433057320,11.666170616508419
1433386572,11.665568207620462
1879224927,11.646150504411013
1434463354,11.64057086548365
1879882684,11.61924653588827
1880494727,11.613918893710812
1932493733,11.608240776769959
2091275437,11.60703058818546
1932605322,11.59762857767743
2503547500,11.590281188195101
1878585281,11.566397346469842
1433323862,11.555935316768005
1879217103,11.531593170718486
1932477583,11.523232641337893
1427617877,11.467190484462852
1433464033,11.399940972416323
1932455451,11.3002357757181
1433995350,11.26444058719141
1433440645,11.242490792610102
2501664181,11.219953359566148
1879792804,11.203168374332963
1880514180,11.186541285549616
2092915017,11.17318148591058
1434256870,11.128566135651953
1878573973,11.109398556657828
2092832394,11.057050617702952
1930247051,10.950873495531784
1432938931,10.941998248439583
1930230667,10.923884036763416
1427793024,10.922109685978958
1934321753,10.91452245061838
1879155643,10.911674003993566
1878587037,10.88175198916776
2095464127,10.880647788416242
2091197467,10.841484152026236
1879155741,10.836128718222039
1434669562,10.786332982406448
1432668761,10.761470061203966
1929308107,10.731677596033107
2092018555,10.7219439248686
2093869002,10.719791352906752
1880531947,10.675097843171663
1439563882,10.612382973368803
1931598421,10.607602099946947
2094610225,10.576296396413037
1433539910,10.574436778106612
1879838604,10.54144027661877
1879833060,10.535976901503986
1931645105,10.535276461644383
2095349422,10.522369531224726
1427764885,10.454254212857444
1879146667,10.450383879349607
2499257907,10.439906893102059
1434503647,10.439471345455775
1879826700,10.415461419031555
2499739313,10.394407001144797
1930929842,10.392670247055593
1433105571,10.34469587658993
1434159320,10.33426414656596
1434694951,10.317817540337826
1427781257,10.266903323985757
1439486270,10.250146697740876
1932527695,10.228927782596749
1932640877,10.222441816901238
1932589155,10.204522149066985
1433087902,10.158224741055907
1427825320,10.14889294494443
1931681844,10.12210525491652
1933585883,10.11024206139955
1880529565,10.097377827889574
1432921335,10.096704575237936
1932528487,10.09091542467514
1879203352,10.024110339323615
2501965344,9.998792928469221
2092844735,9.984466569943
1932596071,9.983225381142747
1434675543,9.938832406343113
1433162625,9.902983746289229
2500682831,9.889882167168219
2499301170,9.829568798661397
2095431923,9.828625441888661
1434636581,9.804907969092366
1931001827,9.795445021148373
1879155302,9.789037450926747
1879912771,9.769692189433565
1427626355,9.766201251281753
1433215493,9.761476636147917
1932512560,9.744209000063295
1930229561,9.722161707656493
2499885020,9.690308183736251
1879244590,9.68686555569275
2091992141,9.680664513116803
2095376597,9.677668431688733
1439374924,9.627247694948702
1427704773,9.614274077844827
1879249461,9.600978989845858
1879214721,9.569997944923653
1439427684,9.522405144183999
1880446442,9.38320342160641
1879144144,9.363746068672624
1933553492,9.353989235223931
2092769707,9.341199525636842
1879813484,9.338380914357568
2502571032,9.289967324791984
1427815721,9.207756084384137
1880456560,9.188530622601405
1433546963,9.05461357589199
1427723110,9.017925842287216
2501296983,8.984373406231056
1427733180,8.918654676427355
1433818842,8.869841742625724
1433139807,8.857849221166772
1427756644,8.842929032351506
1434675640,8.693614003216512
2503750192,8.69238299029062
2091220405,8.600885567684328
1434492110,8.59821806821171
2092040310,8.573075613335316
1879840867,8.566770773713156
1879809534,8.485279805978779
1433397405,8.466426627182019
1433215263,8.46262639992869
1433223142,8.45836960265861
1879878740,8.435574621586877
1879883812,8.413770183383535
1433551501,8.408566917323848
2501674540,8.364338973025154
1879241163,8.35961190094007
1879818790,8.352002889224563
1933597771,8.303136366608138
1433566070,8.274288137961486
1433336350,8.223473444359112
1427764763,8.214084467203541
2093885885,8.160426465950255
1879194397,8.155990579816867
1439435961,8.13602062589929
2501517245,8.127010682667976
1879902965,8.109266842835952
1427727480,8.102322433024074
2499268953,8.041370639894433
1879238341,7.945552746128192
1432633995,7.871092592040187
1433228373,7.837064616233499
2095448855,7.81007964657837
1433726903,7.80149054054776
1439545517,7.800058025762203
1879774842,7.756644156163693
1433416121,7.753912838233026
2095426313,7.746992275943306
1878583133,7.659063880578295
1931003157,7.631073715366692
1439464677,7.617344869510375
1432805790,7.56958364533383
1879783257,7.501340492935438
2503191945,7.463246743979274
1434002060,7.424551659218054
1433596734,7.4140600737108535
1931026347,7.386706048588785
2093987732,7.375899503538478
1432684130,7.352672337664078
1930958893,7.349623808261529
2092942635,7.347510105885561
2092834487,7.331206583479525
1434490112,7.319979369388702
1931020000,7.298858587033269
2501734700,7.2906673615117565
1880457402,7.20855960147647
1439337172,7.202082370366675
1433575607,7.090424784882996
1930951374,7.062581751545014
1932581550,7.038519659955343
1434476591,7.023660642620143
1433973177,6.985827680985446
2501594203,6.9753719565841275
1432914911,6.967561739403476
1433472412,6.945666302121816
2091201847,6.777673226770136
2503580077,6.762112311673756
1427635110,6.7616916067325725
2503489135,6.755484706848794
1433128943,6.755291483723524
1879905425,6.721158508755852
1932432055,6.675742059356802
1930217913,6.569421539709704
2500232233,6.485914194830631
1930984042,6.295305885638849
1931000225,6.283815608346401
1433012600,6.263477447543766
1432866452,6.225962220327961
2092919360,6.191273897656687
2092776450,6.177530340939485
1880509394,6.137770572452388
1434044670,6.0678293846725175
1879796834,6.059668926966569
1434552554,6.052594599399643
1432635785,6.044542902895469
1434095305,6.034604183575076
1879146695,5.998236297962004
2092959707,5.969074399829852
2096253264,5.9330051851111305
1439518811,5.9195485260055705
1433797363,5.764893015743953
1930950261,5.745744861475803
1932560435,5.7280868472924436
2091182424,5.675338532993018
1434139633,5.6595132754724204
1878589562,5.6308259065298145
1880526554,5.497869659888938
2096245121,5.4836630962396224
1930165604,5.40679938040615
1427880974,5.353332176089083
2095379683,5.332441336207245
2503296557,5.292316044980076
2094615401,5.2854824342090305
2093857044,5.278499397232411
2503282622,4.915132300621546
1427770475,4.893381286575603
2502756675,4.871849456895643
2092944792,4.770148722099379
2502736185,4.710513702102407
2092818977,4.699338793339053
2092974352,4.6749180061234545
2501706055,4.6132783352747255
2503895143,4.586223619650213
1433080745,4.561916520026532
2499639740,4.547994699840154
1434492385,4.524164482217363
1439368335,4.499658330476781
1879152041,4.4834190962364335
1432660452,4.460547029272218
1931028312,4.458209883607066
1879865537,4.435012435500738
1879900895,4.39757984392664
1934324777,4.377828977501694
1930249050,4.160385430277896
1931691981,3.965927414578952
1879838455,3.9099134594768095
1932595365,3.897329810909202
2499680703,3.815181139099316
1879833644,3.782780964235321
1932474873,3.7439799700579517
2092820933,3.667715059452464
2092092917,3.6265576589189554
1932479042,3.610936425763766
1433471552,3.6014148902709184
1880471021,3.560497358757888
1434538050,3.444815865842653
1930999183,3.4299972632868574
2092024830,3.4258682865375363
2502991524,3.4026499061067064
1427616657,3.3708664971564093
1433247434,3.236408882696755
1434507223,3.2109004510685026
2096226943,3.209853834578573
1427722075,3.1276697801710616
1879773321,3.1250926367211433
1439433251,3.090895212486373
1879882645,3.0464598466107136
1933524122,3.0011365919296416
1433849561,2.9959273829393105
1879782977,2.9380189953929547
2092937727,2.9134107504386004
1433311821,2.902599153135707
2092806310,2.8420658896824755
1933567327,2.818616870880008
1427751365,2.8033869009332806
2095362260,2.627283504234845
2502212212,2.5249948706404095
1432847273,2.4994268554055354
1879223413,2.411925958717356
2094673571,2.411664812050518
2092934223,2.3174286474729135
1934324013,2.306241880339434
1434314877,2.1597267835138605
1878592497,2.07559080976304
2095378383,2.008555568746016
2092841470,1.9876539432067422
1932618683,1.9484682000922082
1933538050,1.8660558910217804
2503273750,1.8280787513941763
2094620071,1.6642352365362676
2092016123,1.533850996048078
1433485577,1.5334381148277691
1930958202,1.5125517311990693
1930955204,1.5069096978849092
2502237647,1.5065534700333119
1879870725,1.4607969227661342
1439393620,1.3841158746726396
1432764915,1.3657581616043992
2499553210,1.269666647375901
1434342830,1.2404190847144707
2499634662,1.1269545694610514
1879203193,1.1122258003184706
2502136912,1.1021862830440192
1879200495,1.0412530205390211
1434210211,0.99338117649941
2501592432,0.9830865996173589
1879128247,0.9466828641154269
1879905811,0.9365773962091086
1879865887,0.8782983310765043
2092055271,0.8317893895761
1932468252,0.805476525080117
1434052213,0.7957635953624735
2092814124,0.7579440744469037
1427827570,0.7249922185805464
1427624332,0.6939196995516891
1434223700,0.6937267036687214
1930153433,0.6655306133446529
1879201087,0.6466880173720359
2095364133,0.625855899853647
2503143945,0.5960619878485154
2093980440,0.5906306202104201
1931588713,0.5511390630979041
2095354125,0.5100371980124433
2500988907,0.5012320466694585
2095445444,0.4987356069708317
2092000505,0.4918964986084301
2499417155,0.4912677500467448
1933560115,0.44857592941411545
2503254714,0.4236409694276938
2499206154,0.3905183421717963
2501517224,0.3903206643911618
1880457553,0.3444192956050671
2091218615,0.3285554681390683
2503462055,0.3075537824608769
1433575931,0.28687050887087506
1878592651,0.2111374050214641
