user count in community:321
Topic id:1,Representation:0.24743422848569777
userid,score
2502164570,2.086146698887807
2502609604,1.7036277660220573
2093035280,1.6206478220219294
2092902691,1.4447817858850567
2500202173,1.4429157182472263
2093000111,1.3522654467003292
2499385204,1.303604638040803
2503167024,1.2744537751860885
2502584224,1.2672964802722613
1930247330,1.241042614282659
1931664345,1.2136809667778377
2500241810,1.2114967065966538
1433294104,1.181243117798833
2095336313,1.1406209910982832
2501840167,1.1205576520269729
2503420091,1.0921888211894675
1930182193,1.0679332240105257
1934320773,1.0524215280670088
2095365521,1.0514808636167603
2095364637,1.0479900997871123
2501995297,1.035664126476502
2502374653,1.0303457599614974
1879773915,0.9771432937284282
2094578173,0.9718369644792272
1879149994,0.96540812619047
1931589695,0.9653658825231874
2503607053,0.9554530932922657
2502695253,0.9404800337710114
1933503461,0.9359481939337998
2503361553,0.9349781799291066
2499886517,0.92388588591584
2502035333,0.9122883377473533
1880534100,0.9114832666158688
1879166473,0.9091815924713407
2501951010,0.9084913770127832
1879141267,0.8952341392602653
1879151463,0.887289472134799
2499658284,0.8709286954474752
2499313213,0.8680491616797865
1880517155,0.8674143980393173
1879856732,0.8650609632207338
2501743942,0.8539612171938378
1930957921,0.8524378385772458
2499894410,0.8438439273349795
2500674190,0.8219975251768937
2499672211,0.8186440955262937
2501547482,0.8137274565497536
2502954552,0.8131549675699635
2502109890,0.8030476902309626
2501423727,0.8015122011840166
2499367001,0.7909573911872521
2502949832,0.7762037524717175
1930228604,0.7727017536409622
1930150663,0.7704711146697159
2500238875,0.7633146161281523
1933520017,0.7525762483667175
1879246662,0.7439457761916197
2094624744,0.7384442405539525
2091184385,0.7236390223132929
2499568820,0.7235616209979459
1930930335,0.718748702848707
2499406734,0.718175815006336
2095398862,0.7135211975801943
2499597587,0.705862766689136
2500125562,0.7050663558025025
2092857225,0.7049340959896442
2094604660,0.7030737992539642
2094628125,0.7009452153130751
2092051533,0.7002758579970062
2501655165,0.6981183092549413
2502781277,0.695940819098279
2093897572,0.6847757045487624
2499257642,0.6804759412627672
1880543673,0.6761260316817389
2502212964,0.6699506650632835
1931617953,0.6680854604601175
1880520612,0.6623092784274905
2091246527,0.6562571104572767
2094677051,0.6539095905659689
2499256983,0.6506988598443968
2501465580,0.6486482431129066
2500271721,0.6483425394531512
2502196083,0.6440019245158334
1879137877,0.641590923296885
2499248263,0.6410429832023441
1433471714,0.6342253059320927
2095365674,0.623088243784158
2499760704,0.6200130622657678
1931018942,0.6191842763448909
2503706070,0.617008771482048
2500642921,0.608455771226652
1931650313,0.6071761068679162
1879897133,0.6069317897796721
1427801217,0.6010257598936768
2502098144,0.5961766095353381
1879199300,0.5955105925722749
2503257202,0.5944811095174933
2503283747,0.5941074662413007
1932529823,0.5907931367613898
1879865277,0.5903911756434514
1880514172,0.5843828253608326
2500270590,0.5843358441927068
2502932734,0.5827891887602843
1433281792,0.5820539606963135
1933536007,0.5761278162353821
2092877171,0.5759513130863643
1879246941,0.5733931918971323
2501702960,0.566555598518614
2501601321,0.56536044044426
1879151613,0.5651813089249776
2499205004,0.5649909176163441
2095468132,0.560242503861042
2502116391,0.5595589280522134
1932576243,0.5567955569963035
1879195423,0.5528320857091831
2093889411,0.5486695496941262
2503883795,0.5456612301410753
2499630991,0.5407445166635516
1931645613,0.5375651390526478
2091194817,0.5367975333003294
2093908291,0.5352127227860912
2499706644,0.5345209021190849
2499273574,0.5297369147130104
2503491790,0.5294798721889564
1930977571,0.5266025393076771
2500235942,0.5252543374182996
2092016803,0.5242834758504958
2502018237,0.5230734727183732
1929304783,0.5153177424553606
1879794645,0.5066369461803047
2501417192,0.5053550730677983
1879247017,0.5044658512179021
2501678964,0.5037980313538222
2502445865,0.5036955746347931
1931001532,0.5033191196274786
2503075752,0.4961691537203417
2501315301,0.4960521422079681
2092006852,0.49507245568467373
1879234541,0.49502611292484744
1931659025,0.4946275623166351
2503409892,0.4946266506765816
2499636982,0.4940764960269213
2092809433,0.49287728770931255
1931690022,0.4868144516926017
2502976484,0.480231988927451
2503276922,0.47495708079678434
2502789243,0.4746900479212867
2092756445,0.47379094017737616
2503549912,0.4712882975702971
1930195414,0.4631326737315684
1933506255,0.46238261196439906
1930220275,0.4615484865470436
1879217220,0.4591976094190291
2092085424,0.45830770920223607
1879768950,0.4564980339803776
2501495104,0.44194651039649596
2502448472,0.43542307724354357
1879777241,0.4349044950947183
1930158277,0.4345110816017723
2093930480,0.43380935547120936
1879826574,0.43269865987599365
2502397640,0.4216646797488174
1929310631,0.42098278163703934
1880489702,0.4200747700195084
2091974890,0.4198071363148166
2092760521,0.41943809897159007
1434434673,0.417269710148179
1930161347,0.4135467393102533
2096270713,0.4132521594268968
1434587547,0.3955309045373178
1930195061,0.3873771280996956
1931008895,0.382576667574783
2094636912,0.37937014658874146
2499487050,0.3780443469360268
1931639887,0.37643991610117483
2502282900,0.370980666225034
2501419345,0.3697482404817551
2093906944,0.35978202094755946
2095440244,0.3588125650150252
1433121964,0.3587752450204062
1878586892,0.35840868646561336
1933526775,0.3547430330022548
1879242762,0.3503303432493662
2501179192,0.3477763484302234
2499511232,0.3441455232108697
2499462271,0.3420221755402167
2096270973,0.32817513730237163
1879891652,0.3255634707597203
1433678592,0.31768723241189867
1930198115,0.3155201353955687
1879132110,0.30597386729993203
2502353354,0.3054429141815695
1433267413,0.30197664753125925
2092076237,0.3018489899205053
2502484114,0.2941814364752831
2091949285,0.2935611686988952
1432895617,0.2931713063001704
2499623642,0.2804231321096854
2501008625,0.2781169575977357
2499233225,0.2779799479516188
2501233962,0.2761260003894993
2091253811,0.2750823683766215
1930156457,0.2745765990689901
1879843694,0.27404966310847634
2501876201,0.2739049204603935
1879901180,0.2724868294333801
1931666125,0.26975808493425407
2501365061,0.26347698435674016
2500344960,0.2621147527126475
2502150940,0.2546944378067131
2499301005,0.2518710593353004
2501868970,0.24786187416903516
2502013235,0.24456091059502705
2502270430,0.24255019898893224
2096237952,0.2410597252226879
1878583253,0.2401327045668422
1432689460,0.23817858168638723
2500597742,0.237124494958592
2501358252,0.23380204917898714
1880465640,0.22878338923149902
2502367794,0.22840424726028027
1932571975,0.22713223706070104
2501060657,0.21633189045053172
1932604581,0.21597237012121862
2502524632,0.21145453294488759
2502247592,0.21131703154300174
2091962437,0.2087887520904964
2092852711,0.20803703016504382
2501062180,0.20758378303021177
2092954041,0.20109358559657844
2092782931,0.19579551463239836
1879903732,0.19447898262094904
1931595517,0.19340705057129473
1879213657,0.19023178522544243
2501330450,0.18588432265090735
2502206924,0.18497506183304604
2093010572,0.18314664613509798
1931594057,0.18022595510704786
2500735704,0.1799704918917714
2503048671,0.17889924011273559
1879823955,0.17807854460634992
2095403957,0.1775389035972512
2500532595,0.1742497757757792
2501409341,0.17375628711404273
2503168190,0.17086275008777213
1933585575,0.16924468430214662
1434634947,0.1671429172059249
1434238083,0.16652542616814528
2502344812,0.16526507829338513
1933510172,0.16199161571650525
2094562654,0.1586981709344575
1879822355,0.15724822787507467
1934294445,0.15670613427520427
1930156655,0.1521982792791091
1879194297,0.15133795779808545
1433320585,0.15014529968340734
1933589672,0.14965737925636743
2093889797,0.1462937534906545
2502154014,0.14036721442901992
2503127092,0.13843887526692777
2094559110,0.13835525626250572
2502208162,0.13817390971782342
2502735804,0.1295268401005388
2502383232,0.12236459904267906
2503785175,0.12085325560404764
2502957240,0.12035257392755519
2503262324,0.11955848729419732
2092016511,0.11824746437074807
2501625731,0.1164059001634688
2501214202,0.1113227902935663
1929313851,0.11030463538272718
2499806932,0.10928910568213415
1879895110,0.10802309555285008
2501452932,0.10717950655901311
2502045177,0.1070847389699068
1932580917,0.10677479992131537
2093056013,0.10620630336475183
1929314135,0.10616376739843127
1930179660,0.10555175375335381
2503376934,0.10418541169435895
1931623927,0.10355818483569512
2501532360,0.10280728823294286
2503101400,0.10222809980079427
2502260081,0.10055966852349033
2503671800,0.0999122593968478
2502261835,0.09854152613330189
2091229994,0.0973929305952625
2093085227,0.09501291464431831
2500370072,0.09280960153615547
2093904494,0.08940481141886515
2499223904,0.08854864837895916
2091963713,0.08591057635888674
2501409934,0.08573348845195866
2502484850,0.0808829935577067
2502014644,0.07931368557772955
2091284584,0.0784540831973371
2501834312,0.07821196877421482
2093089440,0.07768051389914331
1434304963,0.07474489582584377
2095459650,0.07355342971278289
2091271790,0.07308461975516532
2096246144,0.0722542990570121
2499276040,0.0717298693139597
1931638677,0.06979853542338334
2499255871,0.06430831367919013
2093878710,0.06393130178936689
1931646097,0.06224644799210004
1434397371,0.061239283468373484
2501742310,0.05751344774507917
2091223454,0.05108982098776098
2096199184,0.04839494733584365
2500230182,0.04710444244223199
2499229015,0.046967491015217036
2503891514,0.044541053403620634
2092893471,0.041375350569330255
2092092363,0.037544723643438964
1930983777,0.03422191450245426
1879802973,0.03218291538077739
2501775670,0.02661238418031725
2500253040,0.024459015689390805
2502467922,0.019696855515458248
