user count in community:679
Topic id:3,Representation:0.6385723875476168
userid,score
2502951581,29.71352488471145
2500584133,28.691950489898495
2501522141,27.376796893847185
2499531142,27.130923752137655
2501858094,24.450963890156956
2499482903,23.75199908025646
2092878423,23.528278526278967
2092915727,23.138000988780085
1439348691,22.113258793109
2501378220,21.67358229667375
2500177344,21.61602036546573
1433451200,21.4973414655388
2096273465,21.099922092004963
1432604335,21.055398185769942
1931680373,21.01983984909603
1932470910,20.984116397175853
1934299325,20.460229049683615
2501964965,20.36658406074746
1434695170,20.333468205616523
2094550853,20.280626796497742
1432680574,19.764239978083868
1932441711,19.216655465189923
1434105404,19.038387235821002
1433878912,18.93374502440742
2503784342,18.674979952800513
1439564002,18.672342276222295
1930150582,18.654499929803233
2092922701,18.638835789483366
2501211582,18.410902201582072
2499255987,18.405035368054737
2499392765,18.37555072015766
1932529017,18.32640198673845
1930140851,18.319938547159712
1932461307,18.275854111607853
1439504291,18.021696448075527
1879198933,18.00906491378926
1880498892,17.979817398791322
2092842021,17.79975628701902
2093901271,17.72378231834867
2095420657,17.72184595658374
1439499065,17.65345481679732
2093946072,17.509863154937356
1932637814,17.155440991433636
2092939025,17.15141060511496
1433091910,17.140730821308264
2095495454,17.13955311803779
1434701290,17.114027063151234
1434205013,17.104023672124118
2502744111,17.100146598259325
2092926527,17.03341881513131
2093966733,16.9740822392648
1932505922,16.89880467150904
1879172363,16.789077159193187
2095437083,16.783991873381925
2503583964,16.568742026720688
1931024700,16.529452464724265
2499475165,16.511025218438977
1879130915,16.505827011207053
2091998140,16.384148408734667
1879778060,16.353499018184223
1930145462,16.350810680405697
1427763725,16.296962911325842
2094607472,16.288491173284374
2092982291,16.218793008831486
1932434035,16.214390675492055
1932551005,16.052122583702975
1432960257,15.965564679829047
1932518693,15.873875155836242
2094673267,15.82037256669063
1930182993,15.744847161018706
2499474805,15.744640577706745
1879166025,15.730660265745485
2092042875,15.726484536644822
1879201637,15.666794698560226
1432854021,15.523985498465535
1932493667,15.45056540413314
1932512645,15.448125369359753
2093072735,15.428441768340784
2094699383,15.406111949760373
2092936351,15.34752414300739
1879849525,15.133487798162573
2095342411,15.082417233353027
1932580627,15.059902839524785
2503811271,14.970038840424785
2500986093,14.910484094553308
2501881030,14.90760879948153
1930935654,14.900533440185331
1932573863,14.824204255858621
1932633150,14.798844377775199
1880493775,14.761358059071792
1879199307,14.75758734718518
2500313667,14.751913104895426
2092793725,14.737100990765056
1434526570,14.696240202689761
1434029642,14.672851385661877
1433050905,14.663740164911664
1880436467,14.648423759315941
2092835073,14.613910157096315
2501479393,14.545700714348369
1930204877,14.495307770338744
2499657887,14.434491825015511
2091196300,14.424538092173755
1432857914,14.377512005634514
1879883090,14.296579997046202
1932452212,14.272078727278991
1931622663,14.229393018359556
1434350942,14.16614253874578
1934300683,14.113620154966457
1879854067,14.113408552071387
1930154224,14.01396113099265
1434546357,13.984022262051559
2092944212,13.952727615898903
1439542342,13.921840362794445
1932627221,13.824986407124651
1931597893,13.823775060955894
1880523550,13.791486404545438
1434531724,13.789827264943561
2502886265,13.784202907373716
2501430820,13.73024418461531
1930186570,13.727646007965538
2092063881,13.683535793499354
1433646900,13.672940607209194
1879792035,13.666747255617748
1434422064,13.666451290789622
1880477991,13.649549990401026
2501633981,13.615562035830918
2501590787,13.548008350207171
1930929972,13.530857580329958
2092844294,13.43384491097023
2499806153,13.422891916709585
1932629334,13.421115919900904
2502154492,13.39582049014141
1879132660,13.353834340697048
1434373103,13.351922233054925
2094658367,13.306306514968549
2503242393,13.282169389111013
1433872814,13.272890506899033
2092882334,13.234667291809707
2092810204,13.218242915655248
1930249613,13.205976565223056
1434670014,13.191971115585021
1427772955,13.191470738293791
2092956663,13.160141284550646
2499263467,13.137713652495874
1434271175,13.137302018247853
2092025545,13.135468811294029
2092951260,13.081681246593858
1879235833,13.067436288359925
2093088981,13.024290837782644
2095452301,13.003680455874228
2094570007,12.987972326095267
1932546171,12.93801654842833
2094579473,12.919490459071957
1932516703,12.867966787513138
1878580627,12.83216844682389
1931006451,12.826444086128195
1932642635,12.765970747514828
1931696994,12.677105891324679
1427828665,12.64219328400665
2092910584,12.63912120479544
1931609773,12.631083464583352
1879903837,12.615925596455572
2503757252,12.588599754722807
1433153413,12.58363318507138
2500956394,12.580238385711255
2095447640,12.57960101961729
1879862882,12.522293530629494
2092785022,12.521317194882604
2503321694,12.506403246997133
1932494680,12.481191555955359
1434624975,12.475607203061266
2501519087,12.465220402776353
1879785390,12.448397885000807
1879146065,12.37527908697706
1879786902,12.35361999290172
2502045415,12.326883205024322
2499612703,12.31029344783552
2499262997,12.301603383211365
1880453451,12.277704109851097
2092902285,12.26676022353881
2500383502,12.22093393424582
1879179857,12.195773813297144
2091280821,12.157608916520132
2500339397,12.117977588280231
1433718202,12.097903829843482
1930935141,12.061494935366799
1934311132,12.042935506665977
2092841441,12.029675650485894
2500347237,12.019281961487808
1878578622,11.993836536053987
1879154000,11.937294838393866
1930173631,11.925412000241275
2092858593,11.919242797237953
1434195145,11.91895650533202
1879823515,11.914722545666118
1433831743,11.914480305172837
1439510575,11.90850538784325
1933587957,11.858527550561746
1878574661,11.85103418589323
1427583973,11.687757719195794
1434682527,11.618737065993413
2092958110,11.577386390188147
2093071201,11.575903190431328
2092848203,11.557226544141
2093007252,11.539608326281849
1879885040,11.496216269315257
1434427107,11.486597355941477
2500224242,11.461473274003502
1432627840,11.450083046115866
2094636725,11.42391444270757
1434409692,11.409866352764508
1931006864,11.40662811675754
1930996373,11.398865802279245
1933512482,11.297255979608341
1879197517,11.28019646110642
1879884032,11.255671754023284
1879160480,11.24686531535749
2093863851,11.22558763611916
1879131453,11.205431639534607
2499533087,11.142222408289163
1879890800,11.130355682009764
2091959265,11.111641029085934
1930189230,11.046116414622213
1932435117,11.04050932926635
2092872947,11.02790421392582
2096204654,10.983678511223351
1930236895,10.983332213303285
2499754113,10.976307306724985
2093065802,10.966985788543466
2500389553,10.942884243825125
2502149597,10.911974211426527
2093860541,10.882133092426413
2094609673,10.872640385210891
2501206273,10.823470898674753
2501958674,10.817509886647985
2093040804,10.73658389726544
2092075317,10.721228686054223
2091219345,10.721110043744991
1433002360,10.706247090467834
1434174565,10.697215532117328
1934312014,10.625990990671745
1930171180,10.614897371954267
2503457482,10.60133123183632
1930152042,10.600196559837398
1432862417,10.543242786249872
1433103593,10.521648516790487
1932516144,10.494780932920937
2095380191,10.465707330753796
1434682307,10.427937410461464
1879192935,10.392964744795956
2499674857,10.37195212253842
2500128114,10.370333812798586
1433119840,10.367893252898611
2093064587,10.35675116992481
2094622895,10.343970390310751
2093907865,10.322900761720925
2092082904,10.322142015431451
2503587865,10.318720609896738
1879829837,10.316413655923428
2092978174,10.31537531001091
2502186100,10.301327757364623
1930940482,10.241083652603715
1879783317,10.232213839430932
1427668517,10.218208465218156
2500306681,10.18481558536031
2499819592,10.13843805851902
1434596990,10.121900796331508
2503806417,10.076870240406807
1879173663,10.06676722835995
1439369701,10.056046727287248
2094627935,10.036032362689648
1931646127,10.032283522244711
2503674523,10.00030775172103
1933581934,9.990398994635708
2092802794,9.985472177520922
2501825024,9.981681529006869
2092826104,9.944591858926605
2092948480,9.925687192784967
1439456073,9.878020388691734
1427683692,9.874153540525423
2092774860,9.860820901829657
2092930242,9.850555353873157
2092781660,9.846025964372794
1878576610,9.838182565048365
2499645421,9.8321218071847
2091968752,9.798081445102218
1880481584,9.793297405348925
1934311812,9.768597028086338
1932430441,9.763344979170283
2501426235,9.742862928462124
2092838991,9.709470447580932
1880540274,9.70651440789173
1433616141,9.69733865273454
2093886055,9.674635840324813
1879883780,9.659754437662471
2093012983,9.651403050112808
1433302445,9.64870788720281
1433300844,9.578816653688664
1880437117,9.538870714977568
1439530780,9.535456932643987
2091253160,9.490349543692687
2502816970,9.480822944915404
2503596362,9.466910568846533
2092926083,9.462470244932877
1434609220,9.244865737338413
1433508693,9.223206800021076
2092879140,9.215910301135985
2502623215,9.187809165571874
1930159575,9.17050163462832
1934302773,9.168685946897876
1930978365,9.166009999653143
1434667501,9.147147416375091
1879163861,9.122199828246092
1879858742,9.120093722610571
1932460691,9.115049853497297
1880471054,9.103324430346017
2093040277,9.035216595307215
2094657533,8.971967328490262
2501749561,8.956781034097133
1880530042,8.946989078407029
1439334465,8.929780328892168
2095407751,8.927644386387698
1932543735,8.902386869113666
1434681592,8.893358387507758
2091185220,8.874422212851215
1439333891,8.86739076367245
2502372834,8.84499275694014
1931673893,8.840201606861548
2095402962,8.7860932126729
1434152683,8.782458168571653
1878581055,8.750828802156148
2093087820,8.722315549194546
2501492734,8.654735352014116
2092937872,8.579206778634983
1879161394,8.565124769046227
2499678684,8.555376700768724
1879156962,8.53712133783036
1931619017,8.533064510633372
2502398787,8.530928654980933
1930167294,8.480248199276312
2092017370,8.433523069493825
1931593835,8.40546937750119
1934295297,8.387283647647985
2092890127,8.35688277500632
1879214117,8.322633650212863
2091236677,8.31971230676851
2502132763,8.319135115397973
2501534095,8.313390639228317
1433125275,8.300540507462804
1932637635,8.29041142171959
1879200853,8.241462401348132
1433349305,8.24039058056197
1932488864,8.186132337640842
2095450512,8.171368892271673
1880471224,8.160794408749332
1879774634,8.153576756903497
1930949574,8.129933077780162
2499845773,8.122954726360932
1434581652,8.06368468746106
1433077095,8.063289535339926
2092789777,8.030974945737064
2499275172,8.02560644508538
2502041924,8.021807941358412
2500934104,7.992038055398243
2501357973,7.972982585072344
1930235983,7.96603411912903
2503354812,7.95842880385344
2095392941,7.955868809000338
2093080813,7.941264931777732
2501195984,7.929387344291191
2499669922,7.911634675031777
1934301022,7.861415152021819
1434394701,7.818879593771556
2092968710,7.724908450071694
2094590024,7.711611174909408
2095430460,7.70762575835418
2503900537,7.703580778485557
2499709700,7.701459181686318
2501207662,7.6928792277551805
1433821847,7.683032381647048
1880469415,7.673384556886699
1930183645,7.639120700850507
1879136023,7.638452191847219
1879834327,7.576679919223632
2501661277,7.52376842092973
1932451642,7.506250868820686
1880456667,7.462930459764449
1930938195,7.425571953786545
2502422823,7.417405797796036
2501551951,7.3887159427664955
1932564172,7.367606782561422
2092090004,7.360396917747316
1433471202,7.351757452614171
2093077621,7.345935968243946
1931588805,7.322120793128608
1930152361,7.288361575338309
2092833523,7.256798535595772
1427860251,7.2464322339954315
1932640903,7.231232143087659
2092870637,7.166875655484323
2500114681,7.128040980798247
2503664383,7.123852126748043
2503665815,7.024443891246745
1934297917,7.017853350296917
2500467523,7.011568591963227
1879191967,6.993971036847597
1879171703,6.978112040225354
1930186825,6.9698474335977725
2092892323,6.899541638933038
1879835922,6.848377111712775
2501780563,6.833844629345881
2091198542,6.82323143670569
1932444720,6.808651416429366
2502123412,6.7996594117698885
1930960724,6.799409135879487
2502497955,6.72741366738002
2093082187,6.6983545768711
1880495234,6.684443381436215
2503116461,6.669815289739021
2501553183,6.663116458820607
2501722664,6.634767477886259
2096245027,6.621954834927872
2500876904,6.593726704340166
1879812715,6.552771830518627
2502945472,6.550645490076155
2501497311,6.541172801597836
1879238233,6.515022408567357
2093932767,6.49050129114084
2091194375,6.487859769741766
1930927103,6.483086456730755
1930187510,6.471308125759875
2092946140,6.441422779480605
2093964404,6.3788011337024795
2503719755,6.339029748017814
2501916985,6.309289587505835
1880493903,6.308525998650725
2501600630,6.302113783579676
1930141335,6.288755179397281
1879801145,6.26085532838454
1929313661,6.22685282115898
1879786531,6.167418569279542
1427833624,6.158361160644739
1933514202,6.129831981699169
1434419811,6.1081892624960785
1930162204,6.090885071846124
2092953250,6.087402189640302
1932497115,6.0620585556505855
1427634153,6.017295818138749
2502644795,5.979305710148372
2503747125,5.973350125109351
2499614332,5.933867403166822
2092969524,5.918898013703912
2501233234,5.911536217340207
2094660043,5.892749080344908
2092782055,5.810544860615152
2093070951,5.795084954901138
2092018050,5.773017746633576
2501424261,5.769376189405079
2501315432,5.759690010596796
2092069681,5.7562463187398825
2499565314,5.753655957822796
1433652352,5.752780862630471
1930160470,5.750238643697894
2091258865,5.743577287716414
1434014573,5.729883319376167
2501807717,5.681312156364901
2091224171,5.679211940680758
2092820072,5.624402579286816
2503056380,5.610725065007965
2502610987,5.599269591209659
1930215862,5.594123399214169
2500241993,5.592027057946228
2092976763,5.579907313841395
2092013854,5.570678596322907
2503767182,5.569954233612816
1932572455,5.523452522979983
1879905741,5.521586850326436
2092773100,5.499320499436351
1934318625,5.470122520733327
2499703897,5.466012639815248
1930179205,5.442798042421417
1880483524,5.438277955924514
2502567325,5.412016272106125
2503560303,5.396417383873106
2502930392,5.3656160680395395
1879811190,5.247717568049752
2092816615,5.2275284971776115
2095337601,5.150691955383573
2501446557,5.142178856839206
2092792003,5.1018421194627654
2503593514,5.0847674740684665
2092992673,5.078811307137619
2501428564,5.038448765591324
2092845305,4.990274175489251
2092992887,4.970077067953652
1932525815,4.952589264070081
1433211285,4.812734675561325
2091993834,4.7713175293154935
2092876343,4.757431166554486
2503619391,4.743082944975393
1879832175,4.668618955396825
2091995304,4.641241289952382
2092871904,4.63070767184071
1879163237,4.588440696213976
2092807483,4.578494104334844
1433579780,4.576064018060757
2093975224,4.564115176118326
2503262895,4.5602752873804
1878600965,4.536122428126558
1879211747,4.522001889000381
2500852943,4.513048724277171
1879775220,4.464584394019102
2501680833,4.454052735769123
2094554303,4.429660726326003
2096239854,4.3883505951450665
2499282852,4.313981414901468
2501842837,4.261251980746763
1934319807,4.240359884121987
1932610242,4.231512184840266
2093932195,4.226826840874916
1929306775,4.215602824781078
2503210194,4.170529583014534
1439647563,4.114737199821576
1879855174,4.1066677125248185
2502960784,4.077174171628555
1879125197,4.065875509459257
2094679125,4.055753619677382
1880480387,4.051943460131424
2502773247,4.016440956197956
2503742561,3.9783755147621696
2501489740,3.941936925741929
1433648293,3.9219652254947275
2502701871,3.867502134620419
1879148865,3.8653320007438587
1879872574,3.774698171050276
2094564717,3.6334007157500685
1931028632,3.6268157381533337
1432681345,3.626008393412911
1879224385,3.608369586976753
1427810841,3.590756203164134
1931594502,3.5711362320688465
1879144275,3.5523548754616385
2093878380,3.504004655697898
2092015310,3.4851641212405213
2096222114,3.480132953985147
1432682655,3.4520814882211712
2093071285,3.415711854982379
1434001361,3.401221955942115
2499890140,3.377326498657306
2501242995,3.3638465249882437
1879843121,3.35771119479731
2094556274,3.352864363614249
1879158251,3.28607803580765
2503469327,3.2848409501618927
2092928542,3.267263221235474
2501523005,3.2480001508778362
2093088695,3.2258042606973176
2501896081,3.2213111761711377
1932518852,3.2005471110223755
2500363464,3.186627908776593
2091959542,3.1831879092333626
2093070470,3.0572985991499992
2501855275,3.002789762006096
1879248323,2.9893440202209183
2093930331,2.9626258019117326
2093077203,2.905264470396577
2092766115,2.902030427034242
1879883790,2.870782522379552
1932449565,2.861117778253821
2501262112,2.8449741031069036
2095363683,2.8146008150895256
1880461271,2.7919878956926927
2092953222,2.663301293049837
2093884592,2.608115815340651
1931693192,2.6068885408346603
2093058715,2.6008597133399083
2095377207,2.5997522203668892
2092067604,2.588152558285277
2093942545,2.559386822850637
2092990863,2.5077214930684235
1932648021,2.3998192288433193
2092891304,2.3161945726675155
2502339380,2.3156542906238085
2502285065,2.28234421153018
1932479880,2.2813566761858564
2501472264,2.2724863816721714
2093965473,2.254205395156449
2093012963,2.236440823401227
1932516241,2.2325928219283315
2093051244,2.199832729870842
1930217094,2.1851756008468564
2095399291,2.1766503108165502
1932457121,2.1560086953176043
2502024280,2.1389388682409347
2096191031,2.1190205769379933
2093973217,2.107697705453485
1427679360,2.080546253003237
1931605047,2.0367855045826526
2502304037,2.0364602834028616
1879179283,1.9983971503820988
2094677502,1.9780884539032648
2501839464,1.9393321153588543
2500108472,1.9304273124447233
2501159582,1.8016327117513302
2503907305,1.7800328188783232
1934312535,1.7488872523564707
2092932207,1.7485738682626633
1930930473,1.7439962577497021
2499283755,1.7380842775725385
1930961211,1.734588902005242
2500384043,1.7166411673889568
1930141602,1.712943666382071
2091276900,1.7047410232494313
2500672331,1.7031360252319392
1930243914,1.6421788012012346
2093019674,1.6331251687567827
2503363640,1.632769867501716
1932565187,1.6138563856432098
1879154265,1.5620915011395735
2092844674,1.530108236912085
2499785027,1.5231493396141553
2092965600,1.495928078871347
1879859157,1.4839441415686179
2092890450,1.4702499823793578
2094596284,1.446084018598411
1931024295,1.4385342254088653
2096214577,1.3644807782116009
2092022860,1.3566451645013098
2500947195,1.3146493869446703
2092845117,1.3127188706198532
2092878961,1.3102112447042047
1932518997,1.302134727935386
1879133713,1.1966556497177867
2499647033,1.1885105603647592
1932640544,1.177119217917096
1879179653,1.1619911397421934
2502641794,1.1528111553086766
1930152110,1.115004371914448
1930185973,1.0888384608647594
2092833500,1.0853765010803764
2503201077,1.0727776139248602
2092816452,1.067307834262565
2500532662,1.0392564635542416
2499224092,1.0321059662507965
1932643402,0.9961261651180333
2499526674,0.9315986620314145
2499817550,0.9247169739938531
2503230862,0.8821425985430458
2091204850,0.8794083355125286
1930157224,0.8756701878932016
2499437350,0.8691123897358893
2095421932,0.8107261365652726
1933498127,0.7135379581921364
2500263481,0.6877724424532994
2092797621,0.6470789211652376
1879825677,0.644447334515618
2500280402,0.6180260498140264
2502594271,0.6082274288022919
2501525920,0.5754886038541158
2501573822,0.5738340378741021
2092034272,0.5621738153050797
2499650720,0.5411809110049792
2500910552,0.5312692518235824
1932484777,0.5294329194640607
2502951552,0.517635589771284
2092885952,0.5091899207381843
1879793064,0.5084504241135969
2503422932,0.4986865981627796
2501550985,0.48028235533884384
2501165172,0.45505429280719
2091189990,0.45474186297736413
2092842951,0.43714649794124255
1879847140,0.3988198570134669
2501875722,0.3872268446740612
2093938124,0.3801940644939748
1929306871,0.37961027637228895
1439649647,0.3315573362717402
1880425502,0.2917935134921086
2502465040,0.15494343188095483
