user count in community:508
Topic id:1,Representation:0.43407386084011057
userid,score
2503325382,11.89520996718333
2502237927,11.656742148694466
2501931757,9.692571385949423
2503763283,9.351900791477673
1433621275,9.133412689748237
2503589981,9.0706579795767
2502881181,8.871167656377057
1434465884,8.846398274046777
1427823420,8.652641814497914
2091202565,8.407676122396055
2092936192,8.34223677053303
2502575951,8.298396549338424
2095461312,8.254131057605779
2500702935,8.087858308327865
1932532430,7.898954613932328
1934324023,7.863284830661294
2092832314,7.635514612989046
2093087137,7.608596302133295
2503718475,7.539290414932819
1932450387,7.5296355648704445
1434434457,7.296812403003919
2502041342,7.239898881977085
2502433147,7.235615322854041
1931622455,7.180776576192741
2499297514,7.154752519205014
1433290767,7.1225027983203315
2500896810,7.043708798964193
2500446523,6.985222777170362
1434429255,6.806393421236389
2501324422,6.67343773575554
1879826137,6.669650385756181
2501620755,6.652710675677075
2501698604,6.533449756703727
1879192483,6.454045132892004
1933513673,6.1780401991102725
1930245727,6.081140887393237
1427778110,6.0739227785376535
1878601291,5.878461065659825
2094671105,5.876402756755201
1433940047,5.863771918948097
1434402060,5.8036588922316685
2092801984,5.802671242396678
1879811951,5.7813278104042345
1932637202,5.775372009284499
2095443221,5.742987280872124
2093057384,5.732059823683449
2502024915,5.6947503650275575
2502575757,5.688569487366555
1434019230,5.660498052218068
1879881264,5.645531854223913
1880497674,5.639138053963007
1427733943,5.631397522670327
1878577927,5.603182574075129
1879876034,5.598757687407509
1880472962,5.594629942343927
1879156082,5.569719057512149
1433358522,5.554047394842007
1434684397,5.550716947997461
1434560371,5.539670942219246
1932596437,5.53077373393124
1427589977,5.477525496426695
1934300801,5.471133684727344
1433392064,5.46673289425562
1427790270,5.439791464026691
1433105404,5.426144447551015
1433329774,5.417061041639005
1427844971,5.414498834025346
2503619083,5.414424009720759
2502170977,5.374454094799648
1434476397,5.374129095743085
1932465310,5.344836488895586
2502096164,5.281590911090631
2502355462,5.279244339926088
1434025824,5.261164138094899
2501275014,5.2528624447409795
2503901890,5.249811367038581
2503595267,5.211875997519702
2091986991,5.1830204163611535
1879132153,5.179221102523795
2501955052,5.157820786458139
1433595587,5.145926249069517
2500242072,5.1378056077739025
1879827145,5.136925102971817
2500730630,5.126848866713081
2092913191,5.0955089693978115
1931029102,5.070907821312617
1930170433,5.050931746533003
2501322434,5.028744593225806
2502547051,5.018450616393942
2095379051,5.014499647058019
1432716392,5.011996661979748
2093955515,5.001354528853843
1931011424,4.987463248650936
2094677064,4.957307745501273
1879823544,4.952903111464438
1878578683,4.947675477784902
1878582923,4.927579566742099
1433882174,4.896579954045906
2093042013,4.8903768106420245
1879804595,4.882328173971982
1879223171,4.863181302180511
1433639712,4.857013723186509
1433800415,4.854468318386086
2093019022,4.849081832870584
1880512835,4.846310089200245
1433669217,4.834864871639175
1432614015,4.8308214408659635
1930155393,4.821348376132422
2095373041,4.81871468827184
2501068090,4.808897446855627
2094604503,4.80460926914821
2092769611,4.794633756468859
1933519420,4.783682303032095
1879774433,4.765202770774391
1433621423,4.753192852683799
1434650910,4.739594372292079
1932542262,4.737704756572079
2500151964,4.7193635645481855
1880523237,4.713993298285039
1433577781,4.704121026594753
1439375430,4.690964915404941
1434527361,4.683281429867498
1880507825,4.681622953419738
1439503732,4.679395866023674
1879234225,4.6302834879078105
2499677377,4.620657758288411
1433027131,4.602284557521949
2499331070,4.596600531487712
2500456320,4.581011887831439
1879847753,4.555259475723314
1433123075,4.5527231947646944
1433135582,4.54118294758983
2503038084,4.522167147369946
1930189870,4.518393214625846
1930214507,4.515312620983348
2093922584,4.496299270545466
2091197675,4.480458305317605
2091261752,4.46916848508341
2091236781,4.446439243904514
1433876622,4.427151783734299
1930969701,4.426543545141229
2501857814,4.425641603617089
2501849394,4.423144158768028
1434437727,4.383997632010808
1439625305,4.3360123345456
1433453934,4.330004359903153
1433219794,4.321602969817194
2091183732,4.313140075145066
1933591574,4.312755765090573
1934298875,4.283166527380631
1879126040,4.260676616779758
2092008871,4.230566529692084
2094553640,4.224637023990971
1879226021,4.2175190776684
2501149044,4.18857076895719
2503326951,4.163537831398569
2092771202,4.156150382772194
1433574121,4.154322046340024
1930192881,4.1527764919033565
2503059394,4.1391308066426875
1879835951,4.134706217219066
2500308852,4.133265495629435
2500319487,4.103492014619731
1433914252,4.102577642680718
1434694457,4.102290622338632
1879167711,4.100107300787799
2502495642,4.089418815127089
2092827407,4.052820239920317
1931022777,4.050144014197043
2094659371,4.047812390570244
2094642871,4.040185992429604
1879803764,4.034886157058006
1433187183,4.032404445971498
1879813517,4.032298767491573
2502005027,4.027401983320477
2092876611,4.007638156967552
1879848425,3.9883600935477594
1434098305,3.925387230470375
1879798084,3.9075719829597535
1880497214,3.8942938176342605
2095389374,3.8817233210142685
2092005470,3.8752029107939903
1879166217,3.8710918403495587
2502725855,3.8454785253100505
1932518390,3.833747658264449
1433962217,3.812107930695272
2502148720,3.781063371921728
1434032063,3.7764864397741307
1879784183,3.7683434323171903
2501004413,3.7613307385171653
1932625125,3.7563775516319584
1434698690,3.754846275676695
1427592210,3.749764902570647
2501597622,3.72064414171043
1879829492,3.7170058436342295
2500922980,3.6942545596422676
1434698981,3.684737960759433
2500334647,3.6489309952362605
2096220847,3.6340600316492777
1878592112,3.6160745046209373
1879127255,3.598669676413716
2501848827,3.5867002177457934
1434447024,3.5735190767684957
1433469242,3.56202681227111
2499247624,3.5601230098689847
2092767931,3.5567151578909324
2094655804,3.5302552063121078
1433417000,3.5284423544765016
1933546200,3.5206763664186735
2500886690,3.5033765934736016
2092769907,3.4995288999990843
2502030691,3.4864214345137086
2091278492,3.4779462621930977
2501302705,3.4772163575997155
1930241761,3.4734229719984833
2501835982,3.4674875870199764
1879128453,3.466152229107499
1931696954,3.461400658608471
2503431190,3.4518362025173204
1434475192,3.45135854431737
2096203175,3.4483376631276403
2092064654,3.4469631130727545
1433801845,3.4441527906003033
2096255647,3.436549490556501
2093907945,3.429758405365144
1879896344,3.419922772376194
1929310913,3.4170773141445285
2092858922,3.4131793309582505
1434528151,3.4106754668507073
2096266562,3.3898481550639508
1427733824,3.363331946116694
1879229867,3.3606708673237993
2095425921,3.3587470894565756
1932513065,3.3579435370376656
2093943865,3.3264940514954744
2092770362,3.3221002587914916
2501476241,3.3055788141797913
1933574671,3.271018783678752
2095390855,3.2494992351018053
1879857292,3.23695929167219
2095408541,3.1967247272633212
2499589844,3.1947546169643455
1933530970,3.176970475360797
2503105092,3.160957622718551
2092956573,3.1033358065967653
1879846724,3.0920056446764694
1879887034,3.0708945188322274
1439318215,3.0693404825721804
1931688225,3.0605297984077047
2501861542,3.0544541167023054
1879850863,3.0521666280366664
2094632575,3.051356862032836
2093081852,3.039055148333664
2092063477,3.0309553049976543
2092928664,3.02884792193403
1432820162,3.0286620449998662
2096212252,3.014725891920091
1931621805,2.9980898309833717
1879812094,2.9847891067191297
1433346527,2.970341177308964
2092037512,2.9611941333268543
1930224192,2.9564050035438076
1879856592,2.9401345855246204
2092926037,2.937344342624102
2501609115,2.910596547740867
1933497437,2.904998456919462
1434308324,2.896126011516565
1931026877,2.8823133869740825
2092819681,2.856591490861197
1932521945,2.841125207030834
1432678663,2.8283975594442343
1930938675,2.761071329028539
1433827742,2.75672615701492
2094664670,2.7525352855983627
1880451477,2.751810715744188
1880525774,2.744792887350122
2094638767,2.737008719019695
2500862077,2.7269032595229046
1880427971,2.724466617027281
2499258051,2.7237774151221728
1931023450,2.69165436972144
1932496987,2.6866839105222957
1879878294,2.663793966525306
1930138130,2.661345385270962
1931674885,2.657084779380455
1879199815,2.652374450230961
2093958040,2.64198739798887
2092942884,2.6367932620024357
1427683122,2.600274069123318
2500147711,2.5970884536714505
1932617447,2.5912895300004966
1879794247,2.576851176598182
2503759152,2.557077719827281
2092008822,2.556694738311909
2500196971,2.5332874728282015
2092856627,2.5326396238729836
1933598391,2.5222087149914754
1427899751,2.5143926084391808
1879130384,2.5057540459774854
2091972360,2.4869653086481045
2499546363,2.463768471100075
1930190197,2.4629986332177682
1879843593,2.4487421604458497
2503094822,2.4475891682423527
1879143033,2.4385756498850237
2093941090,2.4365688087577047
1933516683,2.4268762077874007
1433185493,2.4216451198433946
1433133782,2.4116910520841826
2093959933,2.4101083355906288
2091229303,2.400174244244522
2500295797,2.4000238001885648
1439558741,2.383859982336988
1930156691,2.378454115659804
2092062134,2.3674314848377334
1932603692,2.363283809021491
2503292310,2.3601012811144235
1433953135,2.3432166052974854
2501007541,2.342804567463556
2501960571,2.3382500106540034
2093984407,2.301290426686747
1879209727,2.2968811416102892
2502839362,2.295810928227353
1434188551,2.240103178371207
2500767104,2.20543002626437
2095429191,2.194090095184831
1931646514,2.192742975657696
1879871012,2.1891950268605473
2501729401,2.1736133960494293
2093966992,2.1647382678786133
2091219055,2.139837203839572
1932462110,2.117841621757721
2093952365,2.113879533251894
1932585507,2.100819572934993
2500139662,2.0941623427801486
2500608922,2.0923434916734514
1880513392,2.0872169654461024
2091998693,2.0746187280199093
1930153461,2.041098518504597
2503349300,2.037968322029868
2502859782,2.0370271971749143
1933565760,2.0242800631888573
2500234743,1.9908923415981776
1932499902,1.9872598241661388
2499366054,1.9679964455167867
2093943487,1.942541102260672
1879243473,1.9418305273000978
2092794291,1.931755924317765
1434381404,1.9269750726778858
2502068343,1.9235676887943562
1879848010,1.923462314575909
2092083520,1.919486296241278
2093078772,1.89238214460377
2093024797,1.8810706083652653
1432659015,1.868114302130157
2092832452,1.8510896914373232
1434134055,1.848010965714466
2091266807,1.8434722441686218
2502537130,1.8409941617360526
2502049053,1.8177236780392856
1933583520,1.8144265624779825
1434160330,1.8103226998240338
1930935560,1.798705432056647
1931592161,1.7978078570506877
2502988502,1.779500353888886
2502956792,1.7678642665759925
1932506565,1.7625691657733564
2091200190,1.7492053430022898
2499739493,1.7412579759450146
1880433261,1.738178105112139
1934298503,1.7284981913591126
1434740355,1.7182597941384503
2503628434,1.7069412397964263
1879860741,1.7064424007599763
1932590544,1.7020377563636866
2500856790,1.6913622828136745
1930182094,1.6870007257112474
1932578071,1.6802422856658767
2499240954,1.676763200641641
2503175015,1.667870617601171
1932579397,1.650123894320047
2503768927,1.6427126369463563
2503769820,1.631945031080854
1433210013,1.6257823730070764
1879805851,1.6126217634990065
2501334994,1.6071489333614621
1433428644,1.5815754280589491
1929305951,1.5765525235939135
2502175770,1.558608774156083
1934295433,1.5581057559563862
1879903894,1.5316432788725196
2500852682,1.5274864647148
1879138105,1.509709792260634
1879831393,1.5001286224010402
1879799467,1.4961446921937653
2499294700,1.492647021434095
2500725931,1.4777126643832867
1433804711,1.4631572712403917
1930929097,1.4545058208377377
1433408435,1.4437316622574803
1879863990,1.4430169478100576
2093942435,1.4345159627544062
1930146545,1.4243297888673454
2503030942,1.422981274387963
2092760642,1.4196821563054565
2092930844,1.3957281963942436
2092885581,1.3303208248003153
1879912115,1.3270524721947163
2503520814,1.3121384754549026
1880532903,1.3035369530082064
2094696577,1.2910954461952429
2499502237,1.2751527254799682
2500215957,1.2744256234091054
2095372073,1.2571783401217993
2093872135,1.2566320032369154
1879856931,1.2179460742298427
2499317145,1.1970667983143346
2096243060,1.1882831853414404
2502453420,1.187977425613403
2502657644,1.1874833263050488
2092894567,1.1736710444307503
2499783320,1.1618753623702913
2091288534,1.1599355182295434
1930951112,1.142612436720501
1434056841,1.139793307235383
1433003823,1.126946208047831
1433033357,1.1107665546091552
1879788995,1.0911652976016022
2095418863,1.0904347429439987
1879778774,1.0650884464877963
2095399965,1.0443960120825562
2094561684,1.0435272407550622
2503245374,1.0340201971956775
2094634373,1.0318252099047969
1879893354,1.015380047688925
2501232520,0.9853175919871584
2091973345,0.9732421512338862
1878595455,0.9564335456444815
2092065617,0.9530338333935101
2501544902,0.9507624949154828
1879912515,0.9405797934174922
2502561930,0.922063896170094
1879809035,0.9170469568066368
1432873234,0.9088564507204157
2501499422,0.8879202157403653
2091969220,0.885259243601043
2499652350,0.8648123018712013
2501280794,0.8631250662572011
1930994640,0.8556542144247002
1932643682,0.8507478406024864
1930253787,0.844040397785225
1880519952,0.841691822046634
2092787927,0.7978521897130125
1879842345,0.790544473372322
1933550393,0.7774326786275683
1933515570,0.7750624870276879
1930211501,0.7742667862404046
1880531900,0.7466190041111902
2092057382,0.7367845600252868
1932448480,0.7268318534534766
2502353873,0.7120379893636292
1931689031,0.7053969595560751
2500739710,0.6884274427366582
2502243282,0.663112868747518
2092832282,0.630061920620132
2095390805,0.6230311936107965
1931685142,0.6173558278771676
2501307115,0.597477260011378
2501336704,0.5656732215998951
1439541671,0.5612851186376545
2092911407,0.5531167605103314
2092034780,0.5300778498740433
2094669205,0.5093678678948249
1434686293,0.4991066111192034
1934315214,0.480011393328851
2092043054,0.45209813026041545
1427874617,0.4519743759952608
2503692124,0.4500570783147693
1933521190,0.4497697244026247
1878603280,0.4457116663807543
2502430597,0.43779362800719096
2500922755,0.4277040930656626
2503117425,0.42718368480941704
2503819321,0.423968974854351
2499281044,0.4102184973875258
2503846912,0.39427600390674333
1932609990,0.3650280956599103
2503275533,0.33458311706542243
2502711275,0.3335061212650066
1932533012,0.31604178047850967
2502611431,0.26159376707737425
2094690595,0.2595821844561
2501573462,0.2517274376895118
2501576382,0.24957664802821786
2091981394,0.24805691524201706
2500438354,0.24658077054660826
2092972025,0.23896772717785195
2091220224,0.23362414137647966
2501529640,0.23151860737446794
1929303241,0.21006711056246255
2502515742,0.2042142817425506
2092959164,0.19683004379473978
2502758985,0.18919022400337573
2501797185,0.18782328698852502
2094687144,0.16166465977473768
1930201220,0.15675216804706674
2499245363,0.15184469913891696
1879845435,0.13191735171222216
