user count in community:283
Topic id:9,Representation:0.42673046610162296
userid,score
2503272264,4.254098619105539
1879801480,3.4161080613988646
2503153094,3.3964415428975534
2499252035,3.389457205045733
2499639367,3.280764694199553
2503215820,3.280732865985722
2501401463,3.206323762772403
2499735083,3.1445461160892596
2503172652,3.0833537398883677
2503181727,3.025027990757663
2503617072,2.9040646882604393
2502915650,2.7992369766740364
2503472355,2.794951909157657
2500484523,2.7906174934814847
2499357373,2.755009090759402
1933501874,2.7001358609961064
2500710612,2.6983145419608325
2503158854,2.6881280846265434
1931635682,2.6874910141022776
2503381524,2.5119683326296895
1932525581,2.4837615122102434
1439332734,2.3831231713241494
2502040583,2.34143208276872
1879236991,2.3311953796423457
2501665430,2.2978873039900787
2503113282,2.287729506203163
1878592084,2.2602154809957593
2501905410,2.2601919951830913
1932438440,2.250639454598347
2092779621,2.237303196730863
2094608093,2.231749961618244
1879833574,2.2238982107185365
1879784700,2.210548905561627
1931661027,2.173202577046188
1879217541,2.1716905236233166
2501294401,2.164552785960044
1930153455,2.1478775450101066
1879126043,2.1400008541178646
1434199920,2.069306661368166
2501898923,2.0476564829662536
2502092437,2.044285837233336
1931643635,2.04129686014613
2502356982,2.0379426761566
1879231473,1.9503530929349
2503148300,1.9119134410131082
2093029484,1.9060369780386892
1879124215,1.9021509465103372
2499535077,1.8729798503588286
2503118924,1.8573446538586698
2092020535,1.8508878282878563
2092970334,1.7985154911654586
2091189351,1.7809595751235014
2499456874,1.7793247045260552
2095468603,1.7391957780595888
1434155354,1.7315542821100567
2499798530,1.7163950662523413
1929316091,1.6696958296386175
1427648447,1.663600534568491
2499615414,1.6572325888629647
2094550217,1.6554226806016594
2092013684,1.6488875009376136
2091961202,1.6380286168484148
2503045734,1.6324235972205754
1879152325,1.629833700804926
2092783520,1.610513629281742
2092006114,1.6087551700829532
1931005652,1.5960718398797842
2499393440,1.5928922093558568
2499344254,1.5908715406834326
2092082593,1.5586095855513564
1427659827,1.5577966127641998
2091253151,1.5456480245623792
2501478571,1.5401223116024962
1930162875,1.5390448465013324
2092768680,1.5359247653094728
2091258130,1.5139607834946425
2501892500,1.5088209638492434
1434004434,1.507336476754112
1879905001,1.505241355482664
2094670997,1.5039040020385557
1933512572,1.4930065983593488
2500246047,1.4869972582831572
2501907660,1.4840619462713882
2502314702,1.472703469180069
2501326697,1.464639003133763
1879844964,1.4360172258283983
2503215500,1.4343223398224452
2502054707,1.4202254779004497
2095397813,1.3969332396141374
1930991543,1.3944695232038
2503260092,1.390826980276457
2092888355,1.3892058408540173
1930150954,1.3697145193370113
1930968163,1.3676668294255019
2499414084,1.367382450429976
1930227184,1.3487946534985493
1433228131,1.346103370036829
1879801654,1.3398124742249728
2501867474,1.329941632453556
1433485943,1.324847876486652
2093951330,1.3150566522175315
1930198433,1.3140505395559332
1934313531,1.3133941427502827
1439606430,1.3057356630959076
2091991225,1.3013792967511002
1434669560,1.3009034145441296
2501764160,1.293603746057862
2094599573,1.288164345937895
2499718954,1.2861502752953182
2095419411,1.279215696480636
2502885067,1.2771371090998676
2500133562,1.2500425973363245
2094672994,1.2466905869502647
2499226970,1.2389354324233857
2095425472,1.2281204132968218
2503766167,1.2168215214035873
2501156425,1.1900770478785767
1434618870,1.1826139401804183
2502682142,1.1713218591669285
2093023170,1.1661477181205926
2094622710,1.158056964235508
2093023272,1.1511293393496866
2503636432,1.1501946529394012
2502450323,1.141832860302169
2499316972,1.140299441885916
2503582314,1.1244488469122946
1433107491,1.1214455666813146
2092882033,1.1203844657717952
1879782090,1.1148414265584732
2499319227,1.1098511042267678
1432924181,1.1084034034036467
2502358664,1.0988929902546318
2093028187,1.0956386454126423
2093086990,1.0914415983047356
2503531854,1.087653348083211
1933592775,1.0825647087305126
2094587154,1.0773079368956417
2502188240,1.077277371593299
2502451370,1.0745768522243262
1433710197,1.0558406301295022
2093898101,1.038753356927998
2095369707,1.0363806269417544
2501643441,1.0303220017412102
2500106844,1.027323990386053
2093088532,1.025117346754193
1930227130,1.0247096932011437
2095391127,1.0230375268972878
1879791831,0.9905695204851178
2501316021,0.9899240564777653
1930993645,0.986229743208287
1433562390,0.9861679745408397
2093075872,0.9846730182770669
2093862715,0.9841074921202004
2499389062,0.9787476493859398
2502171990,0.9567006848416196
2499720697,0.9546646507398258
2502998941,0.9123738863499958
2092856594,0.8926860846476035
1879788582,0.8806302270417986
2092864617,0.8699159719626873
2501279374,0.8674816845379645
2499310494,0.8642289063182325
1879826575,0.8624561804157191
2500213593,0.8515819749660968
2092880697,0.8485598362478953
2092040984,0.8415194067450967
1930938322,0.8332343710773972
2500157893,0.8231045873126974
1879238355,0.8185968994865325
1932646293,0.8112597565910992
2092021475,0.803516268169351
2502238784,0.7926466908373788
2501598150,0.7922580515447809
2502217292,0.7911180590024058
2092035373,0.7855398871212445
1879167575,0.7753623119083939
1879238252,0.7733577105478646
1433531634,0.7671761246505415
2093026527,0.7657348067237287
2502219574,0.756652712315562
2503257965,0.7503278242871552
2503451410,0.7421986706243748
1427827193,0.7169886443923669
2092873123,0.7089379040282481
2093025897,0.6977449040279666
1427842945,0.6929388212357083
2502590442,0.6802532804233575
1427808664,0.6775194286149662
2499342081,0.6747493079193569
1880503662,0.6684627712544662
2092771564,0.6588907005811383
2501731774,0.6578147753209914
2502320960,0.6548702865606489
1878599031,0.6535315371020064
1879779900,0.6483567564328804
2091190291,0.6395493354169772
2503528500,0.629024213783797
2502492422,0.6026838809385663
2501109061,0.5833010378570235
1930210082,0.5831443778695774
2503026234,0.5677624834395784
2093930581,0.5521471116845932
2502425540,0.5470994520256959
2501965535,0.48732973963666976
1880519110,0.4793035611751274
2500635473,0.4674858223800589
2093863125,0.46532268356335427
2501252125,0.4602294724847506
1933514080,0.4592269272129486
2502552852,0.4584272153813937
1880440000,0.4504489672727938
1930937671,0.4491538795859332
2500774710,0.4389387019955141
1930169244,0.4379909815195173
1931013474,0.43769625115232585
2500414825,0.4252374493911961
2094668761,0.4088174794350482
2091209265,0.3961425590439369
2502849382,0.39200514922618734
2092815477,0.3725388938098414
2499885794,0.3543139939023467
2500157837,0.3528028872161914
2093065220,0.34092515930246453
2499530091,0.3400455316688311
2499552123,0.332119754066797
2092872161,0.3254996758719477
2501387574,0.31559494210840705
1432651341,0.30218440472714964
2501901683,0.30003696324019286
2501853565,0.2911566198410575
2499270867,0.2739815590084764
2501599092,0.27385468263588136
1929309083,0.2616528194297843
2499282703,0.25876413731220815
2501512930,0.25709151988515916
2501726255,0.2557487243929809
2501721060,0.25406443748549723
2502698673,0.25292263629443174
2503742070,0.24751889308033262
2499858797,0.2412798697633634
2499606560,0.2401005218051682
2503346140,0.2383685355443889
1933504091,0.23111537449222191
2501049334,0.22980179781842283
2501305902,0.22836674593186818
2502114942,0.2239238985512683
2499470951,0.22377452599698347
2501207730,0.21996759041697372
2502987530,0.2157491393643252
2503638252,0.21570592760427323
2501479774,0.21489512229329794
2499633757,0.21347995624581184
2503779132,0.21305340980846998
2501904833,0.2076265208386363
2499802202,0.20729891998226413
2499470433,0.19850683773466318
2499345390,0.1966085590325575
1930224904,0.19366546952950345
2499704044,0.19124975641401193
2501235352,0.1811739443936609
2502844741,0.18044199958892837
2502802233,0.17935812113211114
2501198700,0.1792083817667007
2499682364,0.17636424933168318
2502634473,0.17576733724937466
2501971577,0.17430911169705782
2503465050,0.17166598900126134
2503924824,0.17131257009243345
1931679390,0.16987237672434768
2501791630,0.16917005931028242
2501761580,0.15876198080852802
2500409523,0.15385527107137756
2500410693,0.15113980451998996
2499393542,0.1506179712997598
2499671352,0.1486333799697245
2501268972,0.14344002628368635
2500342187,0.14090280789381682
2500304223,0.13652388200661913
2501414641,0.1330098385538842
2502875953,0.13141026173120357
2503792674,0.1275622576840763
2503725854,0.12422568859900608
2091963553,0.12297838406474655
