user count in community:3178
Topic id:1,Representation:0.742628083361931
userid,score
2502294870,294.8134190994075
2502972784,292.6601825243344
2501950561,284.76494023203253
2500117303,278.83007542688233
2502453835,276.2120747247735
2502656582,271.51897656920016
2499368071,269.83129318078284
2094560175,266.77872714794677
2501179443,264.7785964285977
2096244485,263.8974664904783
2502368457,255.73296618575134
2095450235,249.70951820780905
2092848075,245.98393778412282
2092000993,244.8577340627454
2095401971,242.58898399463283
2093091603,241.3401756352403
2092093181,237.6013672177457
2091227401,236.93394583084907
2503210297,232.43499706597493
2092890315,231.34164495700244
2501669253,231.08997159563873
2502193122,229.55857817662303
2502746283,228.79734515854662
2092942010,226.68384353279995
2501473964,222.13800020089244
2502871610,222.0820618684487
2499476163,221.54239619296544
2503440444,221.47220701873988
2502047610,221.36862870574447
2502712034,220.71329217763127
2499218784,220.57291535707733
2502146670,219.09140202411896
2502951294,218.96622204102013
2091963164,218.92903300051555
2092852901,217.2576883307369
2096202780,216.30509385028552
2095402500,215.74423629688445
2500984840,215.46368678343316
2096187871,212.6923103114591
2501343091,212.31706267746821
1930982315,212.22407759081352
2500178713,211.52319672369754
2503739834,210.58247611255283
2096218634,210.07516457181404
2094593570,209.83218830169022
1934304752,209.40816601313705
2499218462,209.1220259409522
2499718200,208.51028580334108
1930978814,208.30499316894
2091982001,207.84554642588785
2093976291,207.12912252282172
1930140941,206.59085493771028
2092768147,205.98282478883576
2503819547,205.73478437467423
1931607770,205.64887678428838
2096259843,205.49977698209221
1880434252,205.31005688433473
1933501672,205.1837319012562
1879816730,204.88939050564355
1878587233,204.80945927532352
1880521735,204.4167735076238
2502927371,204.28666522672881
2091984891,203.13598560543636
2501792972,202.57901159060228
2501953781,202.46831510037114
2091241342,202.2893907626847
1930165571,201.99508068118377
1931615354,201.77606639771753
2503365995,201.3735000186947
2502235563,200.4679135654734
2093860037,200.3341855195626
2095463592,200.20007048537448
1933575493,200.18289339313094
2092914461,200.13772161698247
2091995703,199.29724581660656
1434718541,199.0458406954604
2500109674,198.9846461356274
1879156641,198.64813035179395
2500342980,198.54774634789166
2499517262,198.5120799536496
1930172525,198.44773884199427
1880536125,197.5932296478306
1930174345,197.0528234357638
2499540550,196.9268215703262
2093007033,196.8149881634665
1931026140,196.7718662996848
2503056460,196.76886020401162
2094610030,196.7487723900641
2501491620,196.71313134857704
1427862181,196.40077922132662
1879861454,196.3662667301609
2501091467,195.77867474288226
2092824144,195.5753346680099
1930222465,195.30450211283357
1930253297,195.10772573987438
2500945574,194.65514090396312
2499486102,194.5978985289049
1930985463,193.77430895683463
1433158597,193.71985477153623
2503130940,193.15244174869116
2092833354,193.1520327056503
1879794900,193.1030727739794
1930229825,193.03867486983162
2502919853,192.77195999960773
2093966457,192.31759987930957
1933500587,192.08098989147763
1931666521,191.79189045381594
2502824085,191.7470244540712
1879911894,191.6771143239519
2091962443,191.55523885380103
2502835711,191.03638569975092
2499722571,190.5317688556859
2500580865,190.35079253819822
1879184517,189.72992705925674
2500866724,189.63092036719976
2500910092,189.61850068555253
1879840017,189.603189186312
2095403241,189.558558997785
1931655655,188.92429949700673
2091212663,188.82195611315007
1878574173,188.73040398028596
1930253957,188.55398143912493
2500199512,188.08383565872492
1930215645,187.91194031301808
2095456702,187.55294925421552
1880495271,187.34009257554166
1930176135,187.32841618234025
1930157535,187.2056323443924
2503185300,187.12824866298638
1880521683,186.97185042715742
1878584035,186.57875930826825
2501947111,186.37883784605867
1879856344,186.26619028284944
2092069575,186.21844799461422
1879779583,186.06158151673912
2499646840,185.68769647728706
1880531513,185.681349180748
2501793810,185.4913840984988
1879792962,185.4152273471019
1879148511,185.122258719434
1880534213,184.94804142939375
1931620197,184.76182830495787
2091195395,184.60103682906455
1879868534,184.4084694527715
1879174047,184.27835740130453
2502081387,184.12109281652423
1880435202,184.02856039149583
2500476697,183.92407719594271
1931627153,183.61809455313937
1427716044,183.56967342678388
2091260101,183.41386360878317
1433305461,183.05056720859127
1433996671,183.03701549695617
2502643273,182.83381524901876
2503414640,182.7905944332402
2499590433,182.45096356392605
2503735491,182.1774563053769
1931590945,182.1633016005184
2500961500,181.9115479590049
2093050194,181.8903321185518
2093003253,181.64731230100466
2092878740,181.63218025163704
1880502731,181.59689712268946
1879844885,181.52601607217534
2093076580,181.49806112097698
1879904025,181.41633658129172
2092038275,180.99634916993136
1932534394,180.96334103611122
2501390215,180.45788580505732
1433758267,180.42528216787963
1879771370,180.15467698367584
1879899837,180.09629022221569
2499529310,179.9227086710299
2092951285,179.7159378427267
1879159893,179.67082866433103
2094650971,179.3800065666509
1879775550,179.23304650997815
2502723563,179.22063556587497
2093954513,179.16283039666519
2091984467,179.12637955613744
1930224053,178.7957898477756
2502850823,178.49413542092017
1930955163,178.4133673351385
1931631663,178.20692399560954
2499600715,178.00424216999662
1880439182,177.9387980709222
1433594093,177.90091870548198
1931590410,177.810430150112
1880477391,177.78708221781824
1434000397,177.71660253101086
1879902582,177.4483097700157
2502768851,177.39836863281633
2500145240,177.26762859156446
1879773981,177.2417157798477
2094604510,177.24106916583239
1933526635,177.1595382513344
1931024783,177.0212181971012
2092039132,176.92087336996286
1878584127,176.9115392426573
2501369984,176.88941053679056
1434351692,176.87505191001415
1930220847,176.68084890222545
1434766840,176.25534065178496
2095368283,176.17200431469126
1930943243,175.85437127199745
2092799092,175.84462486574373
1932549361,175.67423245231188
2501134382,175.6380372191596
2499701364,175.61763187230764
1932470121,175.61305844944852
1879788732,175.5740928703049
1931658225,175.39354714338086
1879794964,175.34791576853502
1879194432,175.218384383968
1879834875,175.08386520892003
2091237372,175.07333537869468
1932430190,175.06033560454534
2091982014,174.87442491304105
2500496697,174.86709356978105
1932459383,174.71543285968625
1879812770,174.57984677691863
1879896341,174.4577186789503
1879134702,174.3504378116714
1879168733,174.29285433663796
1931674021,174.20388569707586
1932457627,174.08962041121407
1879171053,174.04433074232728
2501582641,173.9721775352629
1933536517,173.5240068271636
2092025971,173.20298552272345
1434392503,173.13360977588317
2502140135,173.10441717133384
2092808473,172.885432380331
1930945923,172.73241569069435
1879843533,172.6528331225502
1427731845,172.61722656753085
1878578202,172.4999775650475
2499428540,172.48421395817886
2501822880,172.44359856693399
1932548213,172.3880544276002
1880449090,172.32228551679023
1930188835,172.00982425259497
1880526592,171.64886986766467
1879169402,171.29526157739616
1879796033,171.08625617829364
1930154233,170.59700387357597
1879232854,170.5416947431892
2499711222,170.53676000580487
1879148700,170.41350677091376
2091250017,170.29078641332683
1879808471,170.27449041758405
1880512827,169.91990189310326
1930953171,169.81558874549228
2095400730,169.67037941750314
1433554382,169.65245414556023
1934320697,169.65041729040948
1930996643,169.64490218007842
2092951443,169.53578329492754
2503795060,169.30598423009542
1932645644,169.2844022663549
1931029115,169.17612155741418
1880488212,169.0131242881567
1932645275,168.94957215477046
1931604093,168.86227439927654
2499553550,168.70194814525826
1879856853,168.70133677720997
1879223590,168.5779364548249
1879855071,168.43728797511918
2095382730,168.36082236138984
1880526935,168.3590029972897
2093968013,168.16911218170432
1930165154,168.1008081352149
1433417231,167.98683203127592
2499860350,167.87573875643602
2093870940,167.8125561807048
2095355117,167.72522674900839
1879135361,167.53971969312093
2093083712,167.46260903317787
2500655062,167.30385566018754
1433057603,167.18042793322786
1930963823,167.11785995902667
1930207641,166.94355881345595
1932450391,166.69122247726088
1879162233,166.65150434305033
1932568343,166.63506912598643
1930233401,166.42148997072303
1880476793,166.32042081264922
2094569183,166.26047094556665
1879803475,166.2409187315761
1930225993,166.09079066886832
1880538272,166.02040215563557
1931021683,166.00452118919765
1879840542,165.9836891189554
2092066705,165.94306399006516
2499585702,165.7832698090363
1880447703,165.73753181206766
1879791684,165.69126173760714
1880504282,165.3779047173026
1427672811,165.3131981871241
1930248343,165.29479007676312
1930196420,165.26752165031724
1880447342,165.22130135576234
2092967043,165.20347050291755
1931641727,165.16809301312364
2501762335,165.06026531348115
1930183113,165.0454101230597
1930228001,165.00406057566397
2499446312,164.84122218796165
1880532555,164.7478126858334
2096201044,164.66408011359115
2096244891,164.5266237195116
1930969033,164.35845922181673
1879806462,164.2382268461865
1932505013,164.1028457950118
2091181502,164.02286193966822
1933491755,164.01582482377037
1439331640,164.00546600571914
2501321532,163.9091627932663
1879149511,163.89325685696207
1880453697,163.57981784097137
1880478602,163.5638458729035
2091224645,163.5131581270667
2093967510,163.45060582586942
1433341422,163.21751459468697
2499601602,163.1926696737257
1880526357,163.1464122882072
1880514311,163.14348866804144
1879141351,163.11261812321743
2499874662,163.09720649358317
1439386423,163.06176506018363
1434768663,163.04701427797892
2503789574,162.9269262079797
1439408702,162.7730167700804
1432791601,162.75475757098567
1879169997,162.70733470572492
1434747630,162.57904813636551
2095453897,162.4204179439837
1930930292,162.27914201303727
1933522340,162.212939612772
2093030757,162.13578809228906
1878582655,162.09370907873304
1879196597,162.06071759646474
1879816440,161.99939711826937
1932541573,161.9960223428341
2092994290,161.92067201072086
1879231355,161.89281928945823
2093085513,161.88645711355363
1879867287,161.86891695832713
1879838747,161.85637098680053
1879854537,161.76962996273173
1931015301,161.60845946987405
1879195004,161.59559315699218
1933572564,161.58699082664003
1931673484,161.56022984091717
1879227165,161.41705067609138
1931661347,161.25945473356353
2500162972,161.15537335558705
1878586877,161.0858194364609
1930162215,161.06168458683274
1880503815,160.91805058809527
1879823630,160.8137998882167
2094685961,160.79610808099048
1434083793,160.74816964863075
1878577960,160.68217624986184
2501715910,160.59403297475532
1880448245,160.55729482544572
1434750034,160.53297618402723
1879230850,160.50924142379893
1879900374,160.48588671756514
2091201194,160.46054677527331
2092806983,160.34842416542423
1879898995,160.28238567978428
1879806221,160.27987078184833
1934322984,160.08644646301374
2092861690,160.03949430637422
2095437317,159.9603462505613
2091183973,159.94338012251313
1439362620,159.58246409309345
1434510235,159.57207893757158
1433636373,159.56996056912212
2095384362,159.55025596132327
2503441821,159.5044026207324
1880469012,159.06097532923192
1930187431,159.04144603229537
1930973297,159.01863029304934
1879861982,158.85337470498536
1879797891,158.83550509796873
2503716041,158.83296349565367
2499488247,158.81794744994963
1879803624,158.81643889672475
1879190741,158.7667184704175
1930196863,158.7112305440042
1879225737,158.69617306109456
2092775851,158.5717580271665
2092056530,158.54048868759202
1879207025,158.5207314111145
1433345865,158.44421335521028
2499282211,158.36034973686236
2500809501,158.28317136026584
1879899142,158.2403921082652
1433933491,158.22448568479194
1931011233,158.21079251221084
1879167282,158.1373801870241
2503922934,158.1354857269292
1878599187,158.0035251437289
1930955494,157.85528401704315
1879835433,157.8245938858884
2500114310,157.68195787165504
2094647985,157.5523255329202
1879802041,157.53499997417057
1427860691,157.4580122942231
1879182765,157.31521603856893
1933562353,157.2673937839959
1930990001,157.2621865466488
1930156640,157.22622038266329
1434184805,157.1407327490546
1879166904,157.0726139554393
2092914524,157.00380624261706
1932495905,156.9897595546795
1931603865,156.97679614605258
1933529375,156.83349147754072
1933568853,156.83011855320095
1879165097,156.77072616872124
2502514097,156.75739342706024
1433684545,156.68919050546208
1933539462,156.66497323529586
1930992041,156.62546797635235
1879189555,156.6200092560742
1432703867,156.6166086706564
1931691634,156.53920014023174
2093026454,156.52953928835018
1439385562,156.4133377452376
2091950920,156.4086770326761
2503390892,156.37995426009056
1878577095,156.37428212491898
1930177004,156.29845649838532
2094690957,156.15085192808814
1880488485,156.14852193347065
2091956291,156.09372978596596
1879777331,155.98024243761253
1930225351,155.93163272123928
1878598573,155.89505682101478
2502509532,155.78120505651458
1931641951,155.668117076949
1880541425,155.61974926849388
2092879621,155.5825028469377
1439414705,155.5181527086163
1879142512,155.48952362295407
1879145080,155.42759756322636
1879894420,155.41014793040233
1434747404,155.2865108611251
1880497114,155.27390423105817
1879137674,155.18472162173956
2502668812,155.16307957930883
1931629201,155.04576396630367
1879888805,154.90851063255542
1879878010,154.72909657828623
1434338352,154.72131794763158
1930938422,154.71012123423304
2500527117,154.53772904226355
2502260154,154.49261475084882
2091993037,154.47806966789915
2095404001,154.47565684002095
1930158634,154.47358967268934
1933510195,154.44464097929426
1929310313,154.42918063829396
1933516660,154.36536874774518
2095485922,154.34010137977842
1878574921,154.3380222986468
2501634180,154.33620364662107
1880512414,154.2944484354795
2503847682,154.23189701019012
1439591115,154.14181357812882
1879802911,154.02338071515877
1933561393,153.80430828311677
2499230872,153.80385416776252
1880454912,153.78638154963963
1931691851,153.7623443284218
1433503065,153.6851138255737
2502082510,153.67984042837398
1932453091,153.57490486170178
1932468067,153.53787166796442
1879784077,153.52873532894736
2091966895,153.47616781816023
1879154851,153.4389989495061
1879210993,153.19869755178817
1434757120,153.19553262578867
1880495045,153.09570083474594
1879176622,153.0770165747638
2502599653,153.0663063409747
1931626407,152.9784251265075
1879200053,152.9758856407014
1933541191,152.97328518008516
1427869902,152.84058522396077
2094646703,152.8014963304125
1880507755,152.7529421691128
1930928551,152.63417657529067
1433830194,152.5640792958874
2096247543,152.54918855021654
2093028210,152.50563206115808
1434654963,152.45039761126546
1878585421,152.34652851439787
1930953733,152.2692288243397
1434310311,152.26689950954312
1930927003,152.21216086156997
2503528392,152.10739232434102
1879828032,152.02794418624475
2502911064,151.98060947139015
1931665431,151.92498650012107
2502731893,151.75909763908246
1880457192,151.733813783362
1434769525,151.71289752995276
2499575284,151.71200163604865
1879786732,151.6847694077482
1930160684,151.59896945079558
1433219737,151.58974942438033
2501698365,151.58494334603523
2092063751,151.56772731031427
1880438257,151.49658490306345
2091986543,151.44111107576012
2094662377,151.4074350029315
1433294943,151.4058516742712
1434641584,151.34786188894734
2091191900,151.29470469185839
1931632375,151.25762491607418
2500851610,151.236301683085
1880466742,151.20826377189013
1879154083,150.92949417994924
2092053755,150.91344917366163
1434419542,150.79683895293832
2095344835,150.7751278263058
1879789757,150.77432788446137
2092015653,150.6879382675045
1930165005,150.58181325404902
2093967037,150.53070126726763
1930994834,150.50474777126468
1879813564,150.4324945873735
2094675562,150.35540102051272
1932542753,150.23923158432402
1434634922,150.2052072119341
1880491875,150.1504420677052
1434559737,150.10635024771742
2091948333,150.07360579008184
1931661997,150.0673699541134
1434491204,150.0446662058272
2503415980,149.89607127789094
1878580667,149.759540170904
2502914017,149.68573626384713
1930186197,149.6201767790071
1879191524,149.60206331671702
2501468972,149.57131924202298
2091974085,149.51367100855472
1427890455,149.5125778654876
1930940283,149.477042347206
1931602815,149.3705982951937
1930982635,149.19397173269167
1933543465,149.1739029898252
1930944562,149.10927723745178
2501862952,148.9650047168635
1930222534,148.9002486905243
1434510764,148.83017857612012
2500161752,148.76455688147558
1931002392,148.709585768887
1880440770,148.695122993768
2502781687,148.68518481912224
1433764400,148.6337941760399
1931619101,148.6225994206506
1930220551,148.46895941803967
1434081092,148.2597058705097
1433447725,148.20163050403335
2502729377,148.20033911971186
2499535565,148.19143663661222
2503385734,148.17162557326736
2094644051,148.16970101398252
1434531735,148.14568973845903
2500801210,148.10826058160808
1879810073,148.10594448034388
1879134392,148.10383966114838
1879135231,148.0674863317739
1879802454,148.04868147587987
2500148685,148.02668301141688
1434333017,147.95380656576836
1879894654,147.94370679463503
1930138403,147.85089615556348
2503628165,147.8057012235388
1433543690,147.7550069988528
1434224753,147.75387890175674
2094656850,147.72403219028268
1879903355,147.66580345688055
1931644995,147.6518324078076
1933549441,147.58922811871085
1879890940,147.53803492546183
2092796927,147.4106663077751
2503889531,147.31816124631715
1931606564,147.17454362006774
2092986322,147.11444226322195
1880481251,146.81449806371532
2095405902,146.71811785830667
1933537260,146.71326296085616
1880477263,146.6811041876957
1930178262,146.57431050034896
1879831662,146.55567587077604
1879793210,146.43271901008308
1930244925,146.33569379131896
2091256321,146.29500147975776
2502934610,146.29148269467169
1433341277,146.15022921698298
1879215861,146.14863134165822
2094662201,145.94405878906824
2501567841,145.9120013129032
1433833077,145.79793865281158
1879194601,145.74563613821732
2092963791,145.66794030309143
1879184891,145.6395139945923
1433562093,145.6392008871401
1930981344,145.56213810491005
2093031417,145.43396593280244
1433141692,145.3761964826194
2502416304,145.3300191851934
2092031893,145.31531894500264
2503513380,145.23628278785534
2501282543,145.1481356905501
1930970155,145.11611122299598
1879770063,145.11455059965172
1434420081,144.91855191734896
2094651713,144.89317774613147
1879815304,144.76531852758566
1439320732,144.65243475869624
1879908067,144.6414966725555
1434460071,144.4758874798815
1934314961,144.46454332678272
2091253535,144.407639973157
2092066853,144.3177466722556
1879193925,144.30720473309046
1930212347,143.98891362279878
1930969773,143.98799294104256
1879812695,143.9118477960609
1931693722,143.86295464915887
2091988750,143.78445104635884
1434190202,143.69874228783758
2092971103,143.65122004262722
1880441331,143.6232212469825
2501038712,143.5556699097988
1879179924,143.45953652266556
2502260182,143.41016157078604
1880528621,143.40944460714243
2095377410,143.37968690993767
1880516174,143.3365442024007
1434498742,143.324759362171
1930196795,143.10474380977396
1433899854,143.1032049090696
2500289390,143.0119046371276
1433872087,142.99064289278107
1879912811,142.92425606924058
1880450772,142.9178318001396
1434440064,142.90098537905698
1930236085,142.72279350119885
2091252791,142.64367857671047
1931602441,142.62841714521704
2499603604,142.62643244496334
1930249087,142.5364179535995
1931599557,142.4115356055615
1931686391,142.36092909437426
1427701864,142.28928170488246
1880510905,142.24847513497224
1880507394,142.22951697003737
2096238664,142.14317773913146
2092054937,142.08760503838997
1433727052,141.97620487781754
2094639653,141.92808157428803
1930215635,141.8766577050603
1931640457,141.72226582504499
2499544204,141.6604859908373
2503193011,141.61241901451123
2095349894,141.54978700513678
1879870332,141.52782175619888
1879155935,141.51175730455125
2095489587,141.4563536333194
1427682987,141.41811176527077
1879124530,141.229889755628
1933601152,141.16122324324496
1434732715,141.14033308271806
1432936420,141.13302185002655
1880445213,141.09102234038235
1930971677,141.09005310426122
2092003205,141.02744391916963
1879151823,141.00266948901938
1933505515,140.95999281223396
1930155762,140.92753439434233
1880526407,140.8326800140595
2500941035,140.76845163436047
1930183927,140.57627520851162
2500991640,140.56146429443854
1879837990,140.52516233168433
2501439933,140.52497083749216
1433665610,140.46292667135006
1433874220,140.44968000322248
1932448024,140.41468131328665
1879768804,140.37546548947813
2501580822,140.31263841494075
1930219773,140.15355516289873
1930956663,140.05941855719857
1434421631,140.0511210728226
2095461623,140.0303004692
1880500503,140.02668926654326
1880450407,139.98933957777683
1433668467,139.96724263348727
1879224264,139.95712736366
2094679910,139.92042005813067
1931672847,139.68112003417738
2503768020,139.6512187395919
2096207992,139.62210135431312
1433229632,139.52362917504183
2503233495,139.44884235051808
2094698452,139.4283858778556
2091255017,139.42111122865498
2502445640,139.35976814532265
1932496917,139.3462745667291
1433481133,139.15080069216722
1930164047,139.02618027121812
2092089121,138.9582645530975
2093046393,138.85366249362664
2501670035,138.7442366289286
1930145571,138.65655255101632
2503656442,138.64191037857583
1433647611,138.49718066515447
1879776463,138.49374655966506
1434717217,138.4809479195466
1931610907,138.43318371739997
1930950300,138.4065989261215
1879822043,138.3950142576628
2092895693,138.27743519253036
2095336533,138.2492074475547
1879893545,138.14009459056498
1879137657,138.10853249110167
2091282502,138.08289513794315
2092022400,138.05475652948775
1879850750,138.0428872743847
1932568125,138.0369424651524
2092922295,137.98930622792184
1932441291,137.93619397868122
1878586385,137.88646108909933
1879876820,137.83456871863422
2091216573,137.81858303007792
1433714461,137.77916354523066
2092067403,137.75594441477256
1439371020,137.7552561549879
2092815062,137.70094846203455
2502103375,137.6485116463144
1879824034,137.58325549690548
1930152335,137.50808054497858
1930207171,137.4883223053838
2501810187,137.46586845372167
1930994542,137.4575741851827
2500104713,137.41402673891898
1427855105,137.29745012914302
1879838980,137.29154556532555
1879824454,137.27285121352244
2499211421,137.26469581612704
1433603622,137.23957120712484
2499826160,137.2196373888682
1879234602,137.16598107932847
2092087977,137.12266477224915
2095391795,137.03204581713217
1434532894,137.00715195467487
1879896024,136.89813684273005
1433063440,136.8750225661648
1879797051,136.85549548977292
1931648893,136.81630449289017
2501209342,136.80448526183892
1879243234,136.71015372229124
2095453721,136.5866460417119
2095414645,136.53646386295003
2502635747,136.52467151920112
2092043947,136.52374533511858
1880492085,136.49640425757872
1880451182,136.3502614658545
1432947320,136.34666090605586
1878596574,136.14292010599002
2095368143,136.1335298127407
1879156402,136.0306818923907
2092996530,136.0293591134418
1434066280,135.97830911478022
1879173404,135.86603728683733
1434595863,135.8021629808105
1931675414,135.79397604019053
2094629835,135.70609650398592
1434544513,135.68795094554255
2093878794,135.62841145880574
1933525097,135.56332968158583
1930248475,135.5369829020274
1879227784,135.5274626782843
1878576942,135.52088069462317
1879144844,135.49213146475597
1880501330,135.45898399740852
2092884813,135.44008975513344
2092780115,135.3522623506026
1931645227,135.352250202321
1930974695,135.31803795954605
1929306943,135.30430230582803
1878578191,135.24892457218283
1930950260,135.20762788036512
1930226141,135.18486172836637
1879241531,135.12031638582107
1930963421,135.1008839186361
2502532600,135.06780353615986
2095375077,134.9261911666592
1880540863,134.8695838275112
2499522487,134.84789196488506
1432785024,134.82935221436384
1434341077,134.67390374873366
1931633151,134.6039073740619
1434711685,134.5575888001631
1434585263,134.46898497762535
1930215614,134.45302361932943
2092903445,134.44652747397646
1432805264,134.42326877287678
2091270821,134.35026945120265
1933502477,134.34690980487423
1879134130,134.30956558358676
1879872902,134.28138156568602
1931638127,134.26627669353547
1434114220,134.26109332512263
2500780277,134.2350719013345
1879853647,134.21182754704742
1880494010,134.16991226711494
2093022531,134.069419271791
2092790224,134.0402572281933
1878602370,134.00361345887026
1930219040,133.99417237922813
1931657053,133.9212197812504
1880532272,133.8763644237469
2092958540,133.81762465128497
1880544771,133.7826785367005
1930948044,133.74874810484658
1433305747,133.74666134007163
2502850240,133.72359603035966
1930149725,133.7018884295773
2091214637,133.67621182901985
2500340490,133.645892912699
1879200961,133.46001929137114
2500682675,133.42774856506895
2092077323,133.40440427663955
2503862422,133.3935870263445
1427830533,133.36279975117603
2502441550,133.3228118601832
1932526457,133.2499565228267
1930239843,133.16845500079296
2499276117,133.1453676067661
2499480580,133.05378671210377
1929307083,132.90463732297275
1879138273,132.86403365066877
1879173071,132.86169078589253
1880428513,132.81801389919818
2091250994,132.7134405785361
2091252947,132.7129389933005
1878596054,132.66324246126226
1930158577,132.65951384427
1933491244,132.6246652882356
2502371533,132.5992844719739
1434426213,132.5537948345102
1879884724,132.4919937942849
1931658070,132.4903301056673
1932585327,132.47166114317636
1879136677,132.4087129839108
2092022164,132.40220998324503
2502955872,132.30411458734446
2501616304,132.30014795729116
2092053641,132.24625078722391
2499445673,132.16548439482563
1433609564,132.15346148503977
1931626655,132.1347458225496
1879140633,132.05834612307774
1439543974,132.05577042931807
2499493190,132.02591930932735
1879890132,131.9895518361843
1433595894,131.98196118793697
2503583390,131.97607841087796
1878604512,131.95096725070977
1433691375,131.84244790153608
2503473880,131.82654336831467
1879212093,131.79645579415592
2499238152,131.75688240471493
1931685907,131.75323580180677
1930195211,131.72242516313727
2092984265,131.65967491352058
1879126244,131.6505960745761
1432674253,131.61725551887253
1434263584,131.55104250626675
2095383675,131.50017972768572
1433631280,131.30792618444661
1930999350,131.29612094972512
1933521107,131.21379204733515
2499213580,130.99121534138794
2502822742,130.98192833532224
2502731733,130.96551900834885
1930247287,130.88696357915893
1433575465,130.8649523371945
2502269002,130.82556111267058
1930949072,130.80171788508576
1931592705,130.75092870402173
2095346133,130.73988198451235
1879151193,130.65449948949743
1932638224,130.62598160430414
2501034280,130.45082177152833
2502073210,130.41930491470907
2503516244,130.39879227846237
1879202050,130.36059229591334
1931594170,130.33848931320586
2503623450,130.31458907033155
1434119177,130.26229876442756
1434618061,130.1628417183643
1879849895,130.13394091062864
1879142160,130.09415740872308
1931658307,130.0517573038414
2499631330,130.038773794472
1879813020,130.00213033832514
1933496003,129.96888978606594
2091246714,129.91370623375093
1434771544,129.77486933392578
2499577440,129.7738300885082
2095378413,129.74552407340826
1933528515,129.67830075459608
2092790393,129.6508902121131
1433864152,129.60288943494464
2499703585,129.59530261225626
1879200502,129.5760354283245
1878581001,129.54503768513763
1432725934,129.43890538617862
1932556065,129.26075182692037
2502124400,129.21288000597139
2503626602,129.09326695326743
1933565513,128.93669738037346
2091969387,128.87573591806137
1434283474,128.86876095526262
1931003013,128.8349934099304
2093990220,128.81779521444852
2501277372,128.78077790867954
2503865540,128.72689806425535
1879232197,128.6678089447884
1427864260,128.60303607425917
2091237521,128.59673139095253
1931013913,128.59398636335334
1933577791,128.59266983358526
1931692594,128.553394532438
1934323725,128.52389746603166
1880536880,128.443052300006
1931654123,128.41871646389944
1930978534,128.40568521630948
1879839551,128.3748189563278
1880433195,128.2753537150784
1931693170,128.20449385787725
2096262830,128.20060618414897
1434029707,128.19947299173398
2094605064,128.19048099940417
1879170940,128.16407776144993
1434139611,128.1516020840114
1930209471,128.14645323678914
1930164227,128.12475660829548
1879189547,127.8825720712066
1879184040,127.62898489853903
2502048872,127.57902807468625
2092824721,127.51207751071193
2091205603,127.50850500568549
1933592057,127.50219524930264
1934302332,127.45807954807675
1433385411,127.45670970379815
2096227133,127.45398664186459
1879126995,127.42916197722913
1879146051,127.4209802919793
1930191663,127.38639676996816
1879880354,127.3455499780322
1931668791,127.30323595836028
2503731217,127.30308984811778
2502336984,127.30113238871634
2092815533,127.28691541894611
2501353714,127.18377667586729
1932498447,127.15412883357712
1932453615,127.14234893947624
2091973893,127.1206746252204
1930226962,127.04064597811875
2091275554,127.01229092069981
1434721137,126.99123716330276
2503800525,126.92918387564197
1930246545,126.92061343719358
2093882415,126.81256662416318
1439597407,126.79387419681174
1433070232,126.7752473527718
1434763932,126.77438053461957
2499846657,126.62445168010689
1930932124,126.57574068697524
1879130233,126.47226431365652
1931656571,126.4365878792621
1433668703,126.38080344448343
2499212230,126.32332944546495
1931667255,126.30735023152666
2092883075,126.2767027723552
2092979117,126.26159842158069
2091208623,126.24506662957981
2091998937,126.24330816650287
1879132554,126.23370063313351
2092763127,126.22146341791994
2096257452,126.21172374525636
2499835172,126.17972131811327
1434137012,126.16959192933241
1879844887,126.06639148400171
2503675931,126.06478477371128
1933546391,126.05936109618371
1433298592,126.05154735941571
2093960491,125.97504646916816
1879830417,125.97055033537336
1433935884,125.96692350079704
1933511405,125.90539106476334
1930947453,125.85911042872672
2500726004,125.84221009537701
2502178591,125.83354836230538
2500461237,125.8280699748874
1434507202,125.81871414244243
1930188871,125.68337354662849
2499721744,125.57538992212064
2501749142,125.51470334832108
1929304691,125.4350189396516
2095489837,125.27321615957155
1433518063,125.26223024230372
1930965767,125.15822899595865
2091204570,125.06194641624627
2092868741,124.85418639793417
1434639643,124.71006893532055
1427758353,124.70485147631223
2503110377,124.69832254329287
1879805097,124.60452996195922
1930212753,124.54611707115464
1880466291,124.35654024436964
1930170022,124.33806990325257
2092938840,124.23052557141122
2091963161,124.22134309927853
1879848224,124.19649545418643
1879860222,124.1488092156314
2503261990,124.06999313698806
1880490382,124.0624320098015
1932505485,124.03248474732843
1879903370,123.97702123229328
2091181713,123.97389742605861
2092857535,123.96618072521017
1879152674,123.945700411543
1930981352,123.94556718092171
2095370230,123.88624500346006
1930965995,123.88047205570962
1879135063,123.829239352409
1930216252,123.75428794354768
1879878690,123.7152520854926
1439414435,123.70927150395666
1930182093,123.53653791012192
2091976587,123.53392411616925
1434182501,123.52511065710013
1931588261,123.49107071909924
1434732514,123.47768344631082
1932522361,123.4404340468671
1931012665,123.43124724415183
1933514114,123.3914416488219
1879812904,123.38919422649455
1434755755,123.32451387478437
1931008083,123.24390990293738
1879128485,123.21126700731477
1930166385,123.09071476699094
2501965674,123.0822507460681
2500413904,123.05081999940302
1879801771,123.00144865021768
1433245247,122.99988234006565
2501384551,122.93170401442498
1930184464,122.8639042589969
1879790140,122.84465035623288
2091197941,122.83383525257211
2503718362,122.80436432967788
1931688484,122.73234637984908
1932548365,122.65862965423598
2502742444,122.49688416100496
1930163130,122.48796222391618
1879777673,122.46040512287382
1434536551,122.41812237960374
1439520395,122.4173189161439
2091955361,122.35950247008186
1434660360,122.16588270326876
1439451013,122.1620885791676
2092072103,122.15489123532741
1932620974,122.09784025977324
2502198263,122.08907715346992
2091276091,122.08622165548684
1879785245,122.0711465595288
1879882765,122.01560050008474
1433596983,121.94484832424726
1880442022,121.85184862623214
1434489412,121.81914699390836
1930211141,121.7379754770478
1933511781,121.72161989204542
1880479792,121.68588855422195
2499706400,121.56914690799717
1433711954,121.55741359662336
1434456800,121.50004391441652
1433943210,121.49109095808835
1439462111,121.46407607752411
2096185780,121.35358441276415
1434176520,121.3428943947006
1931677815,121.26675447611517
1879207284,121.08138866538502
1879857984,120.93656518282144
1879901255,120.86749985740606
1434193271,120.84169366460767
2501954140,120.84031123268616
1880500567,120.81291755740445
1434542493,120.76253184902451
2091982500,120.72454843333094
1932428662,120.69642168952375
2502046457,120.69028790772147
1880511843,120.67656004434207
2499205517,120.64758958198443
1434593852,120.53272864936942
1931629247,120.51289484073484
2095464937,120.43930454555004
2093867161,120.41553986154771
1879143957,120.40986216184736
1930214863,120.40373981610658
2502092911,120.40247812554686
1434564321,120.3593692390309
1879894863,120.29044452050505
1933501687,120.17216684691016
1931638773,120.16321492937213
2094695095,120.10009352577012
2499883642,120.08881160385066
2094602937,119.88857317060216
1931009925,119.86042649567551
1931588647,119.78530375821875
1434348073,119.74313403037158
1879139004,119.72553397910292
1930978947,119.69190635383599
1932552691,119.61680195711679
2093853633,119.56266070974225
1433693345,119.55043261354967
1934295907,119.52561663779765
2502329427,119.49149598215112
2091239712,119.40783808755485
1931006322,119.322644861773
1932563453,119.15783290963968
2501161275,119.157696220447
1432691295,119.15594914358672
2503480454,119.13904353301324
1879797933,119.04543707765528
1931679971,119.01141425768574
1879912241,118.90989061564052
1930196033,118.89827016328178
1880503964,118.84922857312851
1934311923,118.84117201460161
1880425242,118.81899370602571
2501952420,118.76151246328163
1878594043,118.71079908874158
2093881290,118.61477566001442
1439612393,118.47662276406362
2096185777,118.44011846662366
1433606504,118.41760527909028
2095467563,118.3314084066076
1879900004,118.30018601406769
1880443695,118.29364441826016
1880518163,118.27575571407839
2502586772,118.25364260003701
1879781792,118.15935835135961
1880501980,118.12663079382088
1879866563,118.11973932861119
1434228821,118.1012298059899
1879828401,118.04803511538613
1878577443,118.04019715251758
2095410027,118.03619912379924
1427785057,118.02834699078892
1931008345,117.94616837313583
1879234001,117.93392504588655
1930228511,117.91127747628873
2092045355,117.63045350926161
2500110331,117.57103477129326
1433742643,117.56569867770511
1879124225,117.48417054898853
2091203791,117.47289809798521
1930940544,117.40888836764663
1434275153,117.37355123544198
1433639300,117.36471998813512
1880529157,117.34027555804511
1930997573,117.33557516793712
2502078922,117.31292356760413
1932629414,117.13939826418056
2499241432,117.0622802858197
1439387340,117.05410964053756
1933578004,117.05397759676129
1879865763,116.98146960791595
2094641831,116.90541022250706
1439368315,116.90077663119737
2502691713,116.88039433423691
1879841224,116.80932877884955
2502909364,116.80652498284698
2500299700,116.76523798246544
1439459871,116.75351399909584
2091270412,116.74449933560882
1933590363,116.67390966099767
1932462435,116.58917089806346
1878603625,116.51411826403573
1879136302,116.48138714633254
2501536430,116.43639944721093
1930183377,116.40570469518167
1931618645,116.38461860965025
1880434772,116.36393484844666
1933544141,116.34031669125733
1434066772,116.3277955641046
2503767942,116.24493386676619
1879908932,116.19925635194254
1439506484,116.13797217252515
2092815833,116.13518728578597
1932648625,116.09129518371365
1434138737,115.98530009941729
2503797092,115.93205218363089
2092815185,115.92392059398526
1879187595,115.91123116417053
2092918875,115.85753108837167
1434101331,115.80719298931028
1878575471,115.73014386378848
2501760072,115.72134968481254
2503351750,115.71090749377792
2500857540,115.70619755594824
1933509284,115.67638758470504
1434553561,115.6535722382795
1433478450,115.6176450277346
2500398013,115.61171857986801
1427716985,115.59973565541021
1879840390,115.59362296033136
1434643147,115.45924783865306
1434203610,115.44672938627201
1433685875,115.40498666216233
2093018290,115.36368040416791
2502479894,115.35764166851862
1878596620,115.3491974974583
1433302311,115.32728222910697
2094582245,115.24862548961569
1880466722,115.24583251989957
1932526717,115.24175397527189
1932500584,115.17664135569392
2094676253,115.1400022199342
2095337017,115.10323303062808
2092995194,115.09191871406327
1931639725,115.06603615680004
1931649515,114.82830499461562
1930939995,114.82748854780212
2499511530,114.6961194125681
1433646237,114.5778203907967
2091261215,114.52465390794345
2499266922,114.39619051551934
2503823792,114.34579940100033
1439551730,114.27755680156514
1878578405,114.20875251649055
1434447807,114.19800782166816
1933540517,114.09697503076376
2503803340,114.04731248744878
1433596194,114.01556066720241
2501852257,114.0103965662068
1433959054,113.9582729316568
1879187432,113.90313976938472
1880519011,113.82664661728504
2501886235,113.67018127534918
1931592542,113.57739405064906
2092093090,113.51264261271612
1433658445,113.47993675458719
1880459165,113.45862804992929
2093956093,113.41557649194256
2503472983,113.38722097690182
1434730644,113.36776106685728
2502535787,113.19773384124514
2501252461,113.15742882652417
2095399021,113.12486544012287
1880451887,113.10867588322996
2094632757,113.0862201784804
1433845555,113.0811511100037
1879130773,113.05482713401811
2092825207,113.04159601440325
2091949687,113.0386218781287
2501174514,113.03099375553897
1931670954,112.95624623242924
1930172921,112.82758696278911
2499784602,112.76248910688075
2092864580,112.76179565850163
2501655084,112.7481166997267
2092836355,112.74673987476226
2501670285,112.73251998883408
1931670622,112.7262009472261
1434596923,112.70791462750533
2093991530,112.5959667651041
2092917647,112.58532833668622
1439626837,112.52307277534645
1879856112,112.51501233777758
1932584891,112.50798557496532
2503575883,112.50684571651267
2092033437,112.50203114387769
2502168854,112.4983647999835
1879128395,112.33211148462246
2093962521,112.32908593298853
1880443285,112.32685341193077
1434642151,112.29843442968422
1930170303,112.25613342883916
1878581232,112.23649346673182
2094560147,112.20316236813704
1931028585,112.18837678372132
1433601890,112.13927944003633
1930253713,112.06872939470891
1879191701,112.0660955300645
2091264891,112.00047749670513
2092876215,111.968007115012
1879132835,111.96315005758926
2499764350,111.91236680508044
1879175861,111.86978946128391
1433399264,111.8225561107497
1930198160,111.75695524976385
1879841014,111.40124927115613
2096252547,111.39604594543243
1930180307,111.33137703952593
1879150034,111.29876056515536
2501680722,111.27618789616177
2503647720,111.22936970820021
1930162385,111.21196780213526
2092892404,111.18889622767398
2091210800,111.10817162149478
1879847300,110.99473243433462
1933549843,110.82104774802836
1879832410,110.75711175428327
1439345361,110.67210491067785
1931018977,110.66643892901415
1880497102,110.56761608389358
1879174594,110.53813488218985
2503560890,110.53181490920771
1930966837,110.33159695461279
2500146585,110.32742339458314
2500174005,110.32316700262689
1930148975,110.3058550724513
1930973831,110.24140135202015
1932541935,110.22359974080248
1879223875,110.18235649758684
2501965622,110.16616347836995
1932499622,110.1642240094827
1434150537,110.16019995223883
1434022643,110.13600604916428
1879771057,109.96978646207435
2499290194,109.9416490351276
1878593964,109.92230130992773
2093066435,109.91505264881545
1880433130,109.90703289864885
2092814872,109.89450579041632
1433385627,109.81476636332168
2091998194,109.78821536608801
1879894060,109.7699426432686
1433903955,109.7460498021134
2093864421,109.7269824383849
1930207255,109.63137119419774
1439377027,109.60599185170345
1427616882,109.48112677859066
1930979700,109.46970254234135
2502471393,109.46689138368723
1934295335,109.43724293372797
2499236320,109.42913475070905
1879883554,109.33759694588748
2092922035,109.3205677391697
1930149441,109.26338425541545
2094619862,109.16873101319784
1933561427,109.15416835680661
2501440053,109.10546372717864
1879202903,109.09054194109805
1878584581,108.95384722064279
2502307687,108.90721763585167
1930969505,108.8495721974389
2094655364,108.83420551460792
2502452763,108.79285425875244
1930204572,108.75714206024357
2091996213,108.70022779255389
1930245992,108.68633034589888
2501479484,108.6024902301626
1433646922,108.56732386022851
1934307724,108.56585796372747
2092925991,108.52816838782653
2500416025,108.49634467358256
2501286622,108.4149671961104
1433135800,108.31171313842802
1934297260,108.19651667027046
1439532923,108.19597397303643
1879867475,108.1215365568744
2092835431,108.10978299473193
1879815392,108.08696994868197
1434744771,108.02111151254306
2503041264,108.00226434622421
1930141241,107.97284219360736
2095453367,107.93161748515186
1879843151,107.90772145196357
1433713134,107.78506374766448
2093000957,107.73743115024944
1931017185,107.70913288271858
1880470582,107.69411250208577
1434618582,107.67673613158708
1932544583,107.63371423216623
1880476042,107.58597706717623
1880483405,107.4582075811545
2500203413,107.45003349104479
2093919637,107.37903097322537
1879191871,107.297467863784
2091204184,107.29024168477736
1434504367,107.237234332944
2091250091,107.22271492609443
1879133002,107.20894882764267
1880543295,107.17499036695888
1929304267,107.08954301404393
2503589982,107.0592697270532
1879167103,107.05315947807453
2092763133,107.04429817833196
1439502590,106.98275792969072
1434426421,106.98110221166188
1878580004,106.9698464647274
1879147780,106.94274429659991
2094568234,106.9344550093065
1432954130,106.91900618328135
1433230401,106.90709356747855
2092052657,106.83056016077072
2500645250,106.75667091080632
2093877881,106.63815145077892
2499670265,106.53114328416976
1433072795,106.52973372016768
2499895204,106.41628597032565
1879769734,106.41085310647065
1880474951,106.37999968479284
1934304167,106.36664899861925
2093978867,106.35852013877356
1930238760,106.34387977681962
1931614801,106.33527137887978
2092030383,106.26234789767847
1880504060,106.22431668908904
1879151935,106.1879227227674
1432663931,106.14821519406432
1933498845,106.12692929414891
1433066175,106.08524187250997
2503605640,106.02808042833718
2499494677,105.98439672357657
2093089071,105.95720565063229
2092849515,105.94006336768791
2095474875,105.87091889098711
1879804230,105.86093295957083
1879199610,105.85793601164605
2094671381,105.83580917095173
1879903515,105.74945962799795
1880535191,105.74590063735064
1879811904,105.719684281791
2499760460,105.69009243571116
2502160832,105.67137329373067
1427851377,105.609330068016
2091228570,105.57308078342756
2091191752,105.53651426854147
2503931324,105.39620046692308
2499664711,105.39255469515197
1879791110,105.3104327770579
1427900227,105.27825165570452
1879802107,105.15105030748502
1879204481,105.11402357522503
1880426505,105.09497529169722
2095406713,105.03223493067892
2499255137,105.01244221414086
2501037812,104.9269055174096
1931679622,104.90720849116795
2501953380,104.88748524795729
1434282653,104.86200188969785
1879189505,104.85166154388284
1933525414,104.66815895538606
2092940467,104.6678047415986
2503478215,104.55993737172477
2092091702,104.5267401571293
1878582551,104.52509701024931
1933532702,104.52247825548893
1433353080,104.49538864443112
1433378471,104.44708712207486
1879192453,104.43330152260967
2500383762,104.40567520298242
1434419591,104.39693119681529
2501943412,104.38316070319665
2092818393,104.29623548251615
2501272335,104.28736323142074
1933521987,104.28671723769591
1933568613,104.28062774263331
1930221823,104.2757568062977
1880527400,104.25750746691448
1880532087,104.16730472101031
2092789061,104.1408200870516
2093064593,104.08892579419468
1879167280,104.04711877756576
1930954471,104.03025284290112
1929302403,104.02084930347097
1879161730,104.01198860493454
1879234880,104.00073514970835
1432616984,103.9993759216164
1433059564,103.96064951712225
1433521667,103.92308079915199
1432735085,103.89978898771857
1934322781,103.88844371325712
1879768104,103.85224662421317
1880535341,103.7993825463136
1427743413,103.78641818991838
2501244310,103.7553199819612
2501385830,103.73389099282899
2093937191,103.70904482013083
1880534613,103.6044041725525
1432836790,103.60173350668104
1880443441,103.54181619716373
1932634004,103.44832289768871
1433310914,103.44610715338196
1930140375,103.41709611948362
1933491181,103.40423562400379
2501004621,103.38333357455961
1934313973,103.2805486282817
1439482777,103.21771336561491
1879789243,103.2030642334146
1933548690,103.13137616551165
1434380940,103.09934840494908
2501665382,103.08552271231879
1434096183,103.03052635164366
1931646343,103.00910803275227
1434502651,103.00169876102514
2499534042,102.78485293597826
2503066912,102.73997781591113
1930944465,102.68614545808761
1929317197,102.65296939407091
1930232087,102.5666084298494
2093950760,102.54912204434889
2096257231,102.54786130219658
1433032790,102.54307743133153
2501439690,102.53315922863008
1434282604,102.5137131800866
2501789540,102.46845564898035
2502022884,102.46516924894397
1931643020,102.40009844087783
2501524180,102.36187617733299
1930148371,102.2507392547286
2499595081,102.22566481878292
2503520765,102.21123906811005
1879204733,102.15662897666014
1880470220,102.13549937228046
2092999530,102.11102040098652
2094559220,101.99218301760796
2501313312,101.96103035465288
1930180122,101.92256814652094
1879845963,101.87538974284256
2092847721,101.8723274431713
2092064013,101.86079243172901
2091251351,101.85169904277335
2092939483,101.8084011356828
1931026657,101.6317468593231
1932470601,101.52415649351083
2092050097,101.52274325434703
2096248911,101.50897042493196
1879241787,101.50859987852876
1879133105,101.50079901396396
2501820164,101.50028735325662
1930948903,101.49962527768619
2501607020,101.45549466203002
2093986285,101.42169668211974
2503018191,101.3425113567028
1432780360,101.32814019626402
2092970917,101.32172919840437
1432725760,101.22589845419434
1427871170,101.16192512599814
1879843600,101.15919990215211
1932446255,101.09823376570785
2093895642,101.03093355344882
1933591323,100.96339520508779
1879176392,100.96251466841535
1932542115,100.96089613881388
2091997493,100.93491172757979
1878579107,100.93231625233423
2501397475,100.91139135042751
2501972392,100.8981802042689
2091265383,100.83900315027219
2502316690,100.81175615038032
2500522135,100.78004279090487
1880427535,100.76853852348052
2502530682,100.74069526772467
1880461842,100.73778545594526
2092041122,100.73593452090553
1930970873,100.6771068328986
2503652512,100.61122515667127
1434199081,100.6058543618902
1931671902,100.52842448722227
2091233253,100.52821277431568
1434117060,100.4746131518984
1879774441,100.19882529411039
1930984960,100.17654848208774
1932452561,100.17064217924256
1434624161,100.16767154444838
2092067001,100.15462240026199
2503892540,100.10582633547777
1434143190,100.09797225332794
1879886614,100.04645060090002
2501282453,100.03424433028276
1880520570,100.02761117738237
2091230723,100.02159726612055
2499573814,99.99405158682914
1929309203,99.94498361524425
1433962915,99.92511585031095
1930175220,99.8958643818364
1439430370,99.81490984590216
1932449774,99.8115554054835
2502486533,99.7791165103285
2095456460,99.73349764996169
2501745235,99.68523987712119
1439316504,99.661527600066
2503383480,99.65794399921569
1879878254,99.57641139787803
2092073525,99.5432462108484
2094676837,99.54128512344187
2091289171,99.48691063646622
2502200612,99.47860306988524
1879189664,99.39467254483957
1434424964,99.38970529367762
2501324530,99.38310637995018
2501984814,99.32168881301193
2499815750,99.28744321117179
2503819272,99.26116780588691
2500243043,99.20960592594152
1879837111,99.13703346745712
1931660912,99.07613594468795
2092029500,99.07545521669012
2094594650,99.03570756394834
2502349134,98.98701804007095
1434720681,98.95189741534533
1930241967,98.90871419613035
1427603313,98.88031125295653
2502551467,98.77416045413108
2501894420,98.76031200504376
2503278492,98.6325358870201
2093867465,98.60509100960384
2502106120,98.55188343209848
1880459891,98.55149788623963
2501846295,98.47738301738771
2501332567,98.4571747767666
1432804503,98.43797139042196
1879166127,98.35521087284864
1434420062,98.26445146273943
1434541951,98.26367074099666
1931612277,98.21288647943416
1433277800,98.20145624897401
2091954860,98.04743034144462
1932513320,97.96517585796951
1427733671,97.91436690948844
2093029673,97.88431867632245
1930948532,97.8691736237711
1879225765,97.79760356886943
2502365924,97.7590050282463
2500953563,97.72716366839894
1427699837,97.70391978440078
1434345395,97.63026547687417
2502498080,97.62065544781773
2094623895,97.56020738091101
2091989041,97.56003424520354
2499463584,97.53761406085619
2503873401,97.51891993269612
2499412165,97.47361576929818
2502496910,97.45586790882928
2092944627,97.43293537677229
2502366982,97.41962563339733
2092943774,97.37539820824887
2503535262,97.35262780504196
1433804030,97.31872552696738
2096238157,97.26487491070962
2096226313,97.25306296396822
1879160491,97.20089207478469
1434388940,97.1431321932663
2096216827,97.11327853097157
1930949627,97.10128177982104
1434178744,97.07738477718699
1879847921,97.05900843175716
1931593950,96.90274670611751
2096268410,96.88453478898496
1433625632,96.72091984225959
1439358541,96.72061455953865
2094694375,96.71097294946642
1433237377,96.65587343995011
2503131957,96.57846061960768
2092019887,96.55591811923495
1427854112,96.31314992160087
1879796211,96.31140616216139
1932517774,96.27130414166999
2502577127,96.20611456115839
2091976697,96.15451803590818
1434173303,96.12732395473553
2095422492,96.00598752749795
1434566994,95.94811926910988
1433390473,95.92600706821607
2096272905,95.87375677334491
2499732414,95.83394139876715
1930944872,95.7505362864505
2499459012,95.70419263198421
1439422443,95.68684670596782
1879152222,95.60893671987995
1879811431,95.57184706467511
1879810105,95.51477422814291
1433999665,95.47203120861913
1930145635,95.42526649689549
1931639727,95.41606972154612
2502167824,95.31592161984432
1878601113,95.29870178690128
1880511060,95.29810333527203
2501159280,95.23068730019617
2500266107,95.20730702479409
1930958424,95.14113564710098
1931026637,95.13935355163989
2092775241,95.08363352712574
2092851002,94.95306861923603
2499491592,94.89850751288688
1930936075,94.83865220690633
1880456120,94.76894733254696
1433228560,94.64667607872974
1931022651,94.61443096677867
2095468952,94.48371128220052
2501899404,94.44069007553644
2092020053,94.42293168792841
1427602503,94.41406815444904
2502401514,94.40206195347604
2092926110,94.2960520269701
2503381431,94.21702960505138
1879165430,94.20496593215714
1432645403,94.19817050438473
1930198071,94.19391252241647
1880456851,93.958248486101
1880466211,93.8795978030036
1933567755,93.85185282624565
1930148957,93.8461711232193
1931010185,93.8319679497135
2499547555,93.82195910743576
1434767884,93.81340653875327
1878591313,93.77473975393842
2501605592,93.71305000852799
2093079835,93.66749597638116
1934311760,93.65991851733736
1931654175,93.63590049973378
2094677365,93.5912548350247
2501172514,93.54622194176876
1879167552,93.46322452300109
2092846992,93.42854631592411
2500881744,93.39472726260648
1880479080,93.32721457556445
1434198271,93.31935510814998
2503180127,93.30451753934818
1930981985,93.3040452608211
2096191451,93.29642095021555
1879188362,93.28261044268734
1930242275,93.27200937328612
2503620760,93.17323571223487
2500185220,93.1340102428368
1930148717,93.12285778753166
2500552377,93.09927053421076
1932456487,93.08259453310404
1932651784,93.07122457384659
2091955322,93.04754681352343
2499563234,92.88988800134565
2091235064,92.82087715678819
1433555144,92.81825331281983
1434289237,92.7435388485671
1931669875,92.73911865122646
1931592151,92.64639041440185
1434452853,92.62339376844562
2095367872,92.62011427541451
1931695150,92.58589425622942
2502294542,92.48315325942393
1879774782,92.46325107335024
2093867494,92.41982476534413
2095488793,92.36450720802512
1434461050,92.35005650620155
1439411150,92.13809405385345
1427751511,92.11475860250297
2499843982,92.08130992307197
1427608695,92.03520044979905
1879235277,92.00488348133386
1931681182,91.87417138555298
1434088937,91.8404150645235
1879187742,91.83364223116868
1930228834,91.73642145147976
1879911024,91.7073785560766
1880522272,91.69279798084895
2093900827,91.68634530041939
2501690592,91.61087498312308
1932591893,91.59853314386712
1427593641,91.59816936542892
1933519427,91.52946329720842
1434544483,91.4507087067137
2092920133,91.40853585900646
2095391671,91.37718897421911
1931622151,91.33232270167404
2092820791,91.3306708927708
1434758281,91.24663593955147
1880538780,91.2180074215794
2094562911,91.18367686215991
2501430114,91.13911417986891
2501703010,91.10152651928844
1930988275,91.09383483766898
1880532025,91.06039637978691
1934315867,91.03242456713575
1930162171,91.01740194185253
2501295122,90.98220586800244
1879164687,90.98058646370039
2093931387,90.97951376385855
1433265597,90.93644881999053
2092804167,90.70863138440335
1931617721,90.64968393150274
1880512672,90.62600807815879
1879143117,90.61033404192393
1433852991,90.60413899009251
1930149945,90.51857664192721
2092043787,90.50728009313355
1931670540,90.4107425197305
2499651060,90.07779423281514
1931648751,90.06295198428103
2499441700,90.03667411468288
1879882734,89.98772393108523
2501412120,89.98470836246979
2091248795,89.93185810463726
2091184465,89.91787182864178
2501011200,89.86444449703136
1879134031,89.77116274351937
1933513035,89.67358499026416
1932455594,89.65001378429255
2096203591,89.59300585139965
2502421872,89.57569176209802
1879129987,89.57551442510515
2093891965,89.49629311238188
2499479641,89.47367419025906
2091264563,89.45166011824227
1930200011,89.4471802349726
1434734410,89.406435561717
1879203637,89.38432275342477
1879145085,89.35275243225524
1879841305,89.33888842518925
2502895124,89.2636234222307
1932642990,89.20268966683618
2093947391,89.18804812873219
2091216905,89.11504587692538
1880518477,89.1124158493645
2092998852,89.1003466901277
2501859655,89.0648097656968
2503084312,89.0449305644648
1427590831,89.04267321509309
1880505813,88.94852474958552
2092822234,88.89094951394686
2093970330,88.85872232433809
2503469850,88.7962629172693
1427591573,88.71372083834018
1880518065,88.71093241672432
1879146780,88.69651707700758
1879793421,88.6725250493031
1434125854,88.63927325741467
2503868812,88.61936896121853
2502943922,88.55250705113578
1880521572,88.48769615406165
2499242150,88.43988469217612
1434559965,88.43166633529222
2093083860,88.42515078151521
1879893423,88.35654396803731
2501003480,88.11165880081427
2502160831,88.02523877298464
1434224355,87.93337610999455
2094697551,87.9009083935305
2501234240,87.88546687767536
1433730470,87.85682308783115
1433496890,87.80757736480959
2501220240,87.73826123457067
1879139463,87.73678852363932
1433242512,87.72504590554391
1434477690,87.71694029979835
1879872130,87.7053996233197
2503846183,87.70139709997821
2503761563,87.6229711271992
2094633823,87.5715294038392
2499252610,87.56576813130897
1879159590,87.51785435226734
1933511611,87.51719298246421
1880494383,87.41981400849616
1879908332,87.4143394666325
1879905101,87.29297155820127
2503498813,87.08742818875068
1879875315,87.08217556738529
2502139984,87.00957354926094
1880438183,86.96466207305478
1427864321,86.91089702137658
1879211305,86.79896557722904
1880429174,86.74287805605992
2091209730,86.73635654703455
1880425094,86.73324297309374
1934323135,86.70493079590041
1880456420,86.68282903382686
1433144245,86.65071517641228
2503717070,86.62395823976354
1880502085,86.59086037114372
1433466462,86.54487885125418
1931688311,86.42932671154225
2095339303,86.42625785540763
2092858925,86.38566863814789
2502447625,86.24494515141278
1930189123,86.15833119802073
2094626040,86.12281334413099
1930193667,86.10732897627616
2091181103,86.08423477360732
2501353045,86.0152448069229
2499590492,85.96308966394682
2499225250,85.94528598775585
2093917370,85.84866390502667
2502675011,85.82774017226893
2500200731,85.67569866803034
1879150955,85.64293348353856
1933593281,85.60431502232902
1433875892,85.51973944412839
2093061554,85.3641485225455
2502892431,85.32210599713244
1880452447,85.22628491669734
1434269131,85.18460087009181
2093880161,85.16781908453373
1931694330,85.13475582272136
2502015954,85.12289962534125
2501962860,85.02378370894374
2092007395,85.00643665912015
1880455814,84.95972161195658
2502240043,84.95254035254682
1433399202,84.93300747288924
1934322437,84.90431330990577
2499380584,84.90166262797344
2093898481,84.9005022750876
1427757742,84.67319514370762
1879194917,84.62082243675594
1879807672,84.60233660455626
1930966635,84.56016162680204
1930958281,84.49927434039346
1933517301,84.32267637112207
2092002925,84.30468497603191
1934313423,84.27678908615005
1427835531,84.25842250112692
1932566162,84.20687787707224
1934312607,84.18926778147681
1879154217,84.11271907047043
2092823411,84.00618431201752
2502668945,83.84750360732684
1433673030,83.80714418436766
2500706622,83.80051074493518
2502580220,83.66967021982867
1930227733,83.6352261231442
2502831002,83.47965174488128
2499318605,83.46092122628833
2500168913,83.40085199614812
2092756995,83.39136579083004
1930254163,83.36988148384519
1879203007,83.2948526193093
2092803667,83.2948517286349
1879890827,83.28350979867085
2092857115,83.26580889692623
1880472232,83.24084683899608
1434704997,83.23104440023334
1879130405,83.22188935060278
2092897401,83.1842507166523
2092867693,83.10027844340877
2091269851,83.08398427414905
1879184551,82.84053633073913
2501248034,82.80488007113654
1879168340,82.80380865776748
2095432555,82.75378648346779
1933564873,82.748271515495
2092903047,82.69471871625002
2096247613,82.67775367638417
1931691605,82.66157230698191
2092794371,82.65494914115419
1878587204,82.60060157675889
2500320512,82.58690727659877
2500953042,82.54472274179334
2501052660,82.51998651345357
2092896924,82.51000567694062
1934309274,82.35218911025852
2095348484,82.30574513844641
1433560783,82.14218684384497
1878594980,82.12505257692499
1930226091,82.11644424298234
2092842581,82.1154956372612
2500600360,82.07563834993776
1880507192,82.07299573898207
2501303174,81.85441171147421
2094679580,81.83088428863407
1931008920,81.778524607176
2501016302,81.74617992681216
2092933560,81.73289159519682
2092803773,81.730528065863
1434375872,81.71271962299849
1434604293,81.58694618384956
1879813224,81.50859613910173
1931664034,81.47036184299915
1880503622,81.43966292964652
1432724711,81.39847577146315
2093048151,81.302691929192
2095452473,81.26098857034525
1434040484,81.16357457076047
2092921772,81.11888269927886
1879820723,81.05508045640157
2500155602,80.98949367612873
1879217593,80.98028239210008
2503079482,80.8195658645594
1931622735,80.78026735593909
1878584853,80.74266327909152
1933565622,80.70564629900646
2093906730,80.6285289939946
1433210537,80.61936603168039
1427592300,80.5861919662756
1930237825,80.54808715106418
1932482801,80.47254937423541
2500217594,80.40347758531738
1433758735,80.31209915564725
2092882041,80.3031450597437
2499232403,80.27915747657624
2502828810,80.22968212364796
1931601770,80.22337781188689
1930931277,80.20770306440497
2092083621,80.15443714686417
2499433780,79.95321020720984
1930186090,79.94569339219336
2500895977,79.9322377466867
1930951603,79.71441401555983
1434682553,79.6434104180147
1880517107,79.49330985099884
1433355884,79.43022274948041
2502068934,79.2552028701732
1930211353,79.15015766330794
1880505975,79.08976935770362
1427718241,79.05649390903632
1879183200,79.0051493144193
1432895575,78.81911291776123
2503588042,78.8147131976902
1434285184,78.76436799199155
1879911341,78.7287510144377
2499289927,78.56097597530548
1879180713,78.54498584714617
1930983443,78.53165925849167
1932427615,78.49095511937858
2499257310,78.39591721482557
2502935580,78.36336749338169
1879153543,78.33923048592166
1932459477,78.23674825453264
2502479774,78.2205386010791
1879227964,78.18140584476149
1931638380,78.10967028980151
2499480752,77.96798858139952
1433368557,77.93822785165173
2091288993,77.85739207508539
1879167022,77.51654999415496
1433578515,77.4015372055677
1879220504,77.32523632200053
2502232464,77.19424707543574
1879861867,77.18324060041037
1879884332,77.1425413506339
1432718793,77.07383682131542
2499628723,77.02386380117005
1880541811,76.94438387856088
2502053444,76.93284334132818
1433039047,76.81700856955261
2499731124,76.66168404409018
2502822723,76.661464243801
2094577274,76.64570171103414
2501496503,76.57262409394497
1880491662,76.55702562221055
1433163723,76.5499878753516
2499215295,76.50928945441076
1434605320,76.45509875998924
1931006010,76.44795649330105
1880442072,76.44724644069083
1931608205,76.44347957652057
2095477823,76.42559748941409
1932459814,76.35518332549944
2500406050,76.3472670288739
1879789970,76.28038231353379
1934322373,76.24636616692169
2093867111,76.2369620599303
1433138330,76.2053508714043
2091986131,76.09794907606978
1434362572,75.94769474197821
1930970327,75.9414048492168
2092863863,75.91368900136209
1432974172,75.90196346111509
2091999621,75.88138794432885
1879204533,75.77944909271977
2500904052,75.77791769970366
1433043994,75.74000097637648
2502314732,75.69138346534884
2091954005,75.66233805683125
2093922244,75.58917969999717
2503567480,75.58513499358298
2499278570,75.54767106931459
2499459190,75.5307405263644
2503035440,75.46792490878855
1932625971,75.45993442014401
1879216587,75.42644319893719
2502371055,75.41131777958988
1879864903,75.36984802832698
2096265992,75.30462615763278
2503005447,75.28248030743981
2094630197,75.14627177484877
2501135384,75.14170696058461
2092872953,75.12164889101572
2096252302,75.0519459130915
2502021250,75.01073698600393
1931639737,74.98640138391143
2503303150,74.9270927895402
2499281561,74.89556031396934
1434410281,74.86395721487307
2095363637,74.85208631874916
1433857384,74.83850683462248
1932639421,74.83349009592854
2093915881,74.72547575242329
1879172017,74.65848217141284
1433579144,74.59291080403861
2092756274,74.57028228723242
2500991562,74.55067272716977
2503630092,74.42183085315307
2502447274,74.31703644448822
2092010880,74.29748636293337
1879902534,74.29291934089339
1879177731,74.27663718817888
1880507674,74.26607352690876
2091968342,74.12462605639729
1433751803,74.05070052224283
2503245234,73.98321850437827
2499264150,73.98194549988435
1933511965,73.92204918768387
1880507833,73.8459756287586
1439483001,73.76064432057998
2501997684,73.73379774559132
2095362597,73.5081051115839
2092811361,73.46176379200205
1434731981,73.39749518025087
2499756682,73.37401881082411
2499427594,73.35504207723316
1880475155,73.32921085750161
1433142511,73.31347189781076
2092012817,73.01133742621715
2092866067,73.0005234750632
1880488502,72.84238940379265
1879240773,72.82762251961013
2500211607,72.82135097414009
2095432621,72.81720143491333
2093027000,72.79789026728167
1930213147,72.64360212050403
2091969695,72.63003288569787
1434711242,72.51386657400246
2092032314,72.45964519851552
1878603547,72.43761006377322
2094640780,72.3396095254117
1933513103,72.33096048475497
2095425003,72.2719408937755
2499761712,72.22569582876952
2501869350,72.12913498333084
1433993833,72.05499168521862
2502950784,72.01412045807001
1880537700,71.51526074361526
1433657347,71.50702765548752
1879213093,71.38852699888963
1879876312,71.35033635976336
1880506252,71.22602525246636
2095378004,71.20095778010827
2501585892,71.1260037221158
1880426610,71.12311715007714
1879165147,71.04598799620909
2502895320,70.98630293466101
2093926101,70.95823068648636
1930214073,70.78314831026117
1880494774,70.76137129923079
2503564502,70.75672886280584
1930163967,70.75287834603097
2091984675,70.71673964099324
1930243203,70.6302387663439
1878592927,70.61615669209264
1434243861,70.61282002218735
1880504602,70.510982690625
2093018750,70.42941650482503
1930148211,70.39877353707642
1434642433,70.31496119749913
2091198004,70.31211335065531
1434190651,70.28978165364639
2093962151,70.08466281230871
1880506000,70.05131505155383
2500424603,69.96856824920954
1879220321,69.88216363810012
1933582313,69.85167958508447
2499655780,69.80370166277447
1932444564,69.7693375938793
2092076261,69.72416786913703
2503212142,69.6947749580662
2501137482,69.68218505496783
2499226087,69.65398693928145
1879768393,69.65026828838795
1879861984,69.64228961397346
2092013871,69.62919595171337
1933525430,69.62031402600064
2096191577,69.52272569195851
1433032465,69.5212918088084
2502443574,69.40286408329116
1932494700,69.35443101116648
1879774574,69.32475365563764
1933597017,69.25886108780563
2093978254,69.24504924180133
2096199951,69.19585274858022
2094696493,69.19105879374838
1879903004,69.11551117135936
2503380480,69.10093070160075
1879783072,69.07975271692973
2501492133,69.01079137171783
1433174390,68.76019140815043
1439370650,68.66332116821386
2502636873,68.45614068712067
1879807004,68.27467676657562
1879881704,68.21930484870967
1930187851,68.18866555536802
2500128913,68.10353695709166
2091997843,68.09684641121471
1433504873,68.04670182901592
2095413343,67.92625670116684
1880544807,67.66260202832892
1439596052,67.57390041838704
2093917913,67.5087993080404
1433739244,67.41157770560332
2499388704,67.40047382903408
1439498664,67.39205885626424
2503380151,67.37518175563436
1879155530,67.26922388887608
1879852660,67.26205420643969
2500298964,67.2542595497634
2096269170,67.252807886381
2091990075,67.24418280696477
1433033120,67.18421396956273
1433304605,67.15361031182407
2093086902,67.14256152360967
2092049037,67.14127590017117
1434483330,67.07469865937988
2093092247,67.05027495331204
2501308223,67.04141121598296
1879823051,67.04078335828122
1879141490,67.01276674647312
2501069352,66.91136530604439
1433368312,66.82900238938296
2092068657,66.82291255338676
1878602162,66.75238428207926
2095430435,66.57518335356534
1427592465,66.50579801423659
1879829462,66.42961666962354
1439497600,66.33789069837792
2091988133,66.3120970847127
2095366027,66.25212698605347
2091271812,66.23052475978332
2094593862,66.209851294785
2499399392,66.1829388586957
2095356013,66.14647184284917
1880501890,65.94383354581295
1434177157,65.92773901819702
2502648425,65.9203019501112
2499323777,65.86060063339248
1879210305,65.84735056220985
1434093435,65.74635440231827
1932625944,65.74591926658721
1433653314,65.69314154582842
2503711534,65.59508394899548
2501626682,65.56503045148229
2502348787,65.41541717385323
2499688291,65.41447720665519
1433483257,65.23601323880476
2094694511,65.19285165794368
2501810390,65.15157040952384
2499596977,65.12889787046909
2095461514,65.12741337762125
1930139031,65.08102309714698
2499565614,65.04934343507956
2502503880,65.01780498990264
2095405365,64.99885052364387
1434557285,64.93610563772411
1933516095,64.93508291297937
1439545115,64.83162817162528
1930971255,64.81346840277149
2502365680,64.73199870568517
1931633462,64.66968201196453
2502930653,64.55733486777743
2096252117,64.54870439789508
1879171964,64.48010626073999
1880538765,64.46902076002522
2093905824,64.45578986359669
1930209777,64.41284467793974
2499557423,64.13426364001668
2092821731,64.12684379238534
2502464201,64.00754692063414
2501978697,63.97173077759621
1439584702,63.874657793809824
1931686017,63.74952665352622
2095434091,63.663547987995464
1931676065,63.6137683204507
1931609357,63.57091070646781
1933536361,63.554519834938134
2093078171,63.428163931138464
2501024594,63.18546085799753
1879795537,63.04281733745766
2093049490,63.02922303693342
2501508910,63.01753930462911
1930222963,62.75265557553171
1930174177,62.58352175103984
2092775401,62.568826961719815
2091198994,62.52450327267006
1930994552,62.51892127902853
2093014723,62.472870323308506
1880483622,62.468017354801454
2500276083,62.290073342992386
2499360415,62.24910895616659
2096243505,62.23228569088499
1878583115,62.203211337258026
2502282002,62.055112456955115
1931618811,62.001104334651366
2499646710,61.973667618990476
1930953321,61.89013444373879
2500959423,61.70541032009145
2092837295,61.66632017210762
2502859053,61.66012329668096
1879199295,61.656641014899854
2499503285,61.64730222967578
2499323951,61.51964723354892
2501846864,61.39260442643549
1432947450,61.319233722051806
2093858462,61.271730665270425
1930976177,61.14621962601277
2092081557,61.101338202087625
1434424903,60.914035696186644
1434104447,60.835709957325584
2499772550,60.73656711153184
1432981687,60.711252709567496
1879841492,60.67615274043201
1933496913,60.61370225577375
2499742414,60.60141109168892
1879856934,60.5499276284497
1879128653,60.537534601850126
2095490667,60.53117005883601
1879129565,60.528892134361584
1880472362,60.51402338099637
1880496205,60.45163405173338
2501497002,60.38661554282198
2502478215,60.311702971660196
2095400011,60.29655232759616
2092886751,60.23823709182077
1433246401,59.913215960414945
1433447874,59.86566144772835
2093863414,59.82028763409383
2502107100,59.75162500607343
1434231522,59.63874199883025
1879183244,59.57594162954985
2095351923,59.572660381117444
1433134215,59.53112309665034
1933496767,59.489898978630286
1931619820,59.39566431001586
2501601525,59.36484083161888
2502518690,59.30236320003343
2096207725,59.296843176135454
1434564737,59.25789668698766
2502263730,59.22984270430645
2091226041,59.22277364200646
2094555297,59.204743985355485
2095458867,59.15559567644902
1932616481,59.1025766644003
1879154673,58.94866115783824
2092958825,58.947379367868514
1930973967,58.947087093638345
1879801550,58.85636650604581
1433502264,58.84041989569695
1879139245,58.823157318060986
2501907501,58.82289826295818
1434544810,58.734030644666554
2092058795,58.6959610659798
2094653980,58.61672410711128
2092794503,58.5458789206977
2502647937,58.32751752452991
2502141592,58.316264025833505
1933570794,58.3147555051898
2093884365,58.31432425633446
1432612955,58.26337214752124
1433393804,58.19879136471941
2092925490,58.179734329402294
1933521051,58.14950419839751
2092756964,58.14251345001376
2499394864,58.108797341169115
1434235581,58.104986877220284
2503473304,58.06930428045728
2502026802,58.05988133828547
2501972754,58.03942129619101
2501726952,58.02652258936397
1879198502,57.956431915813425
1878587424,57.84149462918137
1880424747,57.8267489933424
2093971667,57.82039882101631
2499477321,57.468362666271084
2499763604,57.31990662437875
1434002732,57.291237137732075
2091198831,57.25656967253133
1434660721,57.22451759314397
2095475884,57.197916827826155
2501743761,57.011298446077184
1879802075,57.00731794121058
1933526915,56.97118185240138
2092787267,56.87625015114357
2501896357,56.844078651544805
1931696723,56.80196798437511
1879135614,56.68987576533152
1879151930,56.55221556994251
1878594701,56.55068087491981
1439414042,56.51577387302588
2502304210,56.387258832740955
1427837635,56.33029152657538
2499670200,56.28623619465413
2499300257,56.27972240510031
1880485342,56.21457909697885
2499339590,56.139559925305335
2499805230,56.11553018089762
2092067177,56.068114781270374
2502453430,55.999500996887505
2502181702,55.91667987478071
2096234531,55.88625398321778
1433472793,55.68409595764362
1879220197,55.67059914557386
1933500367,55.64883838047631
2095437153,55.6116516334505
2503751580,55.35510808051013
2502172155,55.264127543894894
2094634580,55.25742062985466
2503453451,55.07837619413792
1880426713,54.90552747176125
1880511160,54.89933081756311
2499288012,54.784944715025446
2501520672,54.77031866454742
1930217551,54.7489706277085
2499759602,54.720570358858076
1878604481,54.716480537167165
1880460051,54.685610138289
2092017483,54.664668072886734
2094670014,54.64603323124623
1433710540,54.5836854926536
2502073675,54.402454141566544
2503911060,54.32154416654219
1930154655,54.209212718450146
2500192650,54.17678252288169
1931687261,54.16788591732341
1930172151,54.13998563139622
2092995855,54.056010691260596
2502085930,54.05186483716865
1879838192,53.98961924862485
2094604053,53.945216223244365
2499378250,53.71000644336618
1433119823,53.58266597361807
2502861462,53.53091089625727
1879208142,53.52047878270959
1879147112,53.51217899442965
1931611361,53.452190114303455
2094597582,53.44040535366611
2096255124,53.31687832236635
2499506874,53.25976900004382
1427848567,53.070254298823194
2502168522,52.93588034484069
1930252473,52.84843514267239
2501738297,52.81895293014769
1934301905,52.78664406422123
2502089410,52.75200268797616
1432850304,52.623927914359406
1879882810,52.525644361597145
2091953365,52.47059899765532
1930944447,52.28635274294479
2500514233,52.27675955985665
1434465751,52.23784909082749
2093919124,52.16553336242305
2502675917,52.06104527912893
1934300967,52.05748030753474
2500161243,52.01351756764579
2501417297,51.89006179612771
1432702001,51.8296867854235
2502662673,51.82695098287982
2093889262,51.75203704905356
2502706423,51.74159580405618
1433014400,51.7204137952972
1879835622,51.611714427922436
1880500124,51.6040988263856
1880452731,51.555439878862074
2094646635,51.54880213922759
2500949670,51.53510123423472
1433638020,51.52732488155667
2499329290,51.455720579772155
2093971127,51.37086610900475
2499664302,51.21931399469592
1880496345,51.166105513476204
2502231512,51.159017387308886
1879770454,51.0016590600289
1433207191,50.913268501314924
1930180117,50.8094976692844
2501819030,50.702469247651884
1433960787,50.659294235865644
2094575812,50.65793518517724
2502163757,50.5485844712161
1931635527,50.39347567206287
2500183222,50.370993597175314
1434307681,50.353758219931045
2092058925,50.14423950079181
1434226220,49.927856281215206
2092957237,49.86268530148739
1434145857,49.84444022941471
2500957827,49.80076049938326
2500167733,49.75322029156148
1932590597,49.382197824882006
2501643941,49.30980714239239
1879853932,48.92922890505408
2502049552,48.890993402765936
2092011162,48.70403926327482
2502891367,48.69726758129349
1434245380,48.64936581176549
1879230497,48.48588088868164
2502985532,48.481689716039526
1932499721,48.210903844321315
2501331684,48.17340635616008
2501763224,48.15553651621961
2092873110,48.0191922028631
2091248804,47.96290930736159
2501578225,47.93664290017876
2503851520,47.92884127444171
2095348250,47.928062916395504
2501751000,47.91380985130648
1434515530,47.82960669631111
1931608247,47.76090688596692
1879214581,47.7572306472968
1879197002,47.75303098070751
1930162164,47.664448724093305
1931653431,47.65590999900311
2092903852,47.64307355962388
1932641025,47.63340209349575
2091288237,47.565027315265354
2502961292,47.47895377734649
1433428820,47.46386794854073
1879862424,47.260474879436366
1931016063,47.248288122257776
1880530810,47.22263269155679
1930175471,47.20204404478139
1879145580,47.18483586282811
2501844605,47.13122939989109
2092053352,47.0873722258775
1427791747,46.924228375293964
2502778782,46.91358414770487
2096218723,46.79629254447781
1932635287,46.75275056525603
2095404921,46.73741332261104
1933580604,46.6797876672426
2502692472,46.65227675509453
1931673274,46.63174862651506
2499486765,46.62332341321199
1427876533,46.621846197809795
1879840172,46.59001868010494
2096189110,46.57066197701126
1930190805,46.492427208285804
1427834320,46.39795555023844
2094584300,46.39535766636992
1932578094,46.15074462246666
2093949481,46.13486386868785
2092014177,45.93263394836857
1439599741,45.88407952656201
1427688265,45.877658048280246
2502235304,45.85441594073051
2500119065,45.834490541774294
1930226754,45.82537871329883
2502974982,45.817460454581415
1931683174,45.74296744347137
2092091527,45.641155189155256
2093092390,45.58201455656089
2501217920,45.41165795515449
1932554282,45.02956599283603
1879162604,45.020047446311025
2094594120,44.98143695875131
1880495633,44.97060751746545
1930238133,44.94366212264867
2500514000,44.937554546266355
1427603034,44.89160486551022
2092754465,44.8204546010462
1932517464,44.788545126859965
2502546630,44.776523145592385
2092793435,44.724999668851886
2499292140,44.54658147601807
2092084755,44.50325841346992
1932507002,44.456483494708046
1932610080,44.40473441936231
1932653043,44.38450534542583
2092883925,44.30291641988376
1880500342,44.26221600407908
2093864801,44.18889696933738
2501717110,44.187292569941306
2093911634,44.09974162031659
1879171152,44.097405248841966
1932601025,43.87837090163745
2092882304,43.78407792333044
1880531821,43.7226051542934
2502796770,43.62726739955001
2503490933,43.58694908257656
1934304085,43.4682420781405
1434307661,43.46487706309515
2500156195,43.44348060148443
2091285697,43.43992303042429
2092022200,43.43885249143464
1434566265,43.41215804039914
2501313393,43.378033017447905
2501067452,43.37173266309384
1931022017,43.311636116957885
2093943435,43.161259027449525
1880504970,43.14431130479885
1879770050,43.14084471926769
1880511327,42.94321575291041
1879150325,42.80142759908991
2091282032,42.686804920673815
1427875813,42.605676446153105
1432634592,42.59909408689184
2501913505,42.50788327760582
1434573703,42.49851715287587
1432785783,42.4186114032439
2503561852,42.35845128328594
2093875080,42.202754678070995
2502933294,42.14648514500351
2502926130,42.120469957550654
2499401532,42.077644812639726
2091955353,42.02352734971629
1879892092,41.97190260463436
1879861654,41.94466258760978
2091989561,41.8376650002404
2092864520,41.80254127960315
2501356707,41.759463642619295
2503648694,41.74459389951527
1879161390,41.728055834619646
2500206542,41.68577502321922
1433570441,41.63095908086696
2095433595,41.57785302321678
1934302087,41.54575109430972
2094611334,41.4089777999904
2503120331,41.3075653056403
2502322064,41.27973438109085
1932596207,41.233588729460166
1433088241,41.19560305121843
1433801405,41.10804055725646
2500916822,41.068309234418045
1931002220,40.9615584852071
2092062827,40.89646443263952
2499491461,40.89009274930575
2501624163,40.762785355610724
2502564430,40.75182015463811
2502215800,40.574326584858106
2096197135,40.53314849680194
1933514214,40.45976717008958
2502948892,40.28906300022337
1434301931,39.84142895142666
2093865801,39.78901497304354
2499862680,39.68439053543528
2095406881,39.65762492609232
2502250022,39.49969357162609
2502346602,39.2868207421484
2092022550,39.267216601321856
1934319431,39.2421740859088
1434599762,39.155082752515824
1931010914,39.032080281884255
1931666694,38.806665303838344
2499578592,38.7597708212625
1930203374,38.54944894592279
1933510183,38.527155591257916
2500566270,38.52655669917255
1879871217,38.51742499150129
1931003797,38.46242538433711
2093002063,38.433909036402405
1932575485,38.41845466888413
1880476657,38.2822593287374
2499524970,38.20175713013708
2503202880,38.12635680168714
2093948907,38.03538444404704
1879807693,38.01782220388318
2499519152,37.96028896748452
1879884974,37.89745289644406
2502638572,37.89003671448847
2503762072,37.874340093048254
2499501600,37.84503193500038
1434428723,37.804070066989446
2503187662,37.75310139522736
1880542581,37.63740870323939
1930937742,37.61418580216977
1434078367,37.50583681193942
2093959901,37.44727266159428
1439545701,37.439235525741104
2501975543,37.40236523292803
2503906995,37.33622050961417
2093089700,37.25558435498496
2503401552,37.077585393571624
1932577857,37.01016739492985
2091199825,36.995159709525204
2092051754,36.974733344836785
1879237691,36.9378421032843
2503515913,36.8992063806538
1880530875,36.886829388159676
1434180100,36.79495201830805
1880444560,36.64477480669694
1879804590,36.45569383246976
2499701434,36.266507625811265
1433060821,36.14856360732692
2093924425,35.96452529593717
2502985382,35.815659066071596
1880476694,35.73960668711676
1433803721,35.69066569437084
1879137984,35.664738766489585
2500585022,35.602719928810714
2502384194,35.49919163049141
2501989382,35.429173989367804
1879896272,35.42854690749112
1930212491,35.26767552148113
2500103512,35.24730007559142
1932571185,35.20527138589075
2095476430,35.10354705160562
2499302000,35.07318741206185
1932466341,34.75261597103743
2500284384,34.490099297694556
1879808512,34.42287698009276
1879145194,34.2294638199761
2092870905,34.21388438895494
2093978042,34.08504250393827
1931644470,33.970581234604474
1879822735,33.89226660618836
2501895521,33.8901355175643
1433866004,33.843759450324946
2093941700,33.82601760530434
2500477995,33.749575133288616
2095453584,33.71799966421372
2093888471,33.663786327372215
1427840352,33.39658887470809
2501254685,33.37901367752831
2500759554,33.37858787349598
2093089093,33.21593193918402
2503183434,33.108447119231805
1929308057,32.95346060501017
1433552760,32.94986694984081
2092072415,32.8616849455642
1880482604,32.80491250570643
2499350100,32.733421261277066
2093084625,32.66724838452543
1933509675,32.52707279503762
2092871577,32.42560253818161
2499373222,32.32083464306402
1433496540,32.075737101634736
2502255860,31.990212938925126
2502351772,31.813748703223933
1880441582,31.771547721717994
2094641523,31.759226678694944
2500922010,31.74441692697499
2503112265,31.64105181446772
2500487107,31.573079412267056
1931026252,31.517836229456563
2094624710,31.461240531479614
2093011980,31.38068927438633
1931690637,31.378928303854153
1433506392,31.369978613691163
2502970410,31.26994700416224
2502852091,31.2617185573607
2095493951,31.197043579092995
1879829767,31.157062454707305
2502349657,31.062628817266237
2499617080,30.986610796842736
1933502173,30.967306209653092
2092810844,30.910848472992367
2092825935,30.90611829022404
2499254732,30.723187250344697
1931616813,30.55768642353524
1427836754,30.546184632911224
1879790333,30.48419758729503
1878597082,30.45011441483713
2092960034,30.279192490006373
1931635213,29.98702997261762
2092919455,29.976882973411477
2501604981,29.970830657069538
2092070251,29.93069750477416
2499208964,29.91074218193024
2501955804,29.866702330262587
1880445302,29.738094407313014
2501257510,29.710222683402105
2502861624,29.70176611384895
1930960975,29.6381372012944
2501130577,29.409977180011666
2503134564,29.39964376800234
2503434493,29.201103561790127
1433325045,29.15042810526303
1880513753,29.148810093293402
2095476407,29.025816701767404
1880437670,28.843252680056523
2503074832,28.763744724233263
1879768342,28.56457034116027
2092882120,28.422498669741017
2502759577,28.402637163998943
1434118543,28.244309858551865
1434728167,28.18998959999841
2503060941,28.079096648235236
1434251832,28.01199851414741
2093886667,27.99417780842832
2502154412,27.936509538956816
1433264242,27.80282065615135
2092893880,27.597110115842167
1931642852,27.56637311624347
2499311944,27.46544639916362
2094574507,27.332229564229603
1878578874,27.32197382565322
2093058397,27.289791137905695
2093882642,27.269563807007337
2503002652,27.10333175946629
1933558965,27.075343444075866
1434559071,27.043263088590447
1931646933,26.88956243615741
2092813173,26.724367545146364
1932602235,26.704481710293184
1879174884,26.606494037307826
2095391001,26.483293651066873
2502923162,26.41818944948773
1932576647,26.36546751811094
2091204291,25.99731015716252
1932495843,25.674561393463563
2502161500,25.417091275438533
2500212710,25.337539351974858
1931634564,25.21436740833671
2503692245,25.071765815497937
2499644360,25.013656520317866
1433218652,25.011150914234662
2499584480,25.0025764711611
1933580580,24.66651183733363
2095346027,24.584055154931132
1931013184,24.56594345079493
1931012337,24.497184280777716
1931655571,24.311649389374107
2500252480,24.286534791460248
2503819115,24.26384069993771
1930172281,24.241442441603223
1878588667,24.14863339008994
1879836662,24.102498513463996
2503697704,24.08959890817338
1930943263,24.087876358843072
1427675612,24.02904410917014
2502339590,23.89813921881143
2501140600,23.875132581861653
1433205823,23.757342304649846
2092087163,23.7327661822688
1433003152,23.630258243186578
1433779463,23.609701184392215
1427803060,23.563253964112487
2499573570,23.517698623480403
2500774780,23.514500735774604
2091268515,23.50988174556384
2499346242,23.268342745060625
1879831075,23.246712246015868
1931645057,23.15744355120239
1433193614,23.11321437065429
2500933895,23.035370606917667
2503251084,23.004248733866714
2502075067,22.961125748061026
1433810817,22.844129828250708
2501819795,22.808041643656573
2091180495,22.585221220729547
2501577444,22.23951107498379
2503492265,22.13029939005877
2502076602,22.039882336678115
2499245945,22.029807864287584
2500932124,21.874444423039073
1880518521,21.86643803458486
2502088490,21.80882261947138
2499314952,21.7766381621328
2501851064,21.749064679276174
2091278557,21.5966046384692
1929305261,21.54937677483703
2502124515,21.526746201496927
2500551200,21.519389943382944
1434513973,21.48329143883021
1879901992,21.451461207937637
2503708290,21.235345586341747
1434268952,21.074633723836218
1931667907,20.800730243599126
2500501663,20.786265111033387
1434642131,20.71816046214844
2503810090,20.715417180416406
2094583363,20.65870428570264
2503618484,20.651555323684775
1878574214,20.482304190012947
2091964525,20.450665944519102
2499308220,20.385600929248692
2095404687,20.336464699722793
2092954573,20.31171861713816
1432710393,20.28448754848292
2501558693,19.94537297302557
2092971594,19.88441160438307
1931692844,19.638502297546687
1880463174,19.636095353669994
2501023030,19.60304765146452
2499496530,19.60244096574467
2501332462,19.57699303489631
1934313081,19.541823723430262
2093019367,19.06282001536669
2093946195,18.79846334693586
1933568354,18.791608155972817
2502701741,18.361182020796566
1879158530,18.145496994882475
2502495952,17.64990514819469
1433736781,17.612699853277487
2499585657,17.595704218432505
2094674662,17.530074716019165
2091247067,17.487221633879315
2503815403,17.43736281691475
2093863210,17.3861941146406
2092000735,17.33262491674572
2500354917,17.17356063075578
2092002621,17.09375207495568
2093950000,17.077234285479395
1930137101,17.073875055083555
2503678080,17.068280594370442
2093047690,17.05632649034441
2091244587,16.921176514793082
2095376487,16.85688090625722
1879168323,16.729629759692987
2093987277,16.429577988781467
2502231393,16.31475681182688
1930199167,16.267831052070104
2500421450,16.247569334061954
1433791590,15.989501359287434
2499865192,15.971678833043153
2500268340,15.970919392655997
2500479077,15.916850823398622
2501977282,15.853764929482068
2501005770,15.777851790085876
2095392360,15.702923164663137
2092029267,15.518737557858403
2501137434,15.451703647032973
2091269033,15.219216554807359
1433637537,15.169185581016958
1932631533,15.09609522024947
1930137325,14.945700470692232
2091221131,14.913793307515162
1880425273,14.632131997129212
2502841033,14.369927172312263
2503626845,14.318823551919381
2499247720,14.311708610467067
2499286345,14.129304263225764
1439521832,13.961825890446239
1434430871,13.89899221595771
2091277421,13.755392767980934
2499768852,13.632284006869188
1880472723,13.505314046700516
2502488273,13.473751665962244
2093056471,13.464371234693225
2503901374,13.314074886938357
1879214497,13.28458058904551
2095424613,13.218937584739084
2499593254,13.206367125295435
1934296252,13.04831656923129
2094667025,13.019960354714428
2091246713,12.930688020874799
1879908023,12.81439480690693
1932620137,12.776015753426403
2501558950,12.710602012785595
1879788780,12.459399423696889
2093902504,12.25097634457445
1879138212,12.093686724598623
2499246984,12.006154865389865
2502472000,11.8362268854455
1930137013,11.734300509694878
2501410023,11.700175263050962
1433212563,11.691888460095468
2095489284,11.678100096148746
2092877773,11.63637115091363
2500506442,11.506005056254802
2502030823,11.423898151403245
2500824484,11.179971363027464
2502383664,11.11657300119373
2502545140,11.08619930318215
2092021465,10.798017530063495
2502007812,10.584058991068046
1879155071,10.397651644596785
2502788671,10.36476334989142
1930155057,10.323482271069034
2499290604,10.172454351639823
2502640310,10.0535709544245
1879183555,9.942738779662411
2502438443,9.62753357562271
2502086472,9.443551738037574
1879901644,9.224275515433188
2091237704,9.189233044249924
1934304382,9.028930204083212
1433286642,8.803982765678883
1932633181,8.799706007602843
1931633071,8.563042935310833
2092796333,8.450594950311924
1433965811,8.402850399480089
2499498142,8.147820798081224
2501734602,8.015206097229665
1434418352,7.829087490260267
2500415904,7.828508012412656
2499220427,7.8077628036759865
1930175854,7.673551531569525
2503382054,7.62181515894323
1433287292,7.614830621793569
2501950102,7.5542184644203525
2501376780,7.290456652708386
2502099493,7.1248100034477435
2092935932,7.122572252547765
2095363141,7.09933849251358
1427616842,6.978798079874956
2501045992,6.925979369152958
1434701294,6.9170752534980595
1930148521,6.897461409413157
2501503710,6.86890747600385
1879193544,6.771409677818129
2500829892,6.729175465047133
2501518671,6.695706935107319
2096186462,6.547581464800245
1879160514,6.5011730948363144
2502245897,6.4136063703353114
2095439577,6.378728420545914
1434710283,6.3563480444578815
2092826704,6.206444903971217
1879142951,6.205776005287117
1932521001,6.0719423030685595
1879887305,5.844548101560716
2095368054,5.748029082880624
2501848772,5.737320998531017
1879189522,5.67974822141791
2096184423,5.664528440607982
1934320245,5.655639739797036
2502094112,5.566241170807784
1931009541,5.449225244203405
1931688451,5.4349534688719885
2500362537,5.431405352391726
2503134067,5.404183770354228
2093972881,5.313933341119331
2501012173,5.281936381374787
2092063834,5.25177655720816
2501018897,5.239798174888739
2501221147,5.217139263440783
1879844673,5.214601249985122
2503073171,5.193964129414768
1427747761,5.169254411250252
2092028927,5.160357102080518
2501590725,5.152041749665634
1880475223,5.11262082643387
2499360782,5.08945028607083
2503587200,5.025820336996466
2499448075,4.976089154398212
2096200262,4.674795950714504
2501550442,4.6701450252366765
2501416164,4.665750907362792
2502492342,4.603338330459661
1930201521,4.467804036119282
2501573235,4.399425682622497
2095428873,4.179960303761244
2502378464,4.079442712693893
1934322553,4.026717856822065
1879137553,4.010988775339324
1879909450,4.0033851576922235
1930982357,3.9907946389809528
2500973963,3.905328011529829
1879208353,3.883667684409705
2500845293,3.8828999187584032
1931646317,3.8303915445714636
2095434001,3.80148294574364
2501969262,3.7700462490008033
2502352790,3.741044940497884
2092069217,3.717941056223096
2500688014,3.662802347517783
2501284670,3.656271636951729
1439595414,3.628342495155478
2503119187,3.6141675789847025
2095451857,3.580493305158027
2503131707,3.576986646834833
2501963084,3.5758423520821974
1879835940,3.514351409600284
2499329804,3.5117754923703357
1930974137,3.510278104955104
2503629030,3.500933554855205
2503760761,3.3944176678488254
2501830371,3.3262170828965103
2502885197,3.2622968147031814
1930202785,3.226644655022834
2502511822,3.2218467953142245
2499508827,3.1318074194979544
2503199797,3.12767649780382
2500811717,3.1200620186973604
2503127493,3.0921165071744148
2502274783,3.0859912866077925
2500509887,3.056495967829627
2501782910,3.051425398657551
2093051931,2.992851069148605
2091961550,2.985924801755307
1932481550,2.8622072005992782
2095391242,2.8534791249443665
2499848593,2.7609602336441093
2502054835,2.7601727486529852
2091998895,2.727040330567192
1931664441,2.7130681268366406
2503412784,2.6973972568443667
1933531492,2.6197799686710854
2500990120,2.5749854270636314
1879879570,2.561129462424238
2093935072,2.5252747468051666
1879836024,2.485521187441819
2502214751,2.4721874981884224
2500643587,2.4181632743559582
2503615694,2.408464762149634
2499560500,2.338917207241268
1930211315,2.3184691699575244
2501957302,2.2010076855462124
1931003663,2.182545629608806
2502610444,2.130123766362153
2093072075,2.0460496939027144
2093919727,2.0401057876221076
1880438927,1.929588035787505
1880451044,1.926692556478444
2500996171,1.9197665124824814
2502128382,1.8134193737625304
1880476002,1.8125478517709146
2500134344,1.8034903353724157
2502317682,1.7405001839337415
1933560215,1.6913963537122392
2092757155,1.6815560246947192
2499426904,1.6717708942950298
2501262454,1.650167756323455
2502468340,1.5228263921952456
2092028602,1.4969414226828073
2503610712,1.428751627302632
2091952831,1.3907903090431812
2503608340,1.3641638972474535
1931639002,1.3415995566230485
2502476613,1.3283734049288456
2095483775,1.302290048574419
2092904945,1.2901815117747566
2501868731,1.2565688481733257
2092088127,1.237748157861908
2092951364,1.2295188092202307
1427778630,1.19390032916427
2500293390,1.1856700251890726
2502056104,1.178528098908633
2092769347,1.1354961498203158
2501166762,1.0822405930925774
2503066120,1.049548040145088
2503908500,0.9908569840341036
2499453160,0.9836989116198138
2091184117,0.9336255887168787
2501923811,0.8718847428458822
1879192224,0.8695064839638776
2093050600,0.8111840918858714
2092856491,0.7969567365628392
2093962644,0.7570717221913211
2092879253,0.7169252289022501
1878601672,0.7079060052614439
2501833491,0.6974387111312158
1879213375,0.6945195839492189
2096237447,0.6908563580773804
1880507171,0.6886429464514722
2501604322,0.64122821280033
1880518192,0.6376299407429137
2502026814,0.6180180810370266
1933521161,0.617304744320184
1930987565,0.6062192156295612
2501219622,0.6043342558337537
1439578930,0.5848514469449625
1930993477,0.5557194081658218
2096274065,0.5549050893536944
1930251057,0.5337904061508237
2499303891,0.5337654212035585
2502137600,0.5260030776991841
2501906010,0.5224938952231085
1434635635,0.4760972441539192
2501908385,0.4038163318015805
2092921401,0.3760916284241586
2499448502,0.3574992724351219
1433951991,0.35453218844128337
2499859435,0.34842216241327795
1934324887,0.3408284881767812
2094609697,1.8403289158224997E-4
