user count in community:721
Topic id:11,Representation:0.5528054468198839
userid,score
2096194874,39.519431590621984
2501040410,33.72046969120722
2091276410,33.480075276576386
1432931987,33.36826027117157
1427813545,33.16675836940894
1433175237,32.57877454832342
2503914134,32.451393054791694
1933585151,32.17687786901925
1433143691,32.13009115279128
2503665290,32.017892658233414
1433618733,31.92787054129849
2092899224,31.913970458730233
1433370203,31.707931190872227
2500837732,31.117842885539847
1427898074,31.087135934406504
1433048100,31.03980214212578
2092882723,30.865280055669142
2503329332,30.801248294607664
1930941787,30.737130566519117
2095468007,30.64222187250158
1932552267,30.638965171050245
1427864280,30.634985093157386
1434162690,30.55862617596254
2502659424,30.545744432020566
2499556945,30.504771020422524
1433138157,30.49675027031395
1930980985,30.358223572319517
2092967152,30.08670165892723
2503683470,29.748971200045347
2501070782,29.622054101851592
1878574743,29.44670876255359
2092902070,29.338436712724466
1434595832,29.33461464045468
1930215957,29.334113133184967
1434632771,29.31677897386114
1880519770,29.22194807175278
1427877127,29.205756730338937
1879808064,29.179060958714956
2501687305,29.031980317618988
1433656880,29.019826405785455
1434533624,28.971035759224026
1433443917,28.946081174338282
1434022202,28.48747476166305
1433964490,28.446821704871837
1434415820,28.442921591233144
1433753262,28.4232593319836
1934322223,28.409282443867955
2091268085,28.387889074991456
2501131224,28.067824193231097
1433682370,28.058150848157865
2502355817,27.938660533836035
1880503444,27.6020947766518
2501975964,27.503141814643485
2092803963,27.38152886116802
1931632767,27.213244077602436
1930959090,27.16754941274636
1434755350,27.15891314412247
1433861701,27.12613641909698
1434580724,27.075922871757612
1427677814,27.053520234514135
1427872764,27.0123313062253
2503294012,26.983572518965016
1432644924,26.891094972421932
1930233195,26.8742151308099
1439364990,26.80222056829939
1434640582,26.76578189465086
2502903684,26.747929220307064
1879796272,26.656572621427955
2499468711,26.49464481161833
2092918757,26.34229270850265
1879891340,26.30718083835008
1879172860,26.307083540120207
1880466244,26.27749786890923
1932451285,26.2719713785677
1434335341,26.242791011612624
1930192842,26.045891706440372
1439371750,26.001591407929002
1880456277,25.971623230507113
1934317955,25.932696720314517
1879239245,25.9038870858187
2499376610,25.80137277765736
1930249892,25.746440020855026
1433313435,25.706860941346235
1880470240,25.67950407890858
1439645633,25.658031677496233
1930157255,25.633034494146724
1930186434,25.546222187133747
1879820780,25.44826036291633
1879884353,25.444337021166113
2091964065,25.39824250578063
1434511983,25.390109575986315
1880501655,25.249553137003634
1929308073,25.177930970039192
2092881521,25.16636153377455
2093974727,25.130235111777157
1931629244,25.11410206087145
1433391875,25.07725654078578
1879221291,25.076508014925462
1878582623,25.069075849382806
1433588610,25.027686596820352
1880450404,24.991826827072835
1879913164,24.9587829713657
1930940591,24.895269568772132
1439520770,24.893132341990704
2500708681,24.870300980736282
1434437771,24.865280135438447
1439590941,24.85356409248794
1434153472,24.83773595595495
1931621485,24.80756090666359
1427639247,24.78564619232452
1931606862,24.724569960223192
1433117594,24.653989570273644
1439607235,24.58879205241337
1931693431,24.559931579975338
1434646351,24.54347412231305
1439501521,24.4622700207115
2503161037,24.45722996224062
1879153000,24.426099645105463
1433652795,24.302453017442655
1432714760,24.251541919824056
1432828334,24.230455811570856
1433318164,24.224915473029114
1879146041,24.222870068934608
1432651591,24.164413930531946
1879908695,24.065947127943158
1880492550,24.02946997990537
1879863907,24.013725635890736
2095359503,23.997362698609553
1434378324,23.944135642089154
2500650924,23.934142562916865
1931595361,23.90231561802164
2095352907,23.82072691875871
1880518493,23.792636448213056
1879163373,23.72525340869599
1934306130,23.588309491893398
1433439357,23.573056711066528
2093880341,23.474074218188417
1434497893,23.433149643923908
1879778661,23.395705149929626
1433846335,23.395510389960556
2502308180,23.37153573626376
1433356432,23.371412200220057
1427622133,23.36287490661438
1433087100,23.321103327587757
1439349140,23.288480326544562
2092799485,23.18032755467578
1432765150,23.17681566650985
2092802273,23.169513894586974
1931021795,23.169114730069122
2499412541,23.131263484114687
1439462707,23.126194122116168
1439471085,23.008036288122945
1879869544,22.982942415044633
1933495833,22.9815271978653
1930947125,22.978278401915276
1433982342,22.962758896587214
1930234462,22.897648349696745
2092885947,22.828358723129565
1433255704,22.792306048683773
1427763785,22.76913401343983
1880464900,22.727089294121676
2501017590,22.722382773937465
1433372185,22.69441379811141
1433045643,22.688697877584627
1434454671,22.630668857807468
1434288600,22.583482091522583
1879238465,22.58088941437981
1432760514,22.51169835546513
1932566777,22.4095749495067
1434521743,22.34118571136741
1434394605,22.3268816033372
1433583394,22.321077206645967
1432898205,22.288848768485984
1432693372,22.28621438389576
1932436162,22.280970911658073
1433489530,22.211522688740175
1879864870,22.193563967151825
1434451581,22.193447666609565
1427825430,22.174598613356682
1434670970,22.16936643448872
2501379905,22.16069582922795
2503238690,22.112807275264228
1432910457,22.074931354228784
2499718764,22.06380248292566
1879192565,22.06201623013776
1880533571,22.030190767676938
1433593472,22.00279374634159
1434293755,21.997762615641154
2092947293,21.984651117769236
1434483427,21.9000744874917
2093021023,21.877484718810408
2093042107,21.8077702221251
2499773623,21.796628191227438
1880459485,21.79308415216664
2094675184,21.785722891928437
2091211512,21.73226944405872
1930941135,21.73078040604907
1433275452,21.707108943149514
1879779672,21.695598091354
2092923457,21.682137693378156
1434605193,21.645926050538165
1930218083,21.635312573243503
1879200581,21.590312104047225
1432875094,21.576086402856628
1434337702,21.551072659598383
1879792741,21.498229348088586
2094616307,21.47574314868601
1433070857,21.433413799816893
1433266572,21.407293424664452
1433529834,21.33958745737519
2092885143,21.324406426241932
1433971892,21.230899642040356
1880485711,21.229926928644435
1439397993,21.225125024092616
1879152533,21.207468116038505
2091979702,21.198722427095703
1879247165,21.172750127249024
1880495603,21.09982419324944
1433212801,21.093040565027263
1433886074,21.091738303318863
2499608320,21.082084888780106
1930949297,21.072685886230925
1879137537,21.065043295750918
2094555047,20.98018356781061
2092893934,20.975143224553012
1880475094,20.968158892503574
1931658890,20.958311731412206
2502062802,20.954504253159858
1931624743,20.949539912591206
1434692513,20.929145934883554
1929303875,20.924721519192683
1879233294,20.908737023013906
1433114135,20.907525312075418
1433981645,20.9036772511394
2092917577,20.88513406514871
2095449293,20.708371353435655
1880489307,20.661217290973088
1427764695,20.658604676963858
2095422983,20.630851885560304
1931676937,20.62871787447094
1880506345,20.611416977445362
1880493887,20.595541319749774
2503558894,20.55159469560741
1878573891,20.524137055476697
2502664942,20.519879468729293
2503467064,20.496685436712017
1434320201,20.491944299975106
2500759072,20.457914411928083
1930181620,20.448241662695548
1427877191,20.400549563804514
1931626865,20.394120183346597
2092843663,20.38602576994263
1930185765,20.375216366663125
1433360685,20.368212686077403
2095400005,20.351312861167948
1434722114,20.331568754019944
1931622525,20.261368335474867
1432627977,20.254916332977157
1931015983,20.236637708508784
1434619817,20.229487618913577
1433553163,20.172326870478702
1932565493,20.03434485470429
1933581927,19.98790939600127
1933585353,19.932413530319366
1433262197,19.923241167978166
1439458191,19.91464456466055
1434724153,19.890697439552405
1880516117,19.887992107684887
1933561810,19.878143527173453
1879778684,19.87203921797441
2500443985,19.83329747929079
1879147302,19.798412015099025
1433454290,19.790758947173384
2092760703,19.770631487257383
1879904224,19.74700593825755
1433635083,19.703074619519214
2092015760,19.694855452246582
2095412055,19.694786398017303
1427633167,19.69427796910433
1433537083,19.618454818931625
2503675373,19.53106055696848
1433116653,19.506172357714163
2092885913,19.481240887781
1427882435,19.469696092384527
1434742473,19.464567522806625
1930227151,19.45757397957184
1433628257,19.456994309818466
1432776161,19.434128832624488
1439589664,19.424641937895704
1433155985,19.38115913446391
2093085452,19.32925181373107
1433033533,19.31311864449291
1879228947,19.308866012023078
1880470004,19.2088990094572
2500846440,19.205430128349562
1434160101,19.20370889258861
2091212702,19.166626110452192
1933552790,19.117881032600263
1933577105,19.07034371006932
2092929857,19.001378454606822
2096205803,18.9859903864504
2092037190,18.962427318426283
1879772351,18.947649558711802
1432703175,18.892184978245368
1434378705,18.892052009606143
1434465331,18.855554988310235
1439397575,18.851572322892295
2094603981,18.794777987214786
2500374671,18.784976036999176
1879194187,18.773755083259346
1433681503,18.766285338901888
2091972922,18.713367203950778
2091186372,18.701260182806923
1433179100,18.694087128957094
2091201693,18.68224644588675
1434115290,18.667779476423313
1879881144,18.65193558138375
2502742093,18.64690406493266
1434165024,18.616213560837142
2503903980,18.573937086203998
1439423814,18.571232326468284
1427794842,18.570131954496368
2095416411,18.541311154785216
1433022504,18.48079705656346
1879837012,18.472135310495403
1434016761,18.44039870055167
1879136063,18.435701070725358
1932433465,18.421806937286526
1434003162,18.40857595238663
1439426074,18.403203419233332
1934315825,18.367635708055914
1432715825,18.326313846299797
1433442590,18.298483999033763
1433344383,18.29842716566295
1433285502,18.2896972675778
1879824747,18.279753393901387
1878579784,18.265947314632932
2091972133,18.258854699465086
2093896374,18.254202395267033
1878600597,18.21884677921396
1880458174,18.186199349279057
1434299874,18.152123293735563
1932614415,18.10590337729587
1433657400,18.102164742093283
1439558562,18.096080157923595
1439404747,18.084379477096004
1879203167,18.07290683463257
1439621227,18.060342282024248
1433209532,18.05988976853016
1433507123,18.057176682191727
1427731544,18.041193871560747
1439539882,18.03859974960991
2091284582,18.024886778995146
1931673051,18.003506583241535
1432682854,17.998597344706297
2094549997,17.973476076660983
2092078510,17.958587872275718
1434009002,17.921980155932154
1434419602,17.83175767614794
1879811301,17.830082106812103
1434498015,17.825066968773065
1878603271,17.819092296307982
1879893504,17.81820862325397
1932469323,17.80337235405903
1434451731,17.793172168702387
1433127597,17.772827803734145
1439548877,17.76945900932871
1433182373,17.690324893798927
1433777772,17.649126168191003
1434261005,17.56490359694373
1433726045,17.522612326196747
1433649001,17.507279333191786
2094618890,17.48616797040226
1930146071,17.41249081753603
2500514505,17.378810121943616
1930930244,17.35351831155111
2500958670,17.33953794710872
1427652963,17.304842045731323
1439317363,17.265652591780118
1879231097,17.256243981722964
1433402950,17.24205502832487
2503583472,17.23552510876687
1879875302,17.183405536832822
2093971490,17.106711017068463
1931696122,17.076919882209104
1434266192,16.97656146229638
1433487104,16.938644177502358
1434762314,16.938582041903686
1933539015,16.935238168456987
1432941235,16.865183559293772
1433942433,16.850702194383725
1879838672,16.836119681597904
1434598652,16.776753197715347
1439497251,16.756150861373193
1433182957,16.75202994106913
1433287103,16.720199021044785
1931671897,16.718060551885134
1930240721,16.695795792298714
1933553585,16.693302647852857
1433779494,16.67085618718354
2092853285,16.658517583451108
1879193650,16.619445223672304
2093077187,16.586872846731307
1934323297,16.52897989603542
1427721785,16.496992085148698
2092764807,16.485263080221863
1878598480,16.475146270796493
1434371813,16.47416412457241
1427753861,16.44862297330562
1427749581,16.44199400129087
1433638014,16.439489596395312
1434233155,16.398833819044324
2502091393,16.280411703650024
1880547814,16.22746529150728
2095463791,16.22392095370959
1433086265,16.20195077808604
2503117574,16.158389226744607
1878592160,16.125241515377287
1930187985,16.117478261799956
2502440317,16.101862542054572
1879837801,16.05150922102714
1434452383,16.036606084500434
2499586364,15.99918904324536
1427827025,15.996532449596836
2503622612,15.976650247529673
1930233010,15.876312322150197
1433499435,15.868163028406661
1427799307,15.828998203667476
1933518872,15.825070373096406
1433036224,15.798388684076361
2502116051,15.779579526166692
1434680412,15.670688197906381
1434602584,15.65346571298518
1880490650,15.647356938637278
2093937587,15.556134410172604
1433472471,15.550942227277146
1434734343,15.532411736348138
2499545522,15.531344494537763
1930144527,15.502477113577276
2499783000,15.476118135773087
2092770183,15.443600916714079
1434613061,15.391394085515046
1933580971,15.32151930797607
1878585634,15.286871821132955
1433150711,15.25499766164504
2092848943,15.219517000959849
1432648212,15.094613465478686
1433855447,15.041694302525784
2500245295,15.020538440822682
2094636907,15.017606721587104
1930204741,14.926559952772923
2501511785,14.925865639233532
1433502061,14.854419792001366
1879773475,14.849461751751347
1433950091,14.8480860472456
2092939625,14.8392576165236
1930235327,14.745770649706152
2092881184,14.69321890096044
2093008442,14.68722389994768
2093959215,14.683415461239328
1433644764,14.669874517467864
2092764477,14.64577255652724
2500887494,14.628338202907884
1433765237,14.612343967361765
2502541615,14.585737368494584
1427631271,14.528818419262507
2500694027,14.519131610786996
1880529093,14.514083372846262
2092880077,14.49123718748639
1434110137,14.447242842287052
2091245335,14.433075609971315
1433063245,14.424258751436252
1930175691,14.401172853344722
1434650911,14.375341119726544
2502457091,14.33688369765848
1433655842,14.334888109749178
1433480703,14.313630279471715
1433961657,14.23047785521054
2499504637,14.212838608541157
2094599521,14.209136473266215
2503898797,14.153227143666873
1433303824,14.14244788093078
1427894905,14.141481187750095
1434320761,14.093416027839506
1932576255,14.047108965542716
1880495091,14.012040598564715
1879839424,13.97464850014791
2092975351,13.948758465133691
1932623795,13.926417265483792
1434631637,13.912983072292796
1434419771,13.907745674469794
1931655382,13.902346012756567
1433086425,13.858688218858864
1930942152,13.842146186580937
1434612054,13.820747570162478
1427662425,13.813664786792135
1880498913,13.787007226019345
2500245155,13.76831683408564
1433027452,13.710328210192058
2502803060,13.702986629781638
2093904952,13.644100303165244
1434513602,13.62919669331906
2095452030,13.520390542236935
1433672402,13.510697333001152
1434257055,13.281282586685574
1879825804,13.226094266723784
1427710465,13.19851020501764
1434215890,13.194582677389302
1433205471,13.189378056578946
2095396381,13.139977864635792
1933511847,13.137407645286684
1434256930,13.123122428029253
1879807083,13.057190920439295
2501783861,13.056653726194265
2091979743,13.004461957127525
2092840940,12.974258887315898
2500473457,12.920783785531395
1931026004,12.88689145115361
2500943220,12.877659385211215
1434093142,12.87325394549528
2094641455,12.853928999383927
1880457634,12.793570285405798
1433048350,12.771127979281612
1433912694,12.728000967472793
1879873750,12.72452102945527
2095403717,12.715721540430794
1932619445,12.699346754409763
1432889673,12.678513952737184
2502913340,12.658077628789849
1932525067,12.638782250184091
1930177944,12.602568357407309
1433680664,12.560208070367207
2499526114,12.542156814179837
2092850682,12.485369928383186
1434731783,12.35278361800753
1432669251,12.335070786884147
1434444892,12.296387463146953
1434459051,12.290394566348336
2093060952,12.275386070819499
1439369572,12.189493483860122
2092769813,12.159812927018967
1878580163,12.045137455965232
1932611685,12.022019470724736
1427749604,11.945798186545634
1434567067,11.888010038344278
1879225615,11.844538994002086
2092938634,11.813600605154301
2500799591,11.806720778495983
1879808285,11.756506981179967
1434192330,11.724162602257191
1434760990,11.647610910385163
1433582734,11.556874724813909
2095391200,11.43585863334439
1433144204,11.433663053464587
1439360804,11.40243757941386
1930983260,11.40217925554748
2092005474,11.326337440649572
1432631611,11.247288219295422
1879897894,11.241883930174579
1933574590,11.169578988642703
2502028124,11.093580060654784
1433740551,11.049461112471251
1931632687,10.988854560203333
2502953594,10.765318674906124
1879218177,10.645318020227016
1930939970,10.642607410980695
1934301372,10.639687959950699
1879147973,10.630211643943307
1930949034,10.588103922861118
2092844531,10.582722968250062
2499851572,10.479211532684337
1427846302,10.470388998884154
1439339567,10.441834997868991
1439459363,10.229782433248415
1930927987,10.214846992150457
1879910195,10.183274469833215
1879140447,10.014922601042406
2096190774,10.011696552427132
1434676802,9.992793661237583
1427627952,9.95118809982641
1433389131,9.876222253298941
1434706431,9.828374719488993
1879831652,9.742898488748505
1879789762,9.737367895925775
1933496395,9.702653230393468
1932587267,9.658911735451127
2503470310,9.651917353432014
1879223201,9.62261868712342
1932652390,9.556495338542831
1433496763,9.553829756677798
2502505194,9.534672357470718
1879136522,9.479725112365694
1433553182,9.478690171937771
1934316980,9.458497939334064
2502620407,9.424152402724317
2502728503,9.419462343566492
1427877877,9.357471890798692
1433795281,9.344693722917862
2092917182,9.308547696772138
1432917292,9.292617188290412
1931593524,9.287654322173594
2092023721,9.252094910824393
2094662132,9.219918345205686
1439464803,9.145971679177833
1878589707,9.141664518535887
1879826633,9.119962675135291
2502350611,9.10246196755601
1432670765,8.960198311432798
1879197591,8.928640422604845
2499753134,8.88466848532839
1879165595,8.80816581068687
1432681090,8.713934895825622
1433166203,8.694227193888095
1878572677,8.609800799151635
2499259942,8.594543522534881
2499414650,8.461703080140882
2501981947,8.282398458243927
2503221055,8.235178512891098
2095466893,8.1288002861783
1434594472,8.113762445288511
1433462462,8.045988833439269
1879845774,7.8974288078593995
2092091944,7.895421968074589
1427843737,7.819038255629956
2092953355,7.695960584126653
2501625547,7.678110174065237
2500451855,7.67362475396599
2096188802,7.636805457112607
1880445050,7.632073894538765
2500736757,7.464642738576734
1879126180,7.422270981347712
1879894472,7.384065266732133
2093069085,7.358451819769987
2501882615,7.160727825521844
1932635941,7.151616292642154
1932636863,7.037504929067012
1879844420,7.001829843811238
2093889821,6.973348629910892
1433999762,6.950253032968756
1432669377,6.733975178551776
1439478962,6.6947992461072365
1432745315,6.592385510195259
2096228203,6.54184637847823
2092075372,6.537352143059563
1880533001,6.415319270747985
1427587605,6.385483424160767
1931658935,6.146980685401199
1433305140,6.116116550615165
1931600752,6.069516170405131
2499229470,5.938451159118866
2499374314,5.900798522892841
2092969551,5.849440569335645
1434092364,5.778804056831539
2502869134,5.703229625877733
1933495383,5.50841614967879
1427802851,5.4812601579095075
2092091991,5.415833950710337
2499854203,5.290738486219483
1879799667,5.181506590666689
1930996945,5.015455245451002
1433428505,4.7378677007225685
1930963992,4.58306478612561
2499819090,4.56352534524942
1880427241,4.50605782738747
2093021794,4.490408064661123
2091950935,4.363421196550479
2501251910,4.324683285222063
1879130154,4.22119635476837
1879809257,4.191854085898072
2500952314,4.190618455772617
2500487533,4.18420028537458
2092897105,4.180224070976548
1879125957,4.174563755129232
2501860217,4.125453324299011
1433512494,4.109990177859595
2095363443,4.109773006476826
2500223840,4.00475305653909
1930234011,3.997747738811658
1879188771,3.9837159543265006
1433133064,3.8653908575006213
1434383267,3.742658196673513
2503380130,3.6430910659771163
2092776444,3.5777578921366713
1439580687,3.386424540178885
2094563407,3.2794037261427214
1879863017,3.1594491155168174
1433191674,3.0993858372816288
1439410773,2.898552687446655
2499325834,2.8711876674606907
1433669240,2.7807712957218427
1439543862,2.7713146564262727
1433569557,2.734113435485771
1434125727,2.556395885108516
2500823070,2.3930744392851904
2501294722,2.3204147914930204
1427648915,2.2380940086287406
1879826624,2.231809720152864
1434014663,2.221869733132686
2500933944,2.157651869057977
2503113721,2.1049970510570764
1434134645,1.940968305125276
2096203500,1.874696989618993
2503221244,1.7360175718781028
2500915872,1.5306424908133363
2503135672,1.452442598683021
2091973640,1.302316726219518
1880469721,1.2175701339429417
1433622504,1.2057944849702862
2503088435,1.1880709302492718
1433166775,1.0191424485495333
2503853552,0.9952174611249448
2499538263,0.9653646313912
2500217044,0.8699423084024173
2092015890,0.8243012978585581
2500623814,0.7358585278409735
1433147017,0.7026374825633357
1434069935,0.6192641222425558
1879818481,0.5553194279075637
1879149400,0.4776925599575494
2499284581,0.3231541820065393
2503536890,0.28330055558969436
